#!ascii label  , from subject  vox2ras=TkReg
670
25432  -23.124  -57.827  -22.454 0.0000000000
25431  -22.131  -58.175  -22.668 0.0000000000
25408  -22.762  -58.467  -21.795 0.0000000000
25409  -23.744  -57.799  -21.795 0.0000000000
25433  -23.591  -57.529  -22.335 0.0000000000
26638  -22.684  -57.556  -23.004 0.0000000000
26639  -23.557  -57.046  -22.784 0.0000000000
26623  -23.847  -57.353  -22.217 0.0000000000
26624  -24.508  -57.045  -21.968 0.0000000000
25410  -24.294  -57.585  -21.515 0.0000000000
26610  -24.651  -57.509  -21.163 0.0000000000
26611  -25.247  -57.129  -21.129 0.0000000000
26625  -25.556  -56.667  -21.612 0.0000000000
26640  -24.200  -56.609  -22.656 0.0000000000
27880  -25.271  -56.290  -22.270 0.0000000000
27879  -24.631  -56.372  -22.512 0.0000000000
26612  -25.955  -56.833  -21.064 0.0000000000
26626  -26.090  -56.578  -21.436 0.0000000000
27881  -26.338  -56.356  -21.988 0.0000000000
27856  -26.529  -56.569  -21.161 0.0000000000
26637  -22.232  -57.727  -23.069 0.0000000000
26660  -22.090  -57.355  -23.420 0.0000000000
26661  -22.828  -57.000  -23.368 0.0000000000
26662  -23.219  -56.708  -23.324 0.0000000000
27905  -23.910  -56.423  -22.989 0.0000000000
27935  -23.532  -56.307  -23.398 0.0000000000
27906  -24.319  -56.114  -22.965 0.0000000000
25455  -21.990  -57.775  -23.110 0.0000000000
26659  -21.182  -57.237  -23.713 0.0000000000
25454  -21.557  -57.811  -23.223 0.0000000000
27932  -21.785  -56.842  -23.870 0.0000000000
27933  -22.379  -56.745  -23.773 0.0000000000
27934  -22.914  -56.452  -23.698 0.0000000000
27907  -24.904  -55.923  -22.827 0.0000000000
27908  -25.791  -55.902  -23.107 0.0000000000
27936  -23.954  -56.107  -23.201 0.0000000000
29258  -24.565  -55.825  -23.165 0.0000000000
29272  -24.120  -55.726  -23.577 0.0000000000
29259  -24.931  -55.699  -23.381 0.0000000000
27961  -21.188  -56.463  -24.202 0.0000000000
27962  -22.046  -56.338  -24.111 0.0000000000
27963  -22.519  -56.357  -23.957 0.0000000000
29270  -23.160  -56.150  -23.808 0.0000000000
29287  -22.709  -55.882  -24.210 0.0000000000
29271  -23.407  -55.903  -23.841 0.0000000000
26684  -20.573  -56.862  -24.019 0.0000000000
27960  -20.296  -56.383  -24.380 0.0000000000
29285  -20.728  -55.815  -24.630 0.0000000000
29286  -21.639  -55.675  -24.521 0.0000000000
29260  -25.361  -55.654  -23.768 0.0000000000
29273  -24.820  -55.498  -23.994 0.0000000000
29288  -23.482  -55.463  -24.218 0.0000000000
29289  -24.211  -55.248  -24.454 0.0000000000
29274  -25.320  -55.587  -24.274 0.0000000000
29290  -24.928  -55.407  -24.657 0.0000000000
29284  -19.876  -55.818  -24.740 0.0000000000
29305  -20.266  -55.271  -25.034 0.0000000000
29306  -21.058  -55.266  -24.876 0.0000000000
29307  -21.487  -55.248  -24.792 0.0000000000
30502  -22.154  -55.256  -24.753 0.0000000000
30501  -21.717  -55.246  -24.766 0.0000000000
30503  -22.911  -55.153  -24.684 0.0000000000
30504  -23.553  -55.048  -24.715 0.0000000000
29308  -24.545  -55.157  -25.048 0.0000000000
30518  -23.957  -54.880  -25.234 0.0000000000
29304  -19.406  -55.241  -25.106 0.0000000000
30513  -19.806  -54.647  -25.465 0.0000000000
30514  -20.665  -54.761  -25.253 0.0000000000
30515  -21.524  -54.840  -25.052 0.0000000000
30516  -22.387  -54.692  -25.213 0.0000000000
30517  -23.185  -54.757  -25.185 0.0000000000
30512  -18.885  -54.648  -25.429 0.0000000000
30530  -19.196  -54.120  -25.852 0.0000000000
30531  -19.870  -54.115  -25.855 0.0000000000
31668  -20.347  -54.332  -25.633 0.0000000000
31669  -20.976  -54.269  -25.546 0.0000000000
31670  -21.735  -54.229  -25.568 0.0000000000
31671  -22.349  -54.227  -25.721 0.0000000000
30532  -22.835  -54.441  -25.606 0.0000000000
30533  -23.436  -54.526  -25.801 0.0000000000
30519  -24.518  -54.997  -25.551 0.0000000000
30534  -24.186  -54.654  -26.024 0.0000000000
30529  -18.352  -54.175  -25.844 0.0000000000
31680  -18.695  -53.770  -26.395 0.0000000000
31681  -19.610  -53.719  -26.383 0.0000000000
31682  -20.414  -53.862  -26.030 0.0000000000
31685  -22.790  -54.137  -26.197 0.0000000000
31686  -23.693  -54.239  -26.543 0.0000000000
31683  -21.196  -53.845  -26.027 0.0000000000
31684  -21.952  -53.893  -26.188 0.0000000000
31679  -17.886  -53.956  -26.370 0.0000000000
31695  -18.264  -54.058  -26.909 0.0000000000
31696  -19.099  -53.767  -27.223 0.0000000000
31697  -19.910  -53.408  -27.012 0.0000000000
32746  -20.204  -53.502  -26.514 0.0000000000
32747  -20.746  -53.488  -26.439 0.0000000000
32748  -21.363  -53.568  -26.549 0.0000000000
32749  -21.863  -53.686  -26.726 0.0000000000
31698  -22.342  -53.845  -26.639 0.0000000000
31699  -22.932  -53.879  -26.892 0.0000000000
31687  -24.252  -54.468  -26.530 0.0000000000
31700  -23.643  -53.968  -27.383 0.0000000000
31701  -24.529  -54.400  -27.062 0.0000000000
30543  -17.964  -54.691  -27.130 0.0000000000
31694  -17.663  -54.289  -26.779 0.0000000000
30544  -18.555  -54.350  -27.224 0.0000000000
30559  -18.993  -54.514  -27.449 0.0000000000
31709  -19.440  -54.214  -27.464 0.0000000000
31710  -20.096  -54.006  -27.453 0.0000000000
32755  -20.428  -53.392  -26.836 0.0000000000
32766  -20.434  -53.447  -27.241 0.0000000000
32758  -22.205  -53.661  -27.159 0.0000000000
32759  -22.869  -53.766  -27.477 0.0000000000
32760  -23.255  -53.831  -27.782 0.0000000000
31716  -24.447  -54.171  -27.873 0.0000000000
31715  -23.650  -54.024  -28.051 0.0000000000
30560  -19.624  -54.629  -27.567 0.0000000000
30561  -20.447  -54.874  -27.543 0.0000000000
31711  -21.016  -54.239  -27.624 0.0000000000
32767  -20.915  -53.700  -27.371 0.0000000000
30562  -21.340  -54.840  -27.616 0.0000000000
31712  -21.791  -54.307  -27.767 0.0000000000
32768  -21.608  -53.869  -27.470 0.0000000000
30563  -22.087  -54.800  -27.764 0.0000000000
31713  -22.508  -54.344  -28.048 0.0000000000
32769  -22.292  -53.915  -27.681 0.0000000000
30577  -22.541  -54.733  -27.922 0.0000000000
31724  -22.727  -54.621  -28.044 0.0000000000
31725  -23.018  -54.566  -28.142 0.0000000000
31714  -23.112  -54.173  -28.142 0.0000000000
32770  -22.855  -53.923  -27.898 0.0000000000
31726  -23.543  -54.456  -28.315 0.0000000000
32771  -23.209  -53.924  -28.020 0.0000000000
31727  -24.235  -54.372  -28.389 0.0000000000
30578  -22.881  -54.855  -27.959 0.0000000000
30579  -23.406  -54.958  -28.084 0.0000000000
30580  -23.981  -54.844  -28.342 0.0000000000
32756  -20.900  -53.405  -26.944 0.0000000000
32757  -21.483  -53.534  -27.078 0.0000000000
31678  -17.313  -54.309  -26.422 0.0000000000
30528  -17.579  -54.410  -25.940 0.0000000000
29378  -23.810  -55.184  -28.140 0.0000000000
29363  -23.623  -55.611  -27.699 0.0000000000
30565  -23.047  -55.187  -27.803 0.0000000000
30564  -22.579  -55.039  -27.734 0.0000000000
29362  -22.781  -55.434  -27.509 0.0000000000
29361  -22.155  -55.248  -27.516 0.0000000000
29360  -21.754  -55.094  -27.599 0.0000000000
29339  -21.475  -55.448  -27.317 0.0000000000
30546  -20.891  -55.123  -27.428 0.0000000000
30545  -20.635  -55.137  -27.438 0.0000000000
29338  -20.599  -55.404  -27.239 0.0000000000
29359  -20.172  -55.270  -27.420 0.0000000000
29358  -19.743  -55.189  -27.530 0.0000000000
29357  -19.108  -55.036  -27.519 0.0000000000
29356  -18.755  -54.918  -27.415 0.0000000000
30558  -18.528  -54.764  -27.320 0.0000000000
29335  -18.427  -55.351  -27.342 0.0000000000
30511  -18.033  -54.719  -25.458 0.0000000000
30527  -16.851  -54.805  -26.152 0.0000000000
30510  -17.258  -54.905  -25.573 0.0000000000
29303  -18.545  -55.242  -25.126 0.0000000000
29302  -17.696  -55.294  -25.139 0.0000000000
30509  -16.842  -55.049  -25.687 0.0000000000
29301  -16.762  -55.569  -25.279 0.0000000000
29341  -23.008  -55.867  -27.179 0.0000000000
29340  -22.297  -55.690  -27.144 0.0000000000
29337  -19.922  -55.571  -27.196 0.0000000000
29336  -19.241  -55.566  -27.276 0.0000000000
28021  -22.555  -56.296  -26.713 0.0000000000
28022  -23.332  -56.356  -26.897 0.0000000000
29342  -23.424  -55.975  -27.242 0.0000000000
28020  -21.798  -56.065  -26.812 0.0000000000
28019  -21.046  -55.982  -26.833 0.0000000000
28018  -20.295  -56.023  -26.836 0.0000000000
28017  -19.553  -56.066  -26.849 0.0000000000
29283  -19.035  -55.769  -24.741 0.0000000000
29282  -18.213  -55.797  -24.830 0.0000000000
29281  -17.443  -55.823  -24.891 0.0000000000
27959  -19.478  -56.338  -24.413 0.0000000000
27958  -18.662  -56.309  -24.439 0.0000000000
27957  -17.858  -56.299  -24.522 0.0000000000
29280  -17.089  -55.871  -24.970 0.0000000000
27956  -17.046  -56.228  -24.694 0.0000000000
26724  -22.980  -56.890  -26.491 0.0000000000
26714  -22.406  -56.882  -26.343 0.0000000000
27999  -22.002  -56.540  -26.485 0.0000000000
27998  -21.422  -56.524  -26.474 0.0000000000
27997  -20.716  -56.532  -26.429 0.0000000000
27996  -19.967  -56.585  -26.431 0.0000000000
26713  -21.818  -57.015  -26.305 0.0000000000
26712  -21.150  -57.103  -26.255 0.0000000000
26711  -20.424  -57.172  -26.211 0.0000000000
26683  -19.875  -56.871  -24.072 0.0000000000
26682  -19.081  -56.861  -24.097 0.0000000000
26681  -18.272  -56.842  -24.122 0.0000000000
26680  -17.475  -56.826  -24.176 0.0000000000
25518  -23.006  -57.641  -26.611 0.0000000000
25502  -22.688  -57.230  -26.389 0.0000000000
26725  -23.630  -57.012  -26.754 0.0000000000
25501  -22.291  -57.424  -26.327 0.0000000000
25500  -21.617  -57.605  -26.271 0.0000000000
25499  -20.885  -57.757  -26.305 0.0000000000
26658  -20.296  -57.335  -23.693 0.0000000000
26657  -19.486  -57.337  -23.678 0.0000000000
26656  -18.668  -57.339  -23.686 0.0000000000
26655  -17.839  -57.318  -23.686 0.0000000000
25453  -20.733  -57.833  -23.317 0.0000000000
25452  -19.894  -57.833  -23.296 0.0000000000
25451  -19.066  -57.838  -23.274 0.0000000000
25450  -18.225  -57.828  -23.236 0.0000000000
26596  -25.741  -57.065  -20.490 0.0000000000
27831  -26.447  -56.729  -20.519 0.0000000000
26595  -24.976  -57.493  -20.453 0.0000000000
25393  -24.196  -57.877  -21.087 0.0000000000
26594  -24.560  -57.740  -20.772 0.0000000000
26584  -25.508  -57.192  -19.958 0.0000000000
27809  -26.177  -56.745  -19.834 0.0000000000
25371  -24.718  -57.681  -20.095 0.0000000000
26583  -24.841  -57.339  -19.642 0.0000000000
25370  -24.308  -57.907  -20.362 0.0000000000
27808  -25.566  -56.859  -19.503 0.0000000000
25355  -24.543  -57.738  -19.944 0.0000000000
25354  -24.186  -57.804  -19.724 0.0000000000
26582  -24.133  -57.450  -19.219 0.0000000000
26572  -24.538  -56.975  -19.045 0.0000000000
27789  -25.192  -56.516  -19.005 0.0000000000
25353  -23.473  -57.943  -19.277 0.0000000000
26581  -23.668  -57.459  -18.932 0.0000000000
26571  -23.989  -57.009  -18.818 0.0000000000
25338  -23.342  -57.619  -18.858 0.0000000000
26570  -23.344  -57.167  -18.608 0.0000000000
27788  -24.428  -56.401  -18.728 0.0000000000
27787  -23.750  -56.489  -18.549 0.0000000000
25337  -22.821  -57.770  -18.780 0.0000000000
26569  -22.856  -57.262  -18.519 0.0000000000
26560  -22.972  -56.913  -18.416 0.0000000000
27769  -23.262  -56.621  -18.409 0.0000000000
25319  -22.622  -57.395  -18.524 0.0000000000
26559  -22.529  -56.996  -18.391 0.0000000000
27768  -22.849  -56.425  -18.333 0.0000000000
25318  -22.249  -57.514  -18.482 0.0000000000
26558  -21.863  -57.032  -18.295 0.0000000000
27767  -22.237  -56.333  -18.264 0.0000000000
25317  -21.538  -57.793  -18.383 0.0000000000
26557  -21.105  -57.124  -18.148 0.0000000000
27766  -21.501  -56.372  -18.190 0.0000000000
25316  -20.704  -57.849  -18.138 0.0000000000
26556  -20.296  -57.204  -17.944 0.0000000000
27765  -20.722  -56.458  -18.073 0.0000000000
25315  -19.927  -57.914  -17.862 0.0000000000
26555  -19.376  -57.347  -17.740 0.0000000000
27764  -19.901  -56.524  -17.958 0.0000000000
25298  -19.378  -57.933  -17.708 0.0000000000
26540  -19.116  -57.802  -17.669 0.0000000000
26539  -18.747  -57.757  -17.630 0.0000000000
26554  -18.549  -57.162  -17.712 0.0000000000
27763  -19.063  -56.529  -17.891 0.0000000000
26538  -18.095  -57.754  -17.572 0.0000000000
26553  -17.792  -57.139  -17.739 0.0000000000
27762  -18.259  -56.492  -17.916 0.0000000000
25297  -18.994  -58.174  -17.602 0.0000000000
25296  -18.409  -58.302  -17.493 0.0000000000
24307  -23.451  -58.159  -27.115 0.0000000000
24306  -22.649  -58.344  -26.994 0.0000000000
25517  -22.124  -57.958  -26.592 0.0000000000
25519  -23.964  -57.696  -27.013 0.0000000000
24305  -21.776  -58.440  -27.019 0.0000000000
25516  -21.360  -58.087  -26.588 0.0000000000
24304  -20.826  -58.486  -26.949 0.0000000000
25515  -20.911  -58.150  -26.544 0.0000000000
25430  -21.146  -58.255  -22.810 0.0000000000
25429  -20.296  -58.254  -22.826 0.0000000000
25428  -19.471  -58.236  -22.782 0.0000000000
25427  -18.639  -58.221  -22.706 0.0000000000
24227  -21.925  -58.578  -22.229 0.0000000000
25407  -22.190  -58.552  -22.130 0.0000000000
24226  -21.468  -58.636  -22.304 0.0000000000
24225  -20.666  -58.659  -22.340 0.0000000000
24224  -19.857  -58.672  -22.334 0.0000000000
24223  -19.060  -58.615  -22.223 0.0000000000
25392  -23.456  -58.460  -20.839 0.0000000000
24208  -22.438  -58.845  -21.265 0.0000000000
25391  -22.842  -58.680  -21.159 0.0000000000
24207  -21.885  -58.852  -21.722 0.0000000000
24187  -23.015  -58.677  -20.410 0.0000000000
24160  -23.210  -58.535  -20.055 0.0000000000
25369  -23.699  -58.224  -19.973 0.0000000000
24186  -22.664  -58.841  -20.688 0.0000000000
24145  -23.323  -58.290  -19.688 0.0000000000
24144  -22.887  -58.402  -19.455 0.0000000000
25352  -22.997  -58.086  -19.131 0.0000000000
24131  -22.772  -58.159  -19.082 0.0000000000
24130  -22.401  -58.325  -19.009 0.0000000000
25336  -22.061  -58.022  -18.666 0.0000000000
24129  -21.655  -58.545  -18.800 0.0000000000
25335  -21.699  -58.157  -18.574 0.0000000000
24113  -21.480  -58.229  -18.516 0.0000000000
24112  -21.105  -58.337  -18.416 0.0000000000
24111  -20.232  -58.674  -18.255 0.0000000000
24094  -19.479  -58.427  -17.782 0.0000000000
24093  -18.815  -58.826  -17.672 0.0000000000
24321  -23.125  -58.565  -27.586 0.0000000000
24322  -24.001  -58.365  -27.550 0.0000000000
24308  -23.857  -58.082  -27.217 0.0000000000
24320  -22.263  -58.645  -27.621 0.0000000000
24319  -21.380  -58.668  -27.680 0.0000000000
24206  -21.003  -58.966  -21.787 0.0000000000
24205  -20.215  -59.021  -21.822 0.0000000000
24204  -19.452  -58.995  -21.766 0.0000000000
24222  -18.229  -58.697  -22.136 0.0000000000
24203  -18.707  -58.990  -21.652 0.0000000000
24185  -21.944  -59.162  -20.859 0.0000000000
24184  -21.256  -59.247  -21.184 0.0000000000
24183  -20.525  -59.317  -21.272 0.0000000000
24182  -19.791  -59.344  -21.281 0.0000000000
24181  -19.091  -59.326  -21.232 0.0000000000
24202  -17.952  -59.258  -21.552 0.0000000000
24180  -18.491  -59.381  -21.195 0.0000000000
24159  -22.692  -58.771  -20.042 0.0000000000
24158  -22.161  -59.042  -20.187 0.0000000000
23018  -21.348  -59.402  -20.621 0.0000000000
22996  -21.647  -59.310  -20.190 0.0000000000
23017  -20.781  -59.514  -20.688 0.0000000000
23016  -20.087  -59.559  -20.710 0.0000000000
23015  -19.387  -59.583  -20.705 0.0000000000
23014  -18.731  -59.673  -20.756 0.0000000000
23013  -18.031  -59.871  -20.918 0.0000000000
24143  -22.096  -58.829  -19.493 0.0000000000
22979  -21.834  -59.124  -19.848 0.0000000000
22978  -21.388  -59.185  -19.539 0.0000000000
24142  -21.614  -58.894  -19.207 0.0000000000
22966  -21.297  -58.932  -19.038 0.0000000000
24128  -20.950  -58.783  -18.690 0.0000000000
22965  -20.854  -59.165  -19.013 0.0000000000
24127  -20.553  -58.989  -18.690 0.0000000000
22964  -20.170  -59.289  -18.858 0.0000000000
22952  -19.595  -59.215  -18.408 0.0000000000
24110  -19.394  -58.935  -18.030 0.0000000000
22995  -21.048  -59.498  -20.104 0.0000000000
22994  -20.366  -59.642  -20.103 0.0000000000
22993  -19.665  -59.739  -20.113 0.0000000000
22992  -18.970  -59.948  -20.146 0.0000000000
22991  -18.465  -60.090  -20.421 0.0000000000
22977  -20.642  -59.475  -19.495 0.0000000000
22976  -19.912  -59.649  -19.475 0.0000000000
22975  -19.240  -59.906  -19.496 0.0000000000
21921  -18.560  -60.378  -20.020 0.0000000000
21910  -18.763  -60.323  -19.529 0.0000000000
22963  -19.340  -59.664  -18.821 0.0000000000
21900  -18.837  -60.180  -18.910 0.0000000000
25525  -24.086  -58.036  -27.267 0.0000000000
24335  -21.878  -58.770  -28.317 0.0000000000
24336  -22.731  -58.743  -28.250 0.0000000000
24337  -23.577  -58.714  -28.225 0.0000000000
24353  -22.362  -58.895  -28.882 0.0000000000
24354  -23.156  -58.870  -28.871 0.0000000000
24338  -24.452  -58.730  -28.251 0.0000000000
24355  -23.978  -58.906  -28.904 0.0000000000
24368  -22.763  -59.083  -29.412 0.0000000000
24369  -23.514  -59.088  -29.469 0.0000000000
24356  -24.907  -59.098  -29.003 0.0000000000
24370  -24.253  -59.165  -29.495 0.0000000000
23236  -23.161  -59.712  -29.300 0.0000000000
23235  -22.369  -59.529  -29.310 0.0000000000
24367  -22.108  -59.113  -29.354 0.0000000000
23237  -23.946  -59.632  -29.616 0.0000000000
23238  -24.913  -59.679  -29.884 0.0000000000
27761  -17.445  -56.401  -18.073 0.0000000000
29111  -17.998  -55.926  -18.188 0.0000000000
29112  -18.751  -55.890  -18.160 0.0000000000
29113  -19.555  -55.860  -18.182 0.0000000000
29114  -20.364  -55.802  -18.194 0.0000000000
29115  -21.148  -55.728  -18.214 0.0000000000
29116  -21.934  -55.535  -18.279 0.0000000000
29117  -22.714  -55.593  -18.343 0.0000000000
29118  -23.354  -56.026  -18.381 0.0000000000
29153  -24.071  -55.652  -18.544 0.0000000000
29154  -24.960  -55.675  -18.645 0.0000000000
29155  -25.797  -55.692  -18.766 0.0000000000
27790  -26.036  -56.343  -19.181 0.0000000000
29156  -26.621  -55.682  -18.954 0.0000000000
27791  -26.686  -56.211  -19.427 0.0000000000
27810  -27.018  -56.363  -19.965 0.0000000000
29157  -27.477  -55.732  -19.382 0.0000000000
29182  -27.553  -56.097  -19.883 0.0000000000
27832  -27.107  -56.468  -20.651 0.0000000000
27811  -27.541  -56.261  -20.237 0.0000000000
29110  -17.641  -55.955  -18.222 0.0000000000
29145  -17.527  -55.623  -18.551 0.0000000000
29146  -18.425  -55.394  -18.543 0.0000000000
29147  -19.230  -55.304  -18.537 0.0000000000
29148  -20.028  -55.196  -18.522 0.0000000000
29149  -20.819  -55.121  -18.456 0.0000000000
29150  -21.539  -55.131  -18.382 0.0000000000
29151  -21.869  -55.140  -18.351 0.0000000000
30383  -22.332  -55.236  -18.322 0.0000000000
30405  -22.131  -54.787  -18.514 0.0000000000
30384  -22.550  -55.082  -18.398 0.0000000000
29152  -23.405  -55.360  -18.497 0.0000000000
30406  -23.007  -54.754  -18.573 0.0000000000
27786  -16.864  -56.112  -18.339 0.0000000000
29144  -16.710  -55.706  -18.738 0.0000000000
29181  -17.072  -55.311  -19.012 0.0000000000
30400  -18.143  -54.958  -19.029 0.0000000000
30399  -17.531  -55.058  -19.098 0.0000000000
30401  -18.936  -54.838  -19.002 0.0000000000
30402  -19.703  -54.771  -18.966 0.0000000000
30403  -20.517  -54.477  -19.010 0.0000000000
30404  -21.348  -54.567  -18.730 0.0000000000
30407  -23.880  -54.759  -18.599 0.0000000000
30408  -24.697  -54.840  -18.559 0.0000000000
30409  -25.535  -54.890  -18.527 0.0000000000
30410  -26.377  -54.926  -18.607 0.0000000000
30411  -27.235  -54.970  -18.748 0.0000000000
29180  -16.507  -55.328  -19.209 0.0000000000
30428  -17.110  -54.884  -19.518 0.0000000000
30429  -17.858  -54.700  -19.543 0.0000000000
30430  -18.655  -54.468  -19.720 0.0000000000
30431  -19.503  -54.427  -19.459 0.0000000000
30432  -20.001  -54.419  -19.289 0.0000000000
31561  -21.220  -53.974  -19.175 0.0000000000
31560  -20.797  -53.976  -19.415 0.0000000000
31582  -20.263  -53.979  -19.700 0.0000000000
31562  -21.876  -53.989  -18.954 0.0000000000
31563  -22.741  -53.772  -18.932 0.0000000000
31564  -23.629  -53.927  -18.758 0.0000000000
31565  -24.452  -54.005  -18.599 0.0000000000
31566  -25.263  -54.062  -18.467 0.0000000000
31567  -26.097  -54.109  -18.412 0.0000000000
31568  -26.947  -54.142  -18.519 0.0000000000
30412  -28.028  -54.903  -19.005 0.0000000000
31569  -27.771  -54.156  -18.739 0.0000000000
30427  -16.349  -54.926  -19.726 0.0000000000
30448  -16.863  -54.482  -20.089 0.0000000000
30449  -17.605  -54.433  -19.994 0.0000000000
30450  -18.109  -54.448  -19.937 0.0000000000
31581  -19.426  -54.027  -20.035 0.0000000000
31580  -18.905  -54.067  -20.232 0.0000000000
31602  -18.295  -54.052  -20.400 0.0000000000
30447  -16.121  -54.496  -20.212 0.0000000000
31600  -16.580  -54.005  -20.493 0.0000000000
31601  -17.384  -54.009  -20.453 0.0000000000
31583  -21.177  -53.484  -19.773 0.0000000000
31584  -21.682  -53.558  -19.376 0.0000000000
31585  -22.188  -53.457  -19.268 0.0000000000
32642  -23.438  -53.049  -18.998 0.0000000000
32641  -22.983  -53.200  -19.111 0.0000000000
32656  -22.676  -53.032  -19.325 0.0000000000
32643  -24.216  -53.190  -18.693 0.0000000000
32644  -24.981  -53.249  -18.435 0.0000000000
32645  -25.802  -53.284  -18.342 0.0000000000
32646  -26.650  -53.309  -18.384 0.0000000000
32647  -27.492  -53.322  -18.594 0.0000000000
31570  -28.473  -54.180  -19.059 0.0000000000
32648  -28.325  -53.344  -18.941 0.0000000000
31603  -19.213  -53.642  -20.722 0.0000000000
31604  -20.006  -53.606  -20.404 0.0000000000
31605  -20.651  -53.427  -20.220 0.0000000000
32655  -21.958  -52.948  -19.757 0.0000000000
32654  -21.472  -53.135  -19.901 0.0000000000
32671  -21.212  -52.806  -20.387 0.0000000000
31599  -15.809  -54.060  -20.597 0.0000000000
31619  -16.228  -53.530  -20.858 0.0000000000
31620  -17.069  -53.509  -20.826 0.0000000000
31621  -17.860  -53.556  -20.889 0.0000000000
31622  -18.578  -53.477  -20.971 0.0000000000
31623  -19.008  -53.278  -21.079 0.0000000000
32669  -19.880  -53.211  -20.871 0.0000000000
32689  -19.428  -52.863  -21.297 0.0000000000
32670  -20.460  -53.068  -20.659 0.0000000000
32685  -16.766  -53.047  -21.215 0.0000000000
32686  -17.538  -53.070  -21.237 0.0000000000
32687  -18.257  -53.078  -21.269 0.0000000000
32688  -18.805  -53.070  -21.246 0.0000000000
32657  -23.057  -52.941  -19.164 0.0000000000
33719  -24.043  -52.444  -18.808 0.0000000000
33718  -23.592  -52.368  -19.047 0.0000000000
33732  -23.148  -52.508  -19.292 0.0000000000
33720  -24.707  -52.467  -18.507 0.0000000000
33721  -25.496  -52.479  -18.358 0.0000000000
33722  -26.338  -52.483  -18.379 0.0000000000
33723  -27.176  -52.505  -18.501 0.0000000000
33724  -27.980  -52.470  -18.859 0.0000000000
32672  -21.638  -52.773  -20.097 0.0000000000
33731  -22.610  -52.383  -19.704 0.0000000000
33730  -22.209  -52.448  -19.949 0.0000000000
33741  -21.881  -52.319  -20.273 0.0000000000
32690  -20.204  -52.717  -21.116 0.0000000000
32691  -20.736  -52.554  -20.875 0.0000000000
33740  -21.489  -52.307  -20.541 0.0000000000
33756  -21.211  -52.109  -20.860 0.0000000000
32684  -16.020  -53.112  -21.316 0.0000000000
32701  -16.459  -52.621  -21.639 0.0000000000
32702  -17.235  -52.598  -21.571 0.0000000000
32703  -17.971  -52.585  -21.590 0.0000000000
32704  -18.740  -52.603  -21.567 0.0000000000
32705  -19.240  -52.454  -21.634 0.0000000000
33754  -20.012  -52.371  -21.429 0.0000000000
33769  -19.678  -52.136  -21.686 0.0000000000
33755  -20.558  -52.029  -21.324 0.0000000000
32700  -15.494  -52.735  -21.915 0.0000000000
33764  -16.285  -52.222  -22.058 0.0000000000
33765  -16.965  -52.207  -21.964 0.0000000000
33766  -17.644  -52.189  -21.949 0.0000000000
33767  -18.365  -51.968  -22.023 0.0000000000
33768  -19.100  -52.111  -21.901 0.0000000000
34812  -25.187  -51.736  -18.526 0.0000000000
34813  -25.995  -51.710  -18.476 0.0000000000
34814  -26.880  -51.662  -18.613 0.0000000000
34815  -27.553  -51.868  -18.791 0.0000000000
33742  -22.355  -52.119  -20.032 0.0000000000
33757  -21.648  -51.867  -20.714 0.0000000000
34833  -22.331  -51.599  -20.262 0.0000000000
34832  -21.912  -51.739  -20.555 0.0000000000
33770  -20.118  -51.983  -21.553 0.0000000000
34845  -21.160  -51.473  -21.320 0.0000000000
34844  -20.722  -51.546  -21.556 0.0000000000
34856  -20.284  -51.446  -21.893 0.0000000000
34846  -21.644  -51.564  -20.901 0.0000000000
33779  -15.835  -51.887  -22.604 0.0000000000
33780  -16.707  -51.793  -22.338 0.0000000000
33781  -17.418  -51.833  -22.309 0.0000000000
33782  -17.873  -51.853  -22.232 0.0000000000
34854  -18.988  -51.667  -22.269 0.0000000000
34853  -18.573  -51.601  -22.424 0.0000000000
34868  -18.063  -51.424  -22.717 0.0000000000
34855  -19.558  -51.664  -22.078 0.0000000000
32716  -15.343  -52.333  -22.453 0.0000000000
33778  -15.191  -52.151  -22.803 0.0000000000
33794  -15.413  -51.827  -23.015 0.0000000000
34866  -16.551  -51.441  -22.775 0.0000000000
34865  -16.098  -51.435  -22.977 0.0000000000
34885  -15.647  -51.387  -23.423 0.0000000000
34867  -17.225  -51.480  -22.694 0.0000000000
36009  -22.046  -51.207  -20.682 0.0000000000
34857  -20.872  -51.229  -21.683 0.0000000000
36029  -21.798  -50.791  -21.242 0.0000000000
36028  -21.243  -50.969  -21.595 0.0000000000
34869  -18.865  -51.307  -22.679 0.0000000000
34870  -19.451  -51.280  -22.470 0.0000000000
34871  -19.835  -51.305  -22.229 0.0000000000
36044  -20.938  -50.710  -22.049 0.0000000000
36043  -20.449  -50.923  -22.200 0.0000000000
36062  -20.062  -50.877  -22.527 0.0000000000
34886  -16.418  -51.119  -23.189 0.0000000000
34887  -17.071  -51.111  -23.044 0.0000000000
34888  -17.530  -51.235  -22.972 0.0000000000
36060  -18.706  -50.936  -23.085 0.0000000000
36059  -18.277  -50.945  -23.184 0.0000000000
36089  -17.755  -50.853  -23.363 0.0000000000
36061  -19.361  -50.809  -22.981 0.0000000000
36045  -21.438  -50.652  -21.693 0.0000000000
36063  -20.518  -50.690  -22.363 0.0000000000
22122  -25.253  -60.639  -29.701 0.0000000000
22121  -24.318  -60.179  -29.396 0.0000000000
23249  -25.236  -60.169  -30.087 0.0000000000
23223  -25.569  -59.370  -29.416 0.0000000000
23239  -25.873  -59.644  -29.961 0.0000000000
23250  -25.507  -60.017  -30.393 0.0000000000
22120  -23.714  -59.972  -29.370 0.0000000000
21060  -25.482  -61.202  -29.290 0.0000000000
22114  -25.154  -61.020  -29.106 0.0000000000
21061  -25.956  -61.352  -29.693 0.0000000000
22123  -25.775  -60.947  -30.009 0.0000000000
22113  -24.620  -60.807  -28.665 0.0000000000
22130  -25.908  -60.636  -30.361 0.0000000000
22129  -25.458  -60.351  -30.164 0.0000000000
22112  -23.539  -60.236  -28.849 0.0000000000
21054  -25.318  -61.428  -28.710 0.0000000000
21053  -24.940  -61.165  -28.503 0.0000000000
21044  -24.845  -61.331  -28.153 0.0000000000
22101  -24.293  -61.107  -27.742 0.0000000000
22100  -23.683  -60.618  -27.968 0.0000000000
19958  -26.405  -61.797  -29.828 0.0000000000
19953  -26.323  -62.193  -29.356 0.0000000000
21055  -25.806  -61.573  -29.179 0.0000000000
21062  -26.382  -61.550  -30.092 0.0000000000
21067  -26.092  -61.161  -30.164 0.0000000000
19952  -25.815  -61.861  -28.958 0.0000000000
19942  -25.765  -62.324  -28.644 0.0000000000
21045  -25.160  -61.922  -28.095 0.0000000000
19930  -25.292  -62.574  -28.089 0.0000000000
21033  -24.992  -62.234  -27.776 0.0000000000
21032  -24.511  -61.848  -27.393 0.0000000000
19929  -24.899  -62.691  -27.621 0.0000000000
19959  -26.925  -62.158  -30.194 0.0000000000
18830  -26.438  -63.008  -29.169 0.0000000000
19943  -26.152  -62.641  -28.996 0.0000000000
18831  -26.825  -62.918  -29.471 0.0000000000
19954  -26.832  -62.523  -29.693 0.0000000000
18820  -26.058  -63.060  -28.829 0.0000000000
18819  -25.676  -63.102  -28.407 0.0000000000
18806  -25.250  -63.255  -27.983 0.0000000000
17683  -26.915  -63.556  -29.264 0.0000000000
17693  -27.204  -63.313  -29.565 0.0000000000
18834  -27.154  -62.865  -29.826 0.0000000000
17682  -26.405  -63.597  -28.982 0.0000000000
17667  -26.025  -63.648  -28.622 0.0000000000
17666  -25.624  -63.765  -28.266 0.0000000000
17648  -25.199  -63.947  -27.891 0.0000000000
18805  -24.801  -63.457  -27.560 0.0000000000
17684  -27.544  -63.645  -29.285 0.0000000000
17694  -27.629  -63.344  -29.815 0.0000000000
17668  -27.594  -63.703  -28.647 0.0000000000
16572  -27.287  -64.013  -29.058 0.0000000000
17669  -27.872  -63.410  -28.974 0.0000000000
17685  -28.115  -63.492  -29.409 0.0000000000
16571  -26.793  -64.057  -28.931 0.0000000000
16570  -26.369  -64.027  -28.731 0.0000000000
16558  -26.102  -64.211  -28.325 0.0000000000
16557  -25.622  -64.284  -28.047 0.0000000000
16542  -25.264  -64.597  -27.648 0.0000000000
17647  -24.761  -64.188  -27.521 0.0000000000
16560  -27.213  -64.270  -28.575 0.0000000000
16559  -26.660  -64.277  -28.484 0.0000000000
16545  -26.931  -64.241  -28.154 0.0000000000
17651  -27.248  -63.832  -28.090 0.0000000000
16544  -26.527  -64.413  -28.009 0.0000000000
16543  -25.981  -64.525  -27.696 0.0000000000
17650  -26.761  -64.001  -27.696 0.0000000000
17649  -26.416  -64.306  -27.610 0.0000000000
16524  -25.872  -64.813  -27.111 0.0000000000
15440  -25.572  -64.963  -27.427 0.0000000000
17627  -26.181  -63.979  -27.129 0.0000000000
15439  -25.030  -65.118  -27.177 0.0000000000
16541  -24.706  -64.773  -27.310 0.0000000000
15438  -24.607  -65.113  -27.062 0.0000000000
16522  -24.231  -64.951  -26.949 0.0000000000
17625  -24.397  -64.422  -27.187 0.0000000000
16523  -25.476  -65.019  -26.682 0.0000000000
15420  -25.454  -65.141  -27.046 0.0000000000
17626  -25.699  -64.531  -26.680 0.0000000000
16504  -25.245  -64.792  -26.158 0.0000000000
15392  -25.212  -65.209  -26.413 0.0000000000
15419  -25.088  -65.270  -26.705 0.0000000000
16503  -24.818  -65.071  -25.807 0.0000000000
15391  -24.807  -65.439  -26.135 0.0000000000
16486  -25.176  -64.263  -25.926 0.0000000000
16485  -24.759  -64.544  -25.507 0.0000000000
17608  -25.536  -63.892  -26.361 0.0000000000
15370  -24.385  -65.328  -25.466 0.0000000000
15418  -24.463  -65.431  -26.675 0.0000000000
14311  -24.372  -65.638  -25.839 0.0000000000
14335  -24.270  -65.709  -26.153 0.0000000000
17609  -25.914  -63.536  -26.693 0.0000000000
18786  -26.154  -63.134  -26.826 0.0000000000
17628  -26.635  -63.623  -27.430 0.0000000000
18787  -26.547  -63.175  -27.222 0.0000000000
17695  -28.160  -63.585  -29.988 0.0000000000
18835  -27.468  -62.859  -30.214 0.0000000000
17700  -27.815  -63.295  -30.281 0.0000000000
17701  -28.237  -63.439  -30.594 0.0000000000
18839  -27.754  -62.915  -30.649 0.0000000000
19960  -27.446  -62.539  -30.532 0.0000000000
18840  -28.113  -62.931  -31.038 0.0000000000
19966  -27.655  -62.184  -31.031 0.0000000000
19965  -27.037  -61.766  -30.757 0.0000000000
21068  -26.569  -61.321  -30.540 0.0000000000
21069  -27.161  -61.333  -31.078 0.0000000000
19967  -28.183  -62.570  -31.276 0.0000000000
19973  -28.480  -62.196  -31.543 0.0000000000
19972  -28.025  -61.820  -31.402 0.0000000000
21075  -27.758  -61.420  -31.369 0.0000000000
21076  -28.257  -61.475  -31.539 0.0000000000
22131  -26.692  -60.624  -30.892 0.0000000000
22132  -27.639  -60.623  -31.251 0.0000000000
22141  -28.006  -61.083  -31.486 0.0000000000
23251  -26.269  -60.009  -30.503 0.0000000000
23252  -27.137  -60.038  -30.598 0.0000000000
