#!ascii label  , from subject  vox2ras=TkReg
725
29386  -31.684  -56.403  -28.185 0.0000000000
29385  -31.092  -56.335  -28.000 0.0000000000
28054  -31.836  -56.427  -27.742 0.0000000000
28066  -32.060  -56.450  -28.195 0.0000000000
29401  -31.778  -56.306  -28.775 0.0000000000
28067  -32.546  -56.468  -28.433 0.0000000000
29402  -32.649  -56.354  -29.108 0.0000000000
29400  -30.886  -55.879  -28.927 0.0000000000
29418  -31.384  -55.882  -29.397 0.0000000000
29419  -32.099  -55.997  -29.747 0.0000000000
28068  -33.224  -56.483  -28.691 0.0000000000
29403  -33.122  -56.395  -29.187 0.0000000000
29420  -33.167  -56.222  -29.734 0.0000000000
28079  -33.460  -56.418  -29.179 0.0000000000
29417  -31.071  -55.755  -29.339 0.0000000000
30620  -30.946  -55.631  -29.738 0.0000000000
30621  -31.519  -55.761  -29.893 0.0000000000
30622  -31.806  -55.759  -30.068 0.0000000000
29438  -32.688  -55.846  -30.471 0.0000000000
29437  -31.841  -55.763  -30.562 0.0000000000
28080  -33.912  -56.365  -29.432 0.0000000000
29421  -33.987  -56.156  -30.062 0.0000000000
29439  -33.504  -55.937  -30.550 0.0000000000
28081  -34.428  -56.282  -29.673 0.0000000000
29422  -34.678  -56.047  -30.158 0.0000000000
29440  -34.271  -55.910  -30.703 0.0000000000
29404  -34.987  -56.186  -29.563 0.0000000000
29423  -35.370  -55.908  -30.087 0.0000000000
29441  -35.043  -55.767  -30.756 0.0000000000
29405  -35.629  -56.031  -29.367 0.0000000000
29424  -35.984  -55.840  -29.933 0.0000000000
29442  -35.938  -55.653  -30.696 0.0000000000
29406  -36.322  -55.754  -29.315 0.0000000000
29425  -36.609  -55.615  -30.115 0.0000000000
29407  -37.041  -55.417  -29.465 0.0000000000
30623  -37.465  -55.271  -30.297 0.0000000000
29443  -36.831  -55.506  -30.905 0.0000000000
30637  -31.609  -55.698  -30.193 0.0000000000
29446  -31.781  -56.446  -30.956 0.0000000000
29436  -31.148  -56.303  -30.703 0.0000000000
29447  -32.395  -56.285  -30.996 0.0000000000
30636  -31.268  -55.701  -30.297 0.0000000000
29448  -33.136  -56.218  -31.045 0.0000000000
29449  -33.863  -56.025  -31.263 0.0000000000
29450  -34.660  -55.924  -31.386 0.0000000000
29451  -35.514  -55.864  -31.449 0.0000000000
29452  -36.394  -55.795  -31.543 0.0000000000
30638  -37.487  -55.282  -31.142 0.0000000000
29453  -37.183  -55.643  -31.547 0.0000000000
28098  -32.179  -56.966  -31.195 0.0000000000
28092  -31.486  -57.052  -30.972 0.0000000000
28099  -32.895  -56.836  -31.305 0.0000000000
28100  -33.621  -56.694  -31.467 0.0000000000
28101  -34.389  -56.589  -31.588 0.0000000000
28102  -35.187  -56.521  -31.657 0.0000000000
28103  -36.104  -56.549  -31.811 0.0000000000
28104  -36.582  -56.253  -31.796 0.0000000000
29461  -36.903  -56.066  -31.798 0.0000000000
28110  -36.988  -56.704  -31.932 0.0000000000
29462  -37.462  -56.124  -31.907 0.0000000000
30602  -30.853  -55.674  -29.321 0.0000000000
30619  -30.136  -55.638  -29.987 0.0000000000
30601  -30.460  -55.532  -29.304 0.0000000000
30635  -30.691  -55.864  -30.358 0.0000000000
29435  -30.474  -56.454  -30.456 0.0000000000
30634  -30.246  -56.022  -30.395 0.0000000000
29434  -29.958  -56.399  -30.272 0.0000000000
29416  -29.967  -55.978  -30.310 0.0000000000
29415  -29.547  -56.073  -30.190 0.0000000000
30618  -29.287  -55.457  -29.855 0.0000000000
30600  -29.753  -55.307  -29.368 0.0000000000
29414  -28.783  -55.958  -29.929 0.0000000000
30617  -28.456  -55.268  -29.765 0.0000000000
30599  -28.930  -55.103  -29.252 0.0000000000
29413  -27.937  -55.723  -29.620 0.0000000000
30616  -27.846  -55.170  -29.703 0.0000000000
30598  -27.930  -54.960  -29.191 0.0000000000
29412  -27.555  -55.354  -29.650 0.0000000000
30615  -27.417  -55.094  -29.471 0.0000000000
29397  -27.127  -55.579  -29.404 0.0000000000
30597  -26.742  -54.783  -29.026 0.0000000000
30587  -30.045  -55.480  -28.922 0.0000000000
29399  -30.396  -55.629  -28.865 0.0000000000
30586  -29.438  -55.334  -28.720 0.0000000000
30585  -28.519  -55.220  -28.381 0.0000000000
30584  -27.497  -54.901  -28.453 0.0000000000
29396  -26.108  -55.464  -29.053 0.0000000000
30596  -25.853  -54.836  -29.086 0.0000000000
30583  -26.681  -54.680  -28.265 0.0000000000
31730  -26.447  -54.537  -28.617 0.0000000000
31742  -26.279  -54.472  -28.750 0.0000000000
31741  -25.933  -54.486  -28.829 0.0000000000
29395  -25.596  -55.168  -28.963 0.0000000000
30595  -25.296  -54.873  -28.875 0.0000000000
31740  -25.547  -54.596  -28.879 0.0000000000
29380  -25.215  -55.552  -28.545 0.0000000000
30581  -24.657  -54.874  -28.627 0.0000000000
31728  -25.172  -54.422  -28.501 0.0000000000
29384  -30.112  -55.787  -28.344 0.0000000000
29383  -29.148  -55.562  -28.082 0.0000000000
30570  -27.852  -55.203  -27.896 0.0000000000
29368  -28.518  -55.740  -27.442 0.0000000000
29382  -28.738  -55.463  -27.966 0.0000000000
30569  -27.180  -55.024  -27.845 0.0000000000
30582  -26.210  -54.616  -27.911 0.0000000000
30568  -26.552  -54.948  -27.583 0.0000000000
31729  -25.991  -54.497  -28.325 0.0000000000
30567  -25.876  -54.785  -27.529 0.0000000000
31718  -25.850  -54.572  -27.883 0.0000000000
29379  -24.286  -55.318  -28.276 0.0000000000
30580  -23.981  -54.844  -28.342 0.0000000000
31727  -24.235  -54.372  -28.389 0.0000000000
29367  -27.474  -55.447  -27.386 0.0000000000
29366  -26.972  -55.236  -27.462 0.0000000000
30550  -26.143  -55.119  -27.182 0.0000000000
29345  -26.701  -55.520  -26.948 0.0000000000
30566  -25.417  -54.742  -27.261 0.0000000000
30549  -25.666  -55.007  -27.047 0.0000000000
31717  -25.298  -54.518  -27.720 0.0000000000
30548  -25.143  -54.847  -26.761 0.0000000000
31702  -25.100  -54.607  -27.206 0.0000000000
29344  -25.921  -55.355  -26.751 0.0000000000
29343  -25.532  -55.158  -26.713 0.0000000000
30535  -24.829  -54.967  -26.074 0.0000000000
29321  -25.456  -55.348  -26.229 0.0000000000
30547  -24.584  -54.664  -26.495 0.0000000000
31701  -24.529  -54.400  -27.062 0.0000000000
30534  -24.186  -54.654  -26.024 0.0000000000
31687  -24.252  -54.468  -26.530 0.0000000000
30519  -24.518  -54.997  -25.551 0.0000000000
29309  -25.064  -55.364  -25.422 0.0000000000
28091  -30.785  -57.067  -30.639 0.0000000000
28090  -30.040  -57.016  -30.227 0.0000000000
28089  -29.740  -56.710  -30.140 0.0000000000
29433  -29.618  -56.500  -30.161 0.0000000000
28077  -29.274  -56.809  -29.874 0.0000000000
28076  -28.356  -56.490  -29.503 0.0000000000
28075  -27.811  -56.209  -29.397 0.0000000000
29398  -27.547  -55.953  -29.435 0.0000000000
29389  -35.667  -55.615  -28.352 0.0000000000
29390  -36.691  -55.296  -28.771 0.0000000000
28071  -35.187  -56.154  -28.955 0.0000000000
28070  -34.546  -56.353  -29.050 0.0000000000
28064  -27.352  -56.359  -29.127 0.0000000000
28063  -26.631  -56.070  -28.994 0.0000000000
28062  -26.106  -56.006  -28.787 0.0000000000
29381  -25.792  -55.802  -28.713 0.0000000000
28059  -34.918  -56.116  -28.532 0.0000000000
29388  -34.689  -55.855  -28.047 0.0000000000
29374  -34.896  -55.199  -27.517 0.0000000000
29375  -35.472  -55.079  -27.751 0.0000000000
30588  -35.827  -54.884  -27.848 0.0000000000
30589  -36.444  -54.744  -28.149 0.0000000000
28058  -34.363  -56.261  -28.402 0.0000000000
29387  -34.228  -56.079  -28.004 0.0000000000
29373  -34.027  -55.767  -27.517 0.0000000000
28057  -33.784  -56.313  -28.118 0.0000000000
29371  -30.786  -56.360  -27.473 0.0000000000
28042  -31.187  -56.406  -27.190 0.0000000000
28053  -31.466  -56.412  -27.534 0.0000000000
29370  -30.325  -56.219  -27.606 0.0000000000
29369  -29.541  -55.970  -27.607 0.0000000000
28050  -25.769  -56.228  -28.327 0.0000000000
28049  -25.253  -56.079  -28.113 0.0000000000
29365  -24.981  -55.914  -28.091 0.0000000000
29364  -24.549  -55.801  -27.958 0.0000000000
29363  -23.623  -55.611  -27.699 0.0000000000
29378  -23.810  -55.184  -28.140 0.0000000000
30572  -35.427  -54.509  -27.389 0.0000000000
29351  -34.232  -55.050  -27.002 0.0000000000
29352  -34.627  -54.836  -27.135 0.0000000000
30571  -34.884  -54.644  -27.170 0.0000000000
28046  -33.502  -56.167  -27.613 0.0000000000
29372  -33.482  -55.910  -27.256 0.0000000000
29350  -33.335  -55.428  -26.652 0.0000000000
28045  -33.012  -56.177  -27.308 0.0000000000
28041  -30.576  -56.391  -27.055 0.0000000000
28040  -29.921  -56.302  -27.051 0.0000000000
28039  -29.255  -56.190  -27.045 0.0000000000
29347  -28.279  -56.062  -26.735 0.0000000000
28025  -28.788  -56.272  -26.526 0.0000000000
29346  -27.646  -55.937  -26.605 0.0000000000
28037  -24.896  -56.268  -27.721 0.0000000000
28036  -24.263  -56.245  -27.412 0.0000000000
30553  -34.514  -54.441  -26.820 0.0000000000
30552  -33.948  -54.545  -26.428 0.0000000000
28031  -32.679  -55.995  -26.860 0.0000000000
29349  -32.480  -55.753  -26.402 0.0000000000
29327  -32.654  -55.170  -25.863 0.0000000000
29328  -33.135  -54.863  -26.009 0.0000000000
30551  -33.482  -54.703  -26.158 0.0000000000
28030  -32.171  -56.127  -26.770 0.0000000000
29348  -32.076  -55.994  -26.391 0.0000000000
29326  -31.943  -55.738  -25.889 0.0000000000
28029  -31.656  -56.218  -26.553 0.0000000000
28024  -28.195  -56.213  -26.296 0.0000000000
29324  -27.386  -56.103  -26.046 0.0000000000
28001  -27.781  -56.247  -25.789 0.0000000000
29323  -26.897  -55.969  -26.072 0.0000000000
29322  -26.159  -55.701  -26.198 0.0000000000
30536  -32.906  -54.626  -25.636 0.0000000000
30537  -33.272  -54.337  -25.767 0.0000000000
29314  -32.199  -55.168  -25.347 0.0000000000
30521  -32.540  -54.537  -25.136 0.0000000000
28006  -31.366  -56.148  -26.032 0.0000000000
29325  -31.361  -55.895  -25.537 0.0000000000
29313  -31.671  -55.402  -25.034 0.0000000000
28005  -30.786  -56.239  -25.752 0.0000000000
29312  -30.988  -55.827  -25.001 0.0000000000
28000  -27.246  -56.173  -25.682 0.0000000000
29311  -26.349  -55.967  -25.518 0.0000000000
27980  -26.861  -56.128  -25.420 0.0000000000
29310  -25.759  -55.687  -25.545 0.0000000000
30520  -32.090  -54.882  -24.874 0.0000000000
29295  -31.241  -55.394  -24.321 0.0000000000
30505  -31.767  -54.770  -24.305 0.0000000000
27985  -30.360  -56.175  -25.075 0.0000000000
29294  -30.519  -55.865  -24.231 0.0000000000
29292  -26.041  -55.849  -25.066 0.0000000000
27965  -26.510  -56.069  -24.756 0.0000000000
29291  -25.568  -55.669  -24.829 0.0000000000
29308  -24.545  -55.157  -25.048 0.0000000000
29290  -24.928  -55.407  -24.657 0.0000000000
29277  -30.982  -55.399  -23.775 0.0000000000
30498  -31.352  -54.920  -23.616 0.0000000000
27970  -30.059  -56.185  -24.640 0.0000000000
27969  -29.608  -56.294  -24.163 0.0000000000
29293  -30.142  -55.954  -23.548 0.0000000000
29276  -30.671  -55.531  -23.309 0.0000000000
27942  -29.659  -56.160  -23.169 0.0000000000
29275  -30.174  -55.801  -22.870 0.0000000000
27964  -26.007  -55.843  -24.705 0.0000000000
29274  -25.320  -55.587  -24.274 0.0000000000
27937  -25.892  -55.796  -24.171 0.0000000000
30497  -31.049  -55.211  -23.385 0.0000000000
29262  -30.594  -55.419  -22.513 0.0000000000
30489  -31.076  -54.899  -22.853 0.0000000000
27913  -29.754  -55.981  -22.449 0.0000000000
29261  -30.142  -55.669  -22.245 0.0000000000
29244  -30.384  -55.354  -21.997 0.0000000000
30481  -30.699  -54.869  -21.955 0.0000000000
27886  -29.845  -55.817  -22.032 0.0000000000
29243  -30.012  -55.542  -21.649 0.0000000000
30480  -30.351  -55.167  -21.698 0.0000000000
27885  -29.421  -56.025  -21.811 0.0000000000
29242  -29.594  -55.764  -21.315 0.0000000000
29225  -29.823  -55.417  -21.031 0.0000000000
30465  -30.263  -54.865  -21.234 0.0000000000
27860  -29.247  -55.930  -21.263 0.0000000000
29224  -29.356  -55.730  -20.928 0.0000000000
29206  -29.534  -55.306  -20.447 0.0000000000
29207  -29.927  -55.093  -20.798 0.0000000000
29223  -29.058  -55.933  -21.012 0.0000000000
29205  -28.836  -55.879  -20.607 0.0000000000
27859  -28.828  -56.145  -21.291 0.0000000000
30452  -29.939  -54.742  -20.591 0.0000000000
29184  -28.942  -55.313  -19.880 0.0000000000
29185  -29.348  -55.044  -20.073 0.0000000000
30451  -29.607  -54.743  -20.185 0.0000000000
27834  -28.389  -56.200  -20.923 0.0000000000
29204  -28.312  -56.117  -20.554 0.0000000000
29183  -28.132  -55.939  -20.047 0.0000000000
27833  -27.844  -56.327  -20.730 0.0000000000
30434  -29.299  -54.737  -19.879 0.0000000000
29158  -28.337  -55.321  -19.468 0.0000000000
29159  -28.706  -55.038  -19.535 0.0000000000
30433  -28.969  -54.727  -19.582 0.0000000000
27811  -27.541  -56.261  -20.237 0.0000000000
29182  -27.553  -56.097  -19.883 0.0000000000
29157  -27.477  -55.732  -19.382 0.0000000000
30413  -28.573  -54.754  -19.309 0.0000000000
30412  -28.028  -54.903  -19.005 0.0000000000
26771  -35.582  -57.035  -31.885 0.0000000000
26775  -36.163  -57.388  -32.025 0.0000000000
28109  -36.529  -57.023  -31.946 0.0000000000
26770  -34.940  -57.239  -31.866 0.0000000000
26769  -34.163  -57.292  -31.689 0.0000000000
26768  -33.443  -57.432  -31.538 0.0000000000
26767  -32.710  -57.571  -31.373 0.0000000000
26766  -31.964  -57.705  -31.206 0.0000000000
26760  -31.153  -57.839  -30.958 0.0000000000
26759  -30.439  -57.719  -30.482 0.0000000000
26758  -29.912  -57.685  -30.067 0.0000000000
28078  -29.680  -57.274  -29.962 0.0000000000
28069  -33.890  -56.458  -28.808 0.0000000000
26753  -29.468  -57.595  -29.719 0.0000000000
26752  -28.901  -57.492  -29.317 0.0000000000
26751  -28.666  -56.998  -29.432 0.0000000000
26746  -28.123  -57.230  -29.038 0.0000000000
28065  -27.871  -56.605  -29.210 0.0000000000
28056  -33.105  -56.431  -27.979 0.0000000000
28055  -32.483  -56.443  -27.813 0.0000000000
26745  -27.678  -56.819  -29.005 0.0000000000
26740  -27.344  -57.126  -28.661 0.0000000000
28052  -26.841  -56.587  -28.715 0.0000000000
28051  -26.331  -56.424  -28.562 0.0000000000
28044  -32.331  -56.303  -27.266 0.0000000000
28043  -31.773  -56.338  -27.179 0.0000000000
26739  -26.509  -57.027  -28.242 0.0000000000
26738  -26.130  -56.650  -28.227 0.0000000000
26733  -25.864  -56.961  -27.819 0.0000000000
28038  -25.402  -56.453  -27.829 0.0000000000
28028  -30.982  -56.348  -26.504 0.0000000000
28027  -30.308  -56.396  -26.434 0.0000000000
28026  -29.586  -56.380  -26.444 0.0000000000
26732  -25.076  -56.904  -27.384 0.0000000000
26731  -24.679  -56.575  -27.356 0.0000000000
26726  -24.407  -56.943  -27.054 0.0000000000
28023  -23.893  -56.512  -27.012 0.0000000000
28035  -23.712  -56.129  -27.241 0.0000000000
28022  -23.332  -56.356  -26.897 0.0000000000
29342  -23.424  -55.975  -27.242 0.0000000000
28004  -30.010  -56.377  -25.760 0.0000000000
28003  -29.270  -56.401  -25.766 0.0000000000
28002  -28.531  -56.346  -25.743 0.0000000000
26725  -23.630  -57.012  -26.754 0.0000000000
27984  -29.722  -56.339  -25.072 0.0000000000
27983  -28.991  -56.407  -25.007 0.0000000000
27982  -28.176  -56.367  -25.025 0.0000000000
27981  -27.350  -56.248  -25.043 0.0000000000
27968  -28.617  -56.433  -24.242 0.0000000000
27967  -27.797  -56.344  -24.297 0.0000000000
27966  -27.115  -56.248  -24.307 0.0000000000
27941  -28.958  -56.380  -23.413 0.0000000000
27940  -28.155  -56.379  -23.538 0.0000000000
27939  -27.368  -56.306  -23.623 0.0000000000
27938  -26.577  -56.131  -23.813 0.0000000000
27912  -29.171  -56.246  -22.603 0.0000000000
27911  -28.463  -56.373  -22.785 0.0000000000
27910  -27.716  -56.347  -22.877 0.0000000000
27909  -26.860  -56.247  -22.922 0.0000000000
27908  -25.791  -55.902  -23.107 0.0000000000
29260  -25.361  -55.654  -23.768 0.0000000000
27884  -28.682  -56.304  -22.037 0.0000000000
27883  -28.065  -56.375  -22.268 0.0000000000
27882  -27.379  -56.358  -22.150 0.0000000000
27881  -26.338  -56.356  -21.988 0.0000000000
27858  -28.067  -56.367  -21.524 0.0000000000
27857  -27.216  -56.431  -21.359 0.0000000000
27856  -26.529  -56.569  -21.161 0.0000000000
27832  -27.107  -56.468  -20.651 0.0000000000
26774  -35.552  -57.533  -32.057 0.0000000000
25566  -34.578  -57.770  -31.961 0.0000000000
25571  -35.185  -58.019  -32.165 0.0000000000
25565  -33.997  -58.048  -31.932 0.0000000000
25564  -33.237  -58.155  -31.713 0.0000000000
25563  -32.527  -58.329  -31.472 0.0000000000
25562  -31.733  -58.496  -31.290 0.0000000000
25555  -31.137  -58.514  -31.139 0.0000000000
25554  -30.639  -58.424  -30.757 0.0000000000
25553  -30.100  -58.299  -30.280 0.0000000000
25547  -29.627  -58.219  -29.896 0.0000000000
25546  -29.158  -58.144  -29.550 0.0000000000
25541  -28.698  -58.114  -29.240 0.0000000000
26747  -28.490  -57.716  -29.061 0.0000000000
25540  -28.107  -58.047  -28.914 0.0000000000
25535  -27.917  -57.655  -28.768 0.0000000000
26741  -27.754  -57.467  -28.727 0.0000000000
25534  -27.549  -57.887  -28.599 0.0000000000
25533  -26.753  -57.778  -28.173 0.0000000000
25529  -26.439  -57.450  -27.991 0.0000000000
26734  -26.245  -57.290  -27.945 0.0000000000
25528  -26.113  -57.709  -27.825 0.0000000000
25527  -25.258  -57.646  -27.450 0.0000000000
25521  -24.979  -57.330  -27.250 0.0000000000
26727  -24.801  -57.180  -27.159 0.0000000000
25520  -24.675  -57.494  -27.124 0.0000000000
25519  -23.964  -57.696  -27.013 0.0000000000
24401  -35.055  -58.734  -32.337 0.0000000000
25570  -34.619  -58.272  -32.174 0.0000000000
24402  -35.667  -58.603  -32.379 0.0000000000
25572  -35.915  -58.035  -32.254 0.0000000000
24400  -34.319  -58.852  -32.303 0.0000000000
24394  -33.650  -58.611  -32.094 0.0000000000
24393  -33.093  -58.950  -31.916 0.0000000000
24392  -32.315  -59.026  -31.683 0.0000000000
24391  -31.602  -59.211  -31.559 0.0000000000
24382  -31.335  -58.816  -31.323 0.0000000000
24381  -30.889  -59.115  -31.232 0.0000000000
24380  -29.986  -59.048  -30.649 0.0000000000
24373  -29.747  -58.634  -30.149 0.0000000000
24372  -29.152  -58.890  -29.937 0.0000000000
24361  -28.889  -58.483  -29.499 0.0000000000
24360  -28.463  -58.733  -29.384 0.0000000000
24359  -27.623  -58.684  -28.950 0.0000000000
25539  -27.722  -58.253  -28.745 0.0000000000
24342  -27.510  -58.329  -28.651 0.0000000000
24341  -27.112  -58.395  -28.488 0.0000000000
24340  -26.275  -58.485  -28.203 0.0000000000
25532  -26.322  -58.045  -28.014 0.0000000000
24325  -26.098  -58.134  -27.947 0.0000000000
24324  -25.680  -58.212  -27.844 0.0000000000
24323  -24.888  -58.337  -27.710 0.0000000000
25526  -24.486  -57.957  -27.324 0.0000000000
24322  -24.001  -58.365  -27.550 0.0000000000
25525  -24.086  -58.036  -27.267 0.0000000000
23277  -35.000  -59.491  -32.543 0.0000000000
23278  -35.537  -59.161  -32.484 0.0000000000
23276  -34.230  -59.702  -32.471 0.0000000000
24399  -33.733  -59.181  -32.244 0.0000000000
23275  -33.388  -59.796  -32.330 0.0000000000
23267  -32.733  -59.503  -32.026 0.0000000000
23266  -32.161  -59.643  -31.948 0.0000000000
23265  -31.545  -59.906  -31.868 0.0000000000
24390  -31.223  -59.512  -31.575 0.0000000000
23264  -30.876  -59.865  -31.585 0.0000000000
23256  -30.338  -59.613  -31.226 0.0000000000
23255  -29.641  -59.944  -31.151 0.0000000000
24379  -29.319  -59.437  -30.547 0.0000000000
23254  -28.809  -59.813  -30.756 0.0000000000
23243  -28.959  -59.434  -30.288 0.0000000000
23242  -28.464  -59.449  -30.027 0.0000000000
24371  -28.643  -59.078  -29.722 0.0000000000
23227  -28.407  -59.148  -29.632 0.0000000000
23226  -27.977  -59.222  -29.510 0.0000000000
23225  -27.168  -59.282  -29.423 0.0000000000
24358  -26.746  -58.937  -28.825 0.0000000000
23224  -26.322  -59.357  -29.391 0.0000000000
24357  -25.866  -59.065  -28.804 0.0000000000
23223  -25.569  -59.370  -29.416 0.0000000000
24356  -24.907  -59.098  -29.003 0.0000000000
24339  -25.353  -58.728  -28.247 0.0000000000
24338  -24.452  -58.730  -28.251 0.0000000000
22156  -34.031  -60.504  -32.548 0.0000000000
22157  -34.878  -60.328  -32.634 0.0000000000
22155  -33.220  -60.645  -32.465 0.0000000000
23274  -32.675  -60.073  -32.279 0.0000000000
22154  -32.458  -60.699  -32.404 0.0000000000
23273  -32.107  -60.189  -32.168 0.0000000000
22153  -31.703  -60.644  -32.217 0.0000000000
22146  -31.167  -60.337  -31.927 0.0000000000
22145  -30.647  -60.453  -31.834 0.0000000000
23263  -30.292  -60.113  -31.506 0.0000000000
22144  -29.940  -60.672  -31.775 0.0000000000
22135  -29.440  -60.461  -31.479 0.0000000000
22134  -28.982  -60.364  -31.301 0.0000000000
22133  -28.366  -60.298  -31.130 0.0000000000
23253  -27.997  -59.978  -30.634 0.0000000000
22132  -27.639  -60.623  -31.251 0.0000000000
23252  -27.137  -60.038  -30.598 0.0000000000
23241  -27.579  -59.625  -30.021 0.0000000000
23240  -26.718  -59.640  -30.001 0.0000000000
23239  -25.873  -59.644  -29.961 0.0000000000
23251  -26.269  -60.009  -30.503 0.0000000000
21088  -33.785  -61.340  -32.240 0.0000000000
21089  -34.621  -60.958  -32.379 0.0000000000
21087  -32.891  -61.329  -32.523 0.0000000000
21086  -32.129  -61.280  -32.469 0.0000000000
21085  -31.468  -61.293  -32.363 0.0000000000
22152  -31.065  -60.832  -32.123 0.0000000000
21084  -30.870  -61.364  -32.257 0.0000000000
22151  -30.549  -60.928  -32.059 0.0000000000
21083  -30.272  -61.390  -32.111 0.0000000000
21078  -29.594  -61.432  -31.974 0.0000000000
22143  -29.206  -60.873  -31.658 0.0000000000
21077  -28.862  -61.496  -31.776 0.0000000000
22142  -28.460  -60.864  -31.508 0.0000000000
21076  -28.257  -61.475  -31.539 0.0000000000
22141  -28.006  -61.083  -31.486 0.0000000000
19984  -33.125  -61.902  -32.173 0.0000000000
19983  -32.427  -61.857  -32.377 0.0000000000
19982  -31.823  -61.803  -32.423 0.0000000000
19981  -31.245  -61.843  -32.362 0.0000000000
19980  -30.675  -61.913  -32.217 0.0000000000
19975  -30.064  -62.047  -32.083 0.0000000000
19974  -29.335  -62.170  -31.906 0.0000000000
19973  -28.480  -62.196  -31.543 0.0000000000
19978  -33.165  -61.666  -31.495 0.0000000000
19977  -32.380  -62.140  -31.738 0.0000000000
19985  -33.480  -61.725  -31.960 0.0000000000
18853  -32.049  -62.125  -32.178 0.0000000000
18852  -31.604  -62.194  -32.175 0.0000000000
18851  -31.080  -62.328  -32.141 0.0000000000
18850  -30.543  -62.422  -32.074 0.0000000000
19976  -31.846  -62.253  -31.617 0.0000000000
18849  -31.900  -62.326  -31.917 0.0000000000
19970  -32.426  -61.724  -31.124 0.0000000000
19969  -31.617  -62.105  -31.041 0.0000000000
18848  -31.474  -62.434  -31.718 0.0000000000
18846  -30.040  -62.795  -31.705 0.0000000000
18845  -29.149  -62.809  -31.576 0.0000000000
18847  -30.864  -62.659  -31.715 0.0000000000
18843  -31.171  -62.543  -31.308 0.0000000000
18842  -30.692  -62.839  -31.084 0.0000000000
18841  -30.028  -63.208  -30.976 0.0000000000
17706  -29.545  -63.189  -31.313 0.0000000000
17705  -29.007  -63.311  -31.224 0.0000000000
18844  -28.552  -62.898  -31.347 0.0000000000
17704  -28.524  -63.309  -31.039 0.0000000000
18840  -28.113  -62.931  -31.038 0.0000000000
19967  -28.183  -62.570  -31.276 0.0000000000
19968  -31.093  -62.477  -30.966 0.0000000000
18838  -30.258  -62.816  -30.536 0.0000000000
19963  -30.782  -62.256  -30.482 0.0000000000
18837  -29.719  -63.131  -30.307 0.0000000000
17703  -29.434  -63.413  -30.827 0.0000000000
19962  -29.861  -62.363  -30.007 0.0000000000
18836  -29.231  -63.174  -29.944 0.0000000000
17697  -29.260  -63.504  -30.346 0.0000000000
19961  -29.474  -62.805  -29.954 0.0000000000
18833  -28.877  -63.217  -29.670 0.0000000000
17696  -28.768  -63.602  -30.094 0.0000000000
19956  -29.088  -62.513  -29.546 0.0000000000
18832  -28.561  -63.040  -29.371 0.0000000000
17686  -28.520  -63.456  -29.677 0.0000000000
18822  -28.179  -62.996  -28.983 0.0000000000
17685  -28.115  -63.492  -29.409 0.0000000000
19955  -28.508  -62.429  -29.029 0.0000000000
18821  -27.849  -63.053  -28.568 0.0000000000
17669  -27.872  -63.410  -28.974 0.0000000000
19945  -28.114  -62.432  -28.584 0.0000000000
18808  -27.504  -63.168  -28.111 0.0000000000
17668  -27.594  -63.703  -28.647 0.0000000000
19944  -27.696  -62.459  -28.201 0.0000000000
18807  -27.000  -63.275  -27.650 0.0000000000
17651  -27.248  -63.832  -28.090 0.0000000000
19932  -27.282  -62.506  -27.771 0.0000000000
18787  -26.547  -63.175  -27.222 0.0000000000
17628  -26.635  -63.623  -27.430 0.0000000000
17650  -26.761  -64.001  -27.696 0.0000000000
19931  -26.838  -62.511  -27.348 0.0000000000
17702  -28.869  -63.555  -30.714 0.0000000000
17701  -28.237  -63.439  -30.594 0.0000000000
17695  -28.160  -63.585  -29.988 0.0000000000
21034  -27.092  -62.040  -27.487 0.0000000000
21035  -27.583  -61.585  -27.813 0.0000000000
21046  -27.925  -62.003  -28.306 0.0000000000
21047  -28.378  -61.561  -28.586 0.0000000000
21056  -28.765  -62.012  -29.088 0.0000000000
21057  -29.130  -61.565  -29.163 0.0000000000
19957  -29.457  -61.994  -29.595 0.0000000000
21058  -29.794  -61.568  -29.592 0.0000000000
21063  -30.340  -61.791  -29.974 0.0000000000
21064  -30.875  -61.463  -30.110 0.0000000000
19964  -31.200  -61.821  -30.508 0.0000000000
21059  -30.352  -61.268  -29.721 0.0000000000
31570  -28.473  -54.180  -19.059 0.0000000000
31586  -28.899  -54.285  -19.368 0.0000000000
31587  -29.323  -54.150  -19.715 0.0000000000
31606  -29.561  -54.353  -20.001 0.0000000000
31607  -29.872  -54.185  -20.292 0.0000000000
31624  -30.235  -54.200  -20.767 0.0000000000
30466  -30.643  -54.527  -21.516 0.0000000000
31625  -30.586  -54.171  -21.228 0.0000000000
31636  -30.893  -54.141  -21.737 0.0000000000
31645  -31.086  -54.403  -22.266 0.0000000000
30490  -31.437  -54.534  -23.164 0.0000000000
31646  -31.424  -54.124  -22.706 0.0000000000
31655  -31.734  -54.123  -23.516 0.0000000000
31663  -32.064  -54.201  -24.149 0.0000000000
30506  -32.200  -54.469  -24.574 0.0000000000
31664  -32.407  -53.872  -24.471 0.0000000000
31672  -32.822  -53.818  -24.989 0.0000000000
30522  -32.956  -54.220  -25.382 0.0000000000
31673  -33.240  -53.758  -25.383 0.0000000000
31688  -33.560  -53.922  -25.756 0.0000000000
30538  -33.659  -54.252  -26.022 0.0000000000
31689  -34.042  -53.721  -26.010 0.0000000000
31703  -34.294  -54.103  -26.448 0.0000000000
31704  -34.689  -53.691  -26.519 0.0000000000
30554  -34.961  -54.207  -26.981 0.0000000000
31705  -35.310  -53.736  -26.975 0.0000000000
31719  -35.879  -53.787  -27.389 0.0000000000
30573  -36.044  -54.367  -27.706 0.0000000000
32658  -29.036  -53.540  -19.424 0.0000000000
32659  -29.666  -53.435  -19.991 0.0000000000
31588  -29.673  -53.968  -20.010 0.0000000000
32660  -29.847  -53.767  -20.173 0.0000000000
32674  -30.099  -53.520  -20.488 0.0000000000
32692  -30.489  -53.656  -20.938 0.0000000000
32693  -30.805  -53.568  -21.340 0.0000000000
32706  -31.130  -53.491  -21.787 0.0000000000
31637  -31.227  -53.931  -22.134 0.0000000000
32707  -31.449  -53.461  -22.264 0.0000000000
32717  -31.666  -53.435  -22.844 0.0000000000
32727  -31.960  -53.265  -23.423 0.0000000000
31656  -32.112  -53.730  -23.908 0.0000000000
32728  -32.332  -53.180  -23.986 0.0000000000
32736  -32.772  -53.171  -24.531 0.0000000000
32740  -33.075  -53.362  -24.982 0.0000000000
32741  -33.448  -53.129  -25.176 0.0000000000
31674  -33.629  -53.531  -25.569 0.0000000000
32742  -33.887  -53.103  -25.513 0.0000000000
32750  -34.244  -53.015  -25.788 0.0000000000
31690  -34.457  -53.258  -26.088 0.0000000000
32751  -34.522  -52.866  -25.934 0.0000000000
32761  -34.777  -52.964  -26.205 0.0000000000
32762  -35.170  -53.063  -26.609 0.0000000000
32772  -35.654  -53.098  -27.052 0.0000000000
31716  -24.447  -54.171  -27.873 0.0000000000
32648  -28.325  -53.344  -18.941 0.0000000000
33733  -28.829  -52.442  -19.654 0.0000000000
33734  -29.326  -52.985  -19.843 0.0000000000
32673  -29.891  -53.123  -20.351 0.0000000000
33744  -29.694  -52.557  -20.431 0.0000000000
33745  -30.047  -52.999  -20.579 0.0000000000
33759  -30.488  -52.802  -21.093 0.0000000000
33760  -30.921  -53.135  -21.524 0.0000000000
33772  -31.202  -52.698  -21.934 0.0000000000
33773  -31.554  -53.042  -22.431 0.0000000000
33784  -31.709  -52.600  -22.774 0.0000000000
33795  -32.189  -52.545  -23.494 0.0000000000
33796  -32.606  -52.524  -24.036 0.0000000000
33806  -33.043  -52.500  -24.442 0.0000000000
32737  -33.152  -52.942  -24.788 0.0000000000
33807  -33.421  -52.518  -24.840 0.0000000000
33811  -33.757  -52.654  -25.172 0.0000000000
33812  -34.151  -52.496  -25.449 0.0000000000
33817  -34.414  -52.621  -25.738 0.0000000000
33818  -34.657  -52.423  -25.925 0.0000000000
33724  -27.980  -52.470  -18.859 0.0000000000
34826  -28.067  -51.512  -19.395 0.0000000000
33743  -29.149  -52.011  -20.307 0.0000000000
34834  -28.679  -51.334  -20.480 0.0000000000
34835  -29.329  -51.780  -20.748 0.0000000000
33758  -30.073  -52.352  -20.955 0.0000000000
34848  -29.845  -51.869  -21.163 0.0000000000
34849  -30.226  -52.230  -21.195 0.0000000000
33771  -30.765  -52.405  -21.609 0.0000000000
34860  -30.441  -51.968  -21.645 0.0000000000
34861  -30.870  -52.213  -21.838 0.0000000000
33783  -31.388  -52.222  -22.379 0.0000000000
34874  -31.016  -51.839  -22.229 0.0000000000
34875  -31.515  -51.822  -22.672 0.0000000000
34889  -31.982  -51.838  -23.152 0.0000000000
34890  -32.455  -51.880  -23.657 0.0000000000
34900  -32.892  -51.897  -24.078 0.0000000000
34901  -33.305  -51.896  -24.512 0.0000000000
34905  -33.795  -51.964  -25.003 0.0000000000
34906  -34.315  -51.761  -25.512 0.0000000000
33813  -34.448  -52.275  -25.648 0.0000000000
34815  -27.553  -51.868  -18.791 0.0000000000
34825  -27.470  -51.321  -18.953 0.0000000000
35993  -27.616  -50.757  -19.297 0.0000000000
35994  -28.057  -50.545  -20.000 0.0000000000
36011  -28.311  -50.454  -20.778 0.0000000000
34847  -29.156  -51.286  -21.477 0.0000000000
36031  -28.488  -50.683  -21.505 0.0000000000
34859  -29.778  -51.246  -21.962 0.0000000000
34858  -29.285  -51.074  -22.010 0.0000000000
36047  -28.861  -50.817  -22.335 0.0000000000
36048  -29.379  -50.959  -22.249 0.0000000000
34873  -30.438  -51.303  -22.225 0.0000000000
34872  -30.046  -50.996  -22.371 0.0000000000
36066  -29.617  -50.718  -22.675 0.0000000000
36067  -30.366  -50.785  -22.662 0.0000000000
36068  -30.944  -51.138  -22.616 0.0000000000
36069  -31.266  -51.459  -22.632 0.0000000000
36097  -31.602  -51.073  -23.017 0.0000000000
36098  -32.236  -51.191  -23.502 0.0000000000
36122  -32.669  -51.317  -23.858 0.0000000000
36123  -33.035  -51.253  -24.233 0.0000000000
36134  -33.451  -51.244  -24.691 0.0000000000
36135  -33.877  -51.175  -25.151 0.0000000000
35977  -27.117  -50.870  -18.850 0.0000000000
37303  -27.311  -50.346  -19.083 0.0000000000
37324  -27.581  -49.989  -19.580 0.0000000000
37325  -27.906  -49.994  -20.027 0.0000000000
37345  -28.092  -49.820  -20.509 0.0000000000
37368  -28.331  -49.851  -21.343 0.0000000000
37387  -28.434  -49.900  -22.355 0.0000000000
36046  -28.357  -50.323  -22.830 0.0000000000
36065  -28.874  -50.591  -23.121 0.0000000000
36094  -29.454  -50.260  -23.539 0.0000000000
36095  -30.198  -50.287  -23.220 0.0000000000
36096  -30.935  -50.507  -23.060 0.0000000000
37432  -31.587  -50.278  -23.548 0.0000000000
37433  -32.005  -50.719  -23.504 0.0000000000
37465  -32.505  -50.472  -24.093 0.0000000000
37466  -33.104  -50.834  -24.482 0.0000000000
37302  -26.806  -50.273  -18.874 0.0000000000
37323  -27.167  -49.956  -19.137 0.0000000000
38652  -26.896  -49.847  -19.062 0.0000000000
38663  -27.051  -49.453  -19.348 0.0000000000
38664  -27.550  -49.287  -19.820 0.0000000000
37344  -27.831  -49.640  -20.044 0.0000000000
38676  -27.921  -49.136  -20.332 0.0000000000
38677  -28.253  -49.119  -21.015 0.0000000000
38697  -28.452  -49.125  -21.836 0.0000000000
38651  -26.519  -49.751  -18.968 0.0000000000
37301  -26.076  -50.298  -18.738 0.0000000000
38650  -25.826  -49.650  -18.951 0.0000000000
38662  -26.357  -49.175  -19.240 0.0000000000
37300  -25.215  -50.285  -18.795 0.0000000000
37322  -25.156  -49.555  -19.077 0.0000000000
38661  -25.626  -49.009  -19.260 0.0000000000
37321  -24.398  -50.036  -19.156 0.0000000000
38660  -24.788  -48.962  -19.547 0.0000000000
37299  -24.634  -50.583  -18.856 0.0000000000
35973  -24.123  -51.024  -18.985 0.0000000000
35992  -23.878  -50.538  -19.251 0.0000000000
37320  -23.617  -50.193  -19.590 0.0000000000
38659  -24.031  -49.409  -19.703 0.0000000000
35991  -23.497  -50.967  -19.458 0.0000000000
37319  -23.222  -50.624  -19.726 0.0000000000
37342  -23.006  -50.271  -20.103 0.0000000000
37343  -23.494  -49.640  -20.003 0.0000000000
35990  -22.879  -51.114  -19.885 0.0000000000
35976  -26.430  -50.952  -18.620 0.0000000000
35975  -25.626  -50.992  -18.581 0.0000000000
35974  -24.863  -51.052  -18.695 0.0000000000
35972  -23.619  -51.519  -19.228 0.0000000000
34824  -23.141  -51.761  -19.541 0.0000000000
34823  -22.671  -51.799  -19.892 0.0000000000
34833  -22.331  -51.599  -20.262 0.0000000000
36010  -22.485  -50.842  -20.429 0.0000000000
34814  -26.880  -51.662  -18.613 0.0000000000
34813  -25.995  -51.710  -18.476 0.0000000000
34812  -25.187  -51.736  -18.526 0.0000000000
34811  -24.453  -51.754  -18.710 0.0000000000
34810  -23.865  -51.845  -18.962 0.0000000000
34809  -23.483  -52.004  -19.225 0.0000000000
33732  -23.148  -52.508  -19.292 0.0000000000
33731  -22.610  -52.383  -19.704 0.0000000000
33742  -22.355  -52.119  -20.032 0.0000000000
33720  -24.707  -52.467  -18.507 0.0000000000
33719  -24.043  -52.444  -18.808 0.0000000000
33718  -23.592  -52.368  -19.047 0.0000000000
36009  -22.046  -51.207  -20.682 0.0000000000
36030  -22.188  -50.735  -20.792 0.0000000000
37367  -22.482  -50.136  -20.862 0.0000000000
36029  -21.798  -50.791  -21.242 0.0000000000
38673  -23.132  -49.490  -20.468 0.0000000000
38674  -23.763  -48.903  -20.230 0.0000000000
38675  -24.257  -48.859  -19.891 0.0000000000
