#!ascii label  , from subject  vox2ras=TkReg
570
14954  27.869  -66.620  -29.225 0.0000000000
14942  28.062  -66.581  -28.437 0.0000000000
14017  27.630  -67.297  -28.933 0.0000000000
14030  27.608  -67.274  -29.627 0.0000000000
14967  27.732  -66.602  -29.861 0.0000000000
15954  28.005  -66.018  -28.918 0.0000000000
15966  27.802  -65.871  -29.463 0.0000000000
14042  27.499  -67.288  -30.229 0.0000000000
14977  27.716  -66.663  -30.445 0.0000000000
15975  27.694  -65.847  -30.107 0.0000000000
14049  27.498  -67.512  -30.865 0.0000000000
14984  27.946  -66.740  -30.935 0.0000000000
15982  27.838  -65.934  -30.651 0.0000000000
14048  28.016  -67.499  -31.341 0.0000000000
14983  28.414  -66.758  -31.257 0.0000000000
15981  28.174  -66.004  -31.034 0.0000000000
15942  28.112  -65.833  -28.461 0.0000000000
16939  27.837  -65.220  -28.873 0.0000000000
16951  27.527  -64.943  -29.717 0.0000000000
16961  27.536  -65.069  -30.444 0.0000000000
15980  28.723  -66.016  -31.183 0.0000000000
16969  28.374  -65.289  -31.096 0.0000000000
16970  27.868  -65.276  -30.928 0.0000000000
16925  28.070  -65.319  -28.029 0.0000000000
17920  27.720  -64.448  -28.262 0.0000000000
17933  27.429  -64.199  -29.158 0.0000000000
17945  27.338  -64.378  -29.651 0.0000000000
16962  27.338  -64.524  -30.105 0.0000000000
16952  27.329  -64.446  -29.870 0.0000000000
17946  27.125  -63.931  -29.852 0.0000000000
17956  27.339  -64.197  -30.527 0.0000000000
17955  27.658  -64.668  -30.806 0.0000000000
16968  28.984  -65.266  -31.070 0.0000000000
17963  28.597  -64.545  -31.080 0.0000000000
17964  27.976  -64.631  -31.114 0.0000000000
17906  27.834  -64.631  -27.307 0.0000000000
18969  27.655  -63.721  -27.702 0.0000000000
18976  27.509  -63.610  -28.453 0.0000000000
18987  27.265  -63.374  -29.022 0.0000000000
17934  27.165  -63.695  -29.378 0.0000000000
18988  26.989  -63.234  -29.486 0.0000000000
18997  26.867  -63.135  -29.978 0.0000000000
19006  26.990  -63.403  -30.458 0.0000000000
17965  27.673  -64.172  -30.881 0.0000000000
19015  27.439  -63.561  -30.832 0.0000000000
19014  28.101  -63.794  -30.991 0.0000000000
18955  27.697  -63.625  -26.793 0.0000000000
20046  27.783  -62.919  -27.367 0.0000000000
20062  27.640  -63.065  -28.009 0.0000000000
20080  27.453  -62.829  -28.540 0.0000000000
20081  27.149  -62.651  -29.110 0.0000000000
20089  26.894  -62.532  -29.680 0.0000000000
20103  26.879  -62.517  -30.357 0.0000000000
20112  27.148  -62.933  -30.798 0.0000000000
20026  27.820  -62.795  -26.727 0.0000000000
21191  28.062  -62.055  -26.974 0.0000000000
21210  27.768  -62.219  -27.930 0.0000000000
21170  27.972  -62.373  -26.304 0.0000000000
21190  28.307  -61.631  -26.604 0.0000000000
21169  28.236  -61.883  -26.378 0.0000000000
22279  28.382  -61.235  -26.837 0.0000000000
22280  28.088  -61.302  -27.531 0.0000000000
22259  28.487  -61.315  -26.167 0.0000000000
21147  27.909  -62.565  -25.771 0.0000000000
20001  27.737  -63.025  -26.156 0.0000000000
21146  28.227  -61.964  -25.776 0.0000000000
21126  28.002  -62.415  -25.184 0.0000000000
19975  27.708  -63.082  -25.409 0.0000000000
21125  28.322  -61.776  -25.071 0.0000000000
22243  28.520  -61.347  -25.501 0.0000000000
21114  28.112  -62.180  -24.621 0.0000000000
19953  27.718  -62.922  -24.437 0.0000000000
21113  28.366  -61.622  -24.421 0.0000000000
22228  28.589  -61.101  -24.909 0.0000000000
21101  28.082  -62.149  -23.991 0.0000000000
21100  28.357  -61.514  -23.743 0.0000000000
22212  28.571  -60.983  -24.197 0.0000000000
21087  28.089  -61.987  -23.221 0.0000000000
19938  27.745  -62.634  -23.516 0.0000000000
21086  28.331  -61.358  -23.095 0.0000000000
22201  28.508  -60.938  -23.541 0.0000000000
21074  28.120  -61.597  -22.311 0.0000000000
19924  27.642  -62.543  -22.708 0.0000000000
21073  28.323  -61.185  -22.744 0.0000000000
22187  28.448  -60.879  -23.015 0.0000000000
21058  27.585  -61.778  -21.293 0.0000000000
19912  27.486  -62.367  -21.787 0.0000000000
22155  28.013  -60.983  -21.605 0.0000000000
22170  28.239  -60.849  -22.113 0.0000000000
22169  28.344  -60.883  -22.554 0.0000000000
19900  27.000  -62.494  -21.061 0.0000000000
19899  27.382  -62.235  -21.362 0.0000000000
21059  27.248  -61.928  -20.820 0.0000000000
21041  27.401  -61.516  -20.694 0.0000000000
22141  27.685  -60.896  -20.916 0.0000000000
21042  26.940  -61.853  -20.300 0.0000000000
22142  27.352  -61.014  -20.293 0.0000000000
18936  27.628  -63.770  -25.883 0.0000000000
18915  27.523  -63.871  -24.990 0.0000000000
18861  27.466  -63.281  -23.585 0.0000000000
18887  27.367  -63.877  -24.162 0.0000000000
18844  27.522  -62.956  -23.149 0.0000000000
18845  27.174  -63.325  -22.802 0.0000000000
19925  27.270  -62.872  -22.201 0.0000000000
19913  27.101  -62.802  -21.723 0.0000000000
18811  26.575  -63.445  -21.413 0.0000000000
18810  26.880  -63.000  -21.556 0.0000000000
19901  26.540  -63.019  -20.802 0.0000000000
19883  26.798  -62.323  -20.505 0.0000000000
19884  26.456  -62.595  -20.168 0.0000000000
19868  25.847  -62.688  -19.398 0.0000000000
18776  25.788  -63.229  -19.853 0.0000000000
18792  26.076  -63.469  -20.613 0.0000000000
21022  26.266  -61.989  -19.311 0.0000000000
21043  26.599  -62.042  -19.851 0.0000000000
17890  27.684  -64.511  -26.345 0.0000000000
17879  27.508  -64.509  -25.560 0.0000000000
17847  27.360  -64.262  -24.570 0.0000000000
17864  27.322  -64.660  -24.887 0.0000000000
17848  27.093  -64.598  -24.259 0.0000000000
18888  27.092  -64.234  -23.857 0.0000000000
18862  27.103  -63.890  -23.476 0.0000000000
17811  26.771  -64.073  -22.894 0.0000000000
17826  26.784  -64.553  -23.528 0.0000000000
18827  26.893  -63.259  -22.014 0.0000000000
17793  26.763  -63.730  -22.371 0.0000000000
18828  26.647  -63.688  -21.987 0.0000000000
17773  25.952  -64.096  -21.262 0.0000000000
17794  26.286  -64.248  -22.181 0.0000000000
18793  25.544  -63.744  -20.176 0.0000000000
17754  25.628  -64.078  -20.653 0.0000000000
16895  27.783  -65.337  -26.622 0.0000000000
16912  28.024  -65.500  -27.354 0.0000000000
16881  27.524  -65.184  -25.886 0.0000000000
16870  27.360  -65.057  -25.336 0.0000000000
16871  27.089  -65.327  -24.898 0.0000000000
17865  27.118  -64.933  -24.623 0.0000000000
16838  26.753  -65.118  -23.971 0.0000000000
16856  26.950  -65.135  -24.436 0.0000000000
16839  26.417  -65.072  -23.411 0.0000000000
17827  26.567  -64.764  -23.318 0.0000000000
17812  26.467  -64.633  -23.022 0.0000000000
16825  25.965  -65.049  -22.794 0.0000000000
17795  25.698  -64.597  -21.704 0.0000000000
16807  25.725  -64.862  -22.187 0.0000000000
17774  25.302  -64.584  -21.088 0.0000000000
15979  29.362  -66.005  -31.106 0.0000000000
16967  29.580  -65.230  -30.916 0.0000000000
17962  29.256  -64.514  -31.055 0.0000000000
15974  29.877  -65.983  -30.661 0.0000000000
16960  29.958  -65.151  -30.429 0.0000000000
17961  29.772  -64.471  -30.782 0.0000000000
15965  30.074  -65.902  -29.803 0.0000000000
16950  30.002  -64.950  -29.897 0.0000000000
17954  30.010  -64.368  -30.262 0.0000000000
16924  28.194  -65.645  -27.995 0.0000000000
15941  28.195  -65.853  -28.130 0.0000000000
16911  28.156  -65.653  -27.756 0.0000000000
15929  28.203  -65.865  -27.878 0.0000000000
15917  27.869  -66.111  -26.901 0.0000000000
15930  28.109  -66.019  -27.544 0.0000000000
15900  27.465  -66.089  -25.993 0.0000000000
15882  27.296  -65.586  -25.437 0.0000000000
15869  26.700  -65.683  -24.409 0.0000000000
15883  26.860  -66.220  -25.135 0.0000000000
15850  25.884  -65.726  -23.433 0.0000000000
15849  26.419  -65.567  -23.843 0.0000000000
16826  25.481  -65.250  -22.432 0.0000000000
15835  25.529  -65.550  -22.840 0.0000000000
16808  25.185  -65.142  -21.812 0.0000000000
14982  29.061  -66.772  -31.282 0.0000000000
14981  29.677  -66.789  -30.977 0.0000000000
14976  30.063  -66.822  -30.359 0.0000000000
14966  30.130  -66.908  -29.704 0.0000000000
14953  30.087  -66.614  -29.091 0.0000000000
15953  29.957  -65.776  -28.872 0.0000000000
16938  29.921  -65.033  -29.278 0.0000000000
14941  28.190  -66.110  -28.257 0.0000000000
14929  28.204  -66.209  -27.951 0.0000000000
14930  27.844  -66.769  -27.477 0.0000000000
14916  27.457  -66.857  -26.583 0.0000000000
15901  27.119  -66.519  -25.652 0.0000000000
14901  27.206  -66.731  -25.983 0.0000000000
14884  26.013  -66.706  -24.697 0.0000000000
14883  26.486  -66.728  -25.172 0.0000000000
15884  26.450  -66.188  -24.578 0.0000000000
14902  26.745  -66.917  -25.629 0.0000000000
15870  26.163  -66.074  -24.108 0.0000000000
14844  25.451  -66.264  -23.622 0.0000000000
14843  25.828  -66.136  -23.794 0.0000000000
15851  25.228  -65.982  -23.082 0.0000000000
15836  25.058  -65.689  -22.456 0.0000000000
14047  28.698  -67.538  -31.419 0.0000000000
14046  29.344  -67.534  -31.176 0.0000000000
14041  29.850  -67.587  -30.738 0.0000000000
14029  30.103  -67.745  -29.979 0.0000000000
14016  30.198  -67.440  -29.226 0.0000000000
14004  30.226  -67.233  -28.445 0.0000000000
14940  30.024  -66.383  -28.437 0.0000000000
14005  27.537  -67.436  -28.105 0.0000000000
13979  27.456  -67.228  -27.021 0.0000000000
13992  27.415  -67.425  -27.382 0.0000000000
13980  26.826  -67.645  -26.751 0.0000000000
14917  27.026  -67.132  -26.176 0.0000000000
13963  26.097  -67.473  -25.755 0.0000000000
13962  26.706  -67.334  -26.050 0.0000000000
14903  26.259  -66.998  -25.284 0.0000000000
13944  25.323  -67.353  -24.994 0.0000000000
13943  25.930  -67.140  -25.177 0.0000000000
14885  25.426  -66.987  -24.542 0.0000000000
14861  25.769  -66.412  -24.043 0.0000000000
14862  25.289  -66.734  -24.084 0.0000000000
14863  24.579  -67.012  -24.021 0.0000000000
13917  25.039  -67.094  -24.429 0.0000000000
14845  24.648  -66.484  -23.343 0.0000000000
14829  24.394  -66.268  -22.785 0.0000000000
14830  23.785  -66.494  -22.625 0.0000000000
14846  23.747  -67.091  -23.627 0.0000000000
15852  24.749  -66.093  -22.804 0.0000000000
15837  24.412  -66.025  -22.322 0.0000000000
13089  27.515  -68.262  -31.422 0.0000000000
13090  26.778  -68.352  -31.045 0.0000000000
14050  27.098  -67.792  -30.517 0.0000000000
13088  28.265  -68.331  -31.544 0.0000000000
13087  29.051  -68.365  -31.342 0.0000000000
13086  29.557  -68.126  -31.010 0.0000000000
14043  27.201  -67.778  -30.003 0.0000000000
13082  29.836  -68.437  -30.549 0.0000000000
14031  27.270  -67.830  -29.409 0.0000000000
13072  30.036  -68.658  -29.918 0.0000000000
13058  30.255  -68.307  -29.222 0.0000000000
14018  27.190  -67.889  -28.744 0.0000000000
13041  30.289  -67.800  -28.855 0.0000000000
13993  27.082  -67.750  -27.625 0.0000000000
14006  27.005  -67.924  -28.160 0.0000000000
13040  30.427  -68.200  -28.497 0.0000000000
14003  30.407  -67.661  -27.968 0.0000000000
13991  30.291  -67.188  -27.774 0.0000000000
14928  30.100  -66.533  -27.676 0.0000000000
13021  30.701  -68.144  -27.778 0.0000000000
13990  30.580  -67.448  -27.393 0.0000000000
13022  26.525  -68.197  -27.732 0.0000000000
14927  30.311  -66.987  -27.421 0.0000000000
13981  25.794  -68.016  -26.478 0.0000000000
13004  26.089  -68.198  -27.094 0.0000000000
13964  24.945  -67.907  -25.972 0.0000000000
13918  24.557  -67.360  -24.513 0.0000000000
13945  24.362  -67.673  -25.145 0.0000000000
13919  23.785  -67.535  -24.466 0.0000000000
14864  24.176  -67.277  -24.141 0.0000000000
12122  26.938  -68.917  -31.614 0.0000000000
12123  26.070  -69.168  -31.371 0.0000000000
13091  26.368  -68.695  -31.076 0.0000000000
13084  26.751  -68.213  -30.355 0.0000000000
13085  26.336  -68.643  -30.737 0.0000000000
12121  27.704  -69.117  -31.671 0.0000000000
12120  28.548  -69.264  -31.333 0.0000000000
12119  29.141  -69.018  -31.096 0.0000000000
13083  29.485  -68.666  -30.997 0.0000000000
13074  26.334  -68.641  -29.947 0.0000000000
12115  25.883  -68.957  -30.520 0.0000000000
13073  26.895  -68.181  -29.810 0.0000000000
12113  29.443  -69.201  -30.570 0.0000000000
12112  29.814  -68.915  -30.292 0.0000000000
13060  26.182  -68.612  -29.133 0.0000000000
12085  25.775  -68.956  -29.631 0.0000000000
12103  25.868  -68.945  -30.066 0.0000000000
13059  26.783  -68.285  -29.273 0.0000000000
12101  29.741  -69.252  -30.006 0.0000000000
12084  30.087  -69.171  -29.298 0.0000000000
13061  25.536  -68.861  -28.966 0.0000000000
13042  26.638  -68.284  -28.571 0.0000000000
13043  25.978  -68.518  -28.391 0.0000000000
12083  30.305  -68.791  -29.031 0.0000000000
13057  30.356  -68.593  -28.863 0.0000000000
12068  30.355  -69.048  -28.668 0.0000000000
13023  25.716  -68.424  -27.661 0.0000000000
13044  25.258  -68.679  -28.261 0.0000000000
12053  30.647  -68.792  -28.098 0.0000000000
13005  25.425  -68.289  -26.987 0.0000000000
13024  24.976  -68.501  -27.524 0.0000000000
12038  31.011  -68.811  -27.399 0.0000000000
13003  30.973  -67.979  -27.222 0.0000000000
13006  24.707  -68.282  -26.687 0.0000000000
13982  25.225  -68.152  -26.520 0.0000000000
11180  25.582  -69.874  -31.674 0.0000000000
11179  25.934  -69.601  -31.678 0.0000000000
12124  25.144  -69.619  -31.308 0.0000000000
11185  26.205  -69.824  -31.787 0.0000000000
12128  26.263  -69.456  -31.706 0.0000000000
12116  25.292  -69.256  -30.790 0.0000000000
12127  26.566  -69.432  -31.762 0.0000000000
12126  27.104  -69.410  -31.811 0.0000000000
11177  27.963  -69.937  -31.351 0.0000000000
11183  27.415  -69.714  -31.742 0.0000000000
11176  28.377  -69.725  -31.191 0.0000000000
11171  28.568  -69.920  -30.800 0.0000000000
12114  28.966  -69.420  -30.913 0.0000000000
12104  25.447  -69.096  -30.145 0.0000000000
12105  24.758  -69.262  -30.261 0.0000000000
12117  24.584  -69.645  -31.006 0.0000000000
11170  29.061  -69.609  -30.641 0.0000000000
11166  29.188  -69.804  -30.184 0.0000000000
12102  29.474  -69.454  -30.206 0.0000000000
12086  25.123  -69.098  -29.568 0.0000000000
12087  24.395  -69.286  -29.524 0.0000000000
12106  23.935  -69.726  -30.350 0.0000000000
11165  29.513  -69.559  -29.989 0.0000000000
11151  29.621  -69.666  -29.645 0.0000000000
12070  24.824  -68.985  -28.866 0.0000000000
12071  24.119  -69.190  -28.716 0.0000000000
12088  23.703  -69.631  -29.305 0.0000000000
11132  29.833  -69.990  -28.834 0.0000000000
12069  30.151  -69.462  -28.865 0.0000000000
13045  24.539  -68.830  -28.120 0.0000000000
12072  23.430  -69.432  -28.496 0.0000000000
13046  23.826  -69.006  -27.960 0.0000000000
11131  30.198  -69.563  -28.595 0.0000000000
11115  30.409  -69.720  -27.989 0.0000000000
11104  31.065  -69.866  -27.072 0.0000000000
12037  31.549  -69.031  -26.702 0.0000000000
13002  31.341  -68.137  -26.681 0.0000000000
11103  31.643  -69.809  -26.452 0.0000000000
12023  32.064  -69.141  -26.165 0.0000000000
12986  31.833  -68.424  -26.173 0.0000000000
10243  26.253  -70.525  -31.777 0.0000000000
10242  26.549  -70.191  -31.823 0.0000000000
11184  26.863  -69.890  -31.809 0.0000000000
11186  25.841  -70.302  -31.814 0.0000000000
10237  26.851  -70.451  -31.638 0.0000000000
11178  27.302  -70.101  -31.610 0.0000000000
11181  24.686  -70.148  -31.489 0.0000000000
10239  25.388  -70.591  -31.697 0.0000000000
10236  27.382  -70.443  -31.343 0.0000000000
10231  27.833  -70.557  -30.837 0.0000000000
11172  28.156  -70.199  -30.942 0.0000000000
10230  28.224  -70.323  -30.715 0.0000000000
10222  28.322  -70.571  -30.243 0.0000000000
11167  28.724  -70.158  -30.277 0.0000000000
10221  28.855  -70.358  -29.889 0.0000000000
11152  29.287  -70.145  -29.495 0.0000000000
10209  28.946  -70.688  -29.335 0.0000000000
11133  29.337  -70.393  -29.093 0.0000000000
10191  29.275  -70.722  -28.693 0.0000000000
10190  29.712  -70.562  -28.304 0.0000000000
11116  30.003  -70.279  -28.204 0.0000000000
10150  31.266  -70.310  -26.598 0.0000000000
10129  31.633  -70.632  -26.136 0.0000000000
11091  32.217  -69.855  -25.998 0.0000000000
10128  32.497  -70.532  -25.669 0.0000000000
11090  32.743  -69.782  -25.627 0.0000000000
12022  32.566  -69.211  -25.771 0.0000000000
9282  26.011  -70.774  -31.659 0.0000000000
9278  26.152  -70.930  -31.390 0.0000000000
10238  26.512  -70.718  -31.577 0.0000000000
10244  25.837  -70.622  -31.744 0.0000000000
10240  24.762  -70.957  -31.569 0.0000000000
9279  25.387  -71.162  -31.386 0.0000000000
9283  25.754  -70.855  -31.621 0.0000000000
9277  26.747  -70.786  -31.330 0.0000000000
9276  27.046  -70.632  -31.353 0.0000000000
9268  27.182  -70.767  -31.035 0.0000000000
9259  27.358  -71.010  -30.398 0.0000000000
10223  27.861  -70.824  -30.392 0.0000000000
9258  27.867  -71.017  -30.016 0.0000000000
9249  28.280  -71.126  -29.418 0.0000000000
10210  28.604  -70.698  -29.728 0.0000000000
9248  28.787  -71.123  -28.883 0.0000000000
9232  28.985  -71.335  -28.344 0.0000000000
10172  29.421  -70.982  -28.113 0.0000000000
10151  30.773  -70.956  -26.793 0.0000000000
9172  31.584  -71.485  -25.830 0.0000000000
9171  32.011  -71.006  -25.772 0.0000000000
10130  31.227  -71.183  -26.224 0.0000000000
9151  32.304  -71.357  -25.436 0.0000000000
10108  32.754  -70.923  -25.376 0.0000000000
10107  33.222  -70.494  -25.298 0.0000000000
10127  32.921  -70.141  -25.491 0.0000000000
9150  32.975  -71.299  -25.115 0.0000000000
9271  24.988  -71.326  -30.824 0.0000000000
9270  25.790  -71.009  -30.626 0.0000000000
9280  24.679  -71.505  -31.349 0.0000000000
9269  26.642  -70.937  -30.798 0.0000000000
9272  24.332  -71.722  -30.862 0.0000000000
9262  24.578  -71.480  -30.484 0.0000000000
10233  24.929  -71.192  -30.381 0.0000000000
10232  25.265  -71.107  -30.481 0.0000000000
9261  25.950  -70.877  -30.059 0.0000000000
9260  26.588  -70.932  -29.919 0.0000000000
10225  25.371  -70.910  -29.961 0.0000000000
9250  27.407  -71.280  -29.520 0.0000000000
9233  28.401  -71.637  -28.592 0.0000000000
9234  27.753  -71.650  -28.868 0.0000000000
8262  31.193  -71.960  -25.873 0.0000000000
8245  31.447  -72.227  -25.501 0.0000000000
9152  31.859  -71.786  -25.461 0.0000000000
9173  30.958  -71.674  -26.197 0.0000000000
8244  32.139  -72.084  -25.162 0.0000000000
8243  32.576  -71.698  -25.111 0.0000000000
8220  32.752  -71.908  -24.605 0.0000000000
9127  33.291  -71.357  -24.608 0.0000000000
9149  33.496  -70.948  -24.906 0.0000000000
8263  30.724  -72.389  -25.889 0.0000000000
7397  31.358  -72.904  -25.156 0.0000000000
7396  31.712  -72.453  -25.189 0.0000000000
8246  30.999  -72.698  -25.479 0.0000000000
7379  31.941  -72.579  -25.029 0.0000000000
8221  32.266  -72.374  -24.660 0.0000000000
7355  31.967  -72.685  -24.470 0.0000000000
8199  32.229  -72.381  -23.954 0.0000000000
8198  32.810  -72.051  -23.932 0.0000000000
9108  33.270  -71.498  -23.941 0.0000000000
7356  31.675  -72.927  -24.020 0.0000000000
8200  31.132  -72.332  -23.967 0.0000000000
9109  32.433  -71.588  -23.865 0.0000000000
9110  31.660  -71.693  -23.990 0.0000000000
6655  30.979  -73.262  -25.055 0.0000000000
6639  31.089  -73.423  -24.679 0.0000000000
7380  31.594  -73.018  -24.603 0.0000000000
7398  30.762  -73.106  -25.289 0.0000000000
6620  31.309  -73.283  -24.210 0.0000000000
7357  30.999  -72.989  -23.913 0.0000000000
6656  30.641  -73.512  -25.002 0.0000000000
6621  30.872  -73.644  -23.984 0.0000000000
6640  30.498  -73.819  -24.528 0.0000000000
6622  30.005  -73.946  -23.900 0.0000000000
7358  30.369  -73.123  -23.922 0.0000000000
5926  29.718  -74.335  -23.986 0.0000000000
5927  29.222  -74.479  -23.803 0.0000000000
6623  29.033  -73.788  -23.651 0.0000000000
5939  29.678  -74.275  -24.331 0.0000000000
6641  30.075  -74.022  -24.446 0.0000000000
7359  29.586  -73.117  -23.949 0.0000000000
6657  29.958  -73.832  -25.046 0.0000000000
7399  30.409  -73.399  -25.229 0.0000000000
5950  29.383  -74.333  -24.794 0.0000000000
6658  29.146  -74.145  -25.223 0.0000000000
6673  29.348  -73.679  -25.554 0.0000000000
6672  29.782  -73.433  -25.478 0.0000000000
7412  30.244  -73.111  -25.554 0.0000000000
8201  30.649  -72.560  -23.998 0.0000000000
8202  30.086  -72.526  -24.076 0.0000000000
7360  28.664  -72.959  -23.785 0.0000000000
8203  29.302  -72.261  -24.158 0.0000000000
7411  30.685  -72.828  -25.553 0.0000000000
8222  30.821  -72.210  -24.065 0.0000000000
9128  30.993  -71.829  -24.133 0.0000000000
8223  30.540  -72.118  -24.157 0.0000000000
8224  29.985  -71.907  -24.265 0.0000000000
8204  28.356  -71.886  -23.915 0.0000000000
8225  29.501  -71.639  -24.318 0.0000000000
8226  29.005  -71.600  -24.267 0.0000000000
9129  30.521  -71.517  -24.277 0.0000000000
9130  29.915  -71.272  -24.369 0.0000000000
9131  29.313  -71.109  -24.369 0.0000000000
9132  28.664  -71.017  -24.210 0.0000000000
10064  32.744  -70.899  -23.747 0.0000000000
10065  31.996  -70.982  -23.904 0.0000000000
10089  31.179  -71.071  -24.169 0.0000000000
10090  30.422  -70.806  -24.361 0.0000000000
10091  29.746  -70.613  -24.406 0.0000000000
9281  24.072  -71.779  -31.349 0.0000000000
10241  24.262  -71.312  -31.508 0.0000000000
9273  23.484  -72.034  -30.740 0.0000000000
10234  23.657  -71.283  -31.274 0.0000000000
10235  23.092  -71.545  -30.864 0.0000000000
11175  23.190  -70.913  -30.802 0.0000000000
11174  23.849  -70.336  -31.114 0.0000000000
11182  24.208  -70.816  -31.500 0.0000000000
11168  23.373  -70.332  -30.487 0.0000000000
12118  24.136  -69.897  -30.946 0.0000000000
11173  24.288  -69.985  -31.179 0.0000000000
11169  22.856  -70.698  -30.174 0.0000000000
10228  22.592  -71.332  -30.478 0.0000000000
12125  24.780  -69.785  -31.300 0.0000000000
12054  23.139  -69.221  -27.774 0.0000000000
12073  22.791  -69.712  -28.215 0.0000000000
12089  23.024  -69.946  -28.964 0.0000000000
12055  22.501  -69.468  -27.557 0.0000000000
11119  22.154  -69.940  -27.958 0.0000000000
11136  22.405  -70.226  -28.600 0.0000000000
11153  23.249  -70.156  -29.780 0.0000000000
11154  22.542  -70.559  -29.373 0.0000000000
12987  24.655  -68.140  -26.273 0.0000000000
12988  24.289  -68.160  -26.187 0.0000000000
13007  23.883  -68.425  -26.668 0.0000000000
13025  24.234  -68.620  -27.379 0.0000000000
12989  23.479  -68.191  -25.859 0.0000000000
13008  23.103  -68.600  -26.594 0.0000000000
13026  23.494  -68.792  -27.260 0.0000000000
12990  22.604  -68.495  -25.990 0.0000000000
13009  22.393  -68.865  -26.580 0.0000000000
13027  22.809  -69.030  -27.119 0.0000000000
13010  21.961  -69.070  -26.597 0.0000000000
12039  22.189  -69.241  -26.971 0.0000000000
12991  21.731  -68.915  -26.131 0.0000000000
12040  21.542  -69.331  -26.679 0.0000000000
13897  23.210  -67.492  -23.988 0.0000000000
13920  22.920  -67.873  -24.639 0.0000000000
13946  23.505  -67.919  -25.248 0.0000000000
12952  22.402  -68.184  -24.858 0.0000000000
12951  22.752  -68.086  -24.909 0.0000000000
13921  22.073  -67.947  -24.278 0.0000000000
12971  22.911  -68.153  -25.264 0.0000000000
13947  23.115  -67.984  -25.047 0.0000000000
13898  22.527  -67.557  -23.720 0.0000000000
13965  24.040  -67.953  -25.680 0.0000000000
12970  23.300  -68.086  -25.457 0.0000000000
13966  23.676  -68.019  -25.597 0.0000000000
14847  23.057  -67.320  -23.547 0.0000000000
14831  22.732  -67.056  -22.906 0.0000000000
15814  24.723  -65.638  -21.929 0.0000000000
21021  26.686  -61.668  -19.670 0.0000000000
22124  26.961  -61.041  -19.671 0.0000000000
22125  26.590  -61.341  -19.284 0.0000000000
22108  26.700  -60.811  -19.110 0.0000000000
23253  26.876  -60.156  -19.337 0.0000000000
23268  27.246  -60.309  -19.941 0.0000000000
22109  26.262  -61.135  -18.723 0.0000000000
23281  27.506  -60.344  -20.495 0.0000000000
23280  27.664  -60.240  -20.921 0.0000000000
23292  27.886  -60.319  -21.364 0.0000000000
23304  28.144  -60.369  -21.872 0.0000000000
23303  28.301  -60.373  -22.336 0.0000000000
23319  28.433  -60.372  -22.848 0.0000000000
23331  28.539  -60.488  -23.322 0.0000000000
23346  28.637  -60.380  -23.872 0.0000000000
23363  28.809  -60.332  -24.697 0.0000000000
23375  28.856  -60.546  -25.554 0.0000000000
23386  28.690  -60.526  -26.426 0.0000000000
23254  26.507  -60.287  -18.754 0.0000000000
24431  26.583  -59.608  -18.946 0.0000000000
24430  26.780  -59.460  -19.354 0.0000000000
24445  27.030  -59.571  -19.794 0.0000000000
23234  26.045  -60.346  -18.225 0.0000000000
24411  26.231  -59.625  -18.460 0.0000000000
24460  27.347  -59.721  -20.317 0.0000000000
24459  27.538  -59.878  -20.726 0.0000000000
24474  27.690  -59.760  -21.162 0.0000000000
24489  27.975  -59.674  -21.839 0.0000000000
24488  28.210  -60.030  -22.132 0.0000000000
24507  28.276  -59.733  -22.571 0.0000000000
24529  28.533  -59.866  -23.333 0.0000000000
24548  28.709  -59.675  -24.145 0.0000000000
24412  25.748  -59.560  -17.976 0.0000000000
25660  25.922  -58.951  -18.327 0.0000000000
25682  26.289  -59.041  -18.787 0.0000000000
25681  26.584  -59.118  -19.150 0.0000000000
25695  26.695  -58.881  -19.620 0.0000000000
25711  27.049  -58.951  -20.315 0.0000000000
25710  27.458  -59.336  -20.793 0.0000000000
25726  27.599  -59.129  -21.397 0.0000000000
25746  27.682  -58.871  -22.103 0.0000000000
24508  28.023  -59.293  -22.319 0.0000000000
25769  28.047  -58.952  -22.840 0.0000000000
25768  28.348  -59.392  -23.070 0.0000000000
25790  28.405  -59.056  -23.589 0.0000000000
25727  27.185  -58.717  -21.031 0.0000000000
25747  27.280  -58.606  -21.625 0.0000000000
23235  25.443  -60.303  -17.758 0.0000000000
22085  25.677  -61.097  -18.104 0.0000000000
21000  25.706  -61.904  -18.572 0.0000000000
22086  24.982  -61.081  -17.674 0.0000000000
20975  25.295  -61.649  -18.076 0.0000000000
12972  22.064  -68.460  -25.431 0.0000000000
12056  21.881  -69.678  -27.337 0.0000000000
10216  22.353  -71.026  -29.911 0.0000000000
5940  29.103  -74.626  -24.406 0.0000000000
23210  24.813  -60.249  -17.351 0.0000000000
24389  25.165  -59.432  -17.554 0.0000000000
