#!ascii label  , from subject  vox2ras=TkReg
753
14835  19.387  -67.080  -22.611 0.0000000000
13880  19.088  -67.451  -23.066 0.0000000000
13879  19.813  -67.497  -23.018 0.0000000000
14834  20.074  -67.096  -22.493 0.0000000000
14836  18.749  -66.880  -22.724 0.0000000000
14813  19.547  -66.679  -22.179 0.0000000000
14814  19.136  -66.742  -22.426 0.0000000000
13881  18.411  -67.311  -23.230 0.0000000000
14837  18.168  -66.786  -23.093 0.0000000000
15821  18.910  -66.292  -22.286 0.0000000000
15839  18.328  -66.308  -22.776 0.0000000000
13882  18.021  -67.136  -23.384 0.0000000000
14848  17.738  -66.797  -23.505 0.0000000000
15840  17.930  -66.223  -23.248 0.0000000000
13904  17.856  -67.615  -23.848 0.0000000000
14849  17.331  -66.890  -23.934 0.0000000000
15853  17.450  -66.078  -23.907 0.0000000000
13905  17.298  -67.327  -24.141 0.0000000000
14865  17.042  -66.964  -24.474 0.0000000000
15854  17.187  -66.513  -24.232 0.0000000000
13925  17.192  -67.777  -24.518 0.0000000000
14866  16.694  -67.370  -24.958 0.0000000000
15872  17.111  -66.179  -24.715 0.0000000000
14886  16.781  -66.745  -25.026 0.0000000000
13926  16.735  -67.982  -24.972 0.0000000000
13948  16.362  -67.843  -25.412 0.0000000000
14887  16.456  -66.971  -25.656 0.0000000000
15885  16.813  -66.341  -25.447 0.0000000000
13967  16.140  -67.724  -26.155 0.0000000000
14904  16.393  -67.047  -26.436 0.0000000000
15886  16.672  -66.478  -25.834 0.0000000000
15903  16.628  -66.549  -26.237 0.0000000000
13983  16.176  -67.623  -26.882 0.0000000000
14919  16.561  -66.887  -27.072 0.0000000000
15920  16.618  -66.649  -26.645 0.0000000000
13995  16.556  -67.392  -27.707 0.0000000000
14932  16.709  -66.921  -27.521 0.0000000000
14918  16.871  -66.613  -27.394 0.0000000000
15919  17.003  -66.197  -26.838 0.0000000000
14931  16.960  -66.863  -27.872 0.0000000000
15820  19.601  -66.040  -21.713 0.0000000000
16811  18.923  -65.547  -22.070 0.0000000000
16827  18.450  -65.646  -22.686 0.0000000000
16828  18.111  -65.955  -23.068 0.0000000000
16841  18.045  -65.450  -23.424 0.0000000000
15871  17.382  -65.721  -24.434 0.0000000000
16858  17.818  -65.242  -24.381 0.0000000000
16859  17.383  -65.555  -24.839 0.0000000000
16874  17.225  -65.725  -25.508 0.0000000000
15902  16.912  -66.144  -26.030 0.0000000000
16884  17.282  -65.717  -26.328 0.0000000000
15932  17.257  -66.306  -27.618 0.0000000000
16898  17.342  -65.779  -26.704 0.0000000000
15918  17.402  -65.812  -26.939 0.0000000000
15931  17.541  -65.856  -27.321 0.0000000000
16897  17.762  -65.477  -26.831 0.0000000000
16915  18.031  -65.547  -27.505 0.0000000000
15944  17.944  -65.978  -28.099 0.0000000000
15945  17.398  -66.496  -28.079 0.0000000000
14943  17.649  -66.573  -28.454 0.0000000000
15957  18.078  -66.308  -28.739 0.0000000000
16928  18.341  -65.439  -27.910 0.0000000000
15943  18.442  -65.566  -28.305 0.0000000000
15956  18.737  -65.698  -28.908 0.0000000000
14944  17.259  -66.827  -28.279 0.0000000000
16810  19.292  -65.336  -21.699 0.0000000000
17797  19.066  -65.066  -22.013 0.0000000000
17814  18.787  -64.877  -22.535 0.0000000000
16840  18.425  -65.150  -23.003 0.0000000000
17829  18.536  -64.700  -23.467 0.0000000000
17830  18.173  -64.915  -23.981 0.0000000000
17851  18.173  -64.890  -24.295 0.0000000000
16857  18.184  -64.880  -24.530 0.0000000000
16872  18.211  -64.872  -24.923 0.0000000000
16873  17.732  -65.212  -25.221 0.0000000000
17850  18.569  -64.588  -24.420 0.0000000000
17868  18.798  -64.560  -25.313 0.0000000000
16882  18.256  -64.915  -25.671 0.0000000000
16883  17.725  -65.285  -26.009 0.0000000000
17882  18.809  -64.693  -26.097 0.0000000000
16896  18.337  -65.048  -26.434 0.0000000000
17893  18.810  -64.825  -26.683 0.0000000000
16914  18.627  -65.079  -27.304 0.0000000000
17909  19.019  -64.763  -26.968 0.0000000000
16913  19.187  -64.922  -27.833 0.0000000000
16927  18.832  -65.270  -28.198 0.0000000000
17908  19.396  -64.619  -27.268 0.0000000000
16942  19.143  -65.293  -28.635 0.0000000000
16926  19.391  -65.020  -28.371 0.0000000000
16941  19.564  -65.140  -29.034 0.0000000000
17796  19.278  -64.743  -21.886 0.0000000000
17813  19.256  -64.317  -22.430 0.0000000000
17828  19.104  -64.221  -23.112 0.0000000000
18847  19.636  -63.823  -22.772 0.0000000000
18865  19.644  -63.820  -23.581 0.0000000000
17849  19.140  -64.161  -23.954 0.0000000000
18891  19.688  -63.918  -24.214 0.0000000000
17867  19.591  -64.151  -24.873 0.0000000000
18918  19.956  -63.874  -24.519 0.0000000000
17866  20.050  -63.957  -25.120 0.0000000000
17880  20.173  -63.982  -25.600 0.0000000000
17881  19.440  -64.365  -25.851 0.0000000000
18917  20.364  -63.731  -24.871 0.0000000000
18938  20.812  -63.670  -25.522 0.0000000000
17891  19.984  -64.222  -26.612 0.0000000000
18957  20.821  -63.611  -26.335 0.0000000000
17892  19.241  -64.564  -26.588 0.0000000000
17907  20.059  -64.244  -27.522 0.0000000000
18970  20.478  -63.812  -27.121 0.0000000000
17922  19.657  -64.614  -27.985 0.0000000000
17921  20.150  -64.271  -28.273 0.0000000000
18977  20.443  -63.691  -27.849 0.0000000000
17936  19.838  -64.746  -28.538 0.0000000000
17935  20.178  -64.451  -29.071 0.0000000000
18989  20.409  -63.667  -28.680 0.0000000000
18831  19.667  -64.041  -21.906 0.0000000000
18846  20.123  -63.483  -22.341 0.0000000000
18864  20.285  -63.334  -23.278 0.0000000000
19928  20.579  -63.071  -22.541 0.0000000000
19941  20.744  -62.952  -23.123 0.0000000000
18863  20.760  -63.046  -23.517 0.0000000000
18889  20.907  -63.186  -24.121 0.0000000000
18890  20.147  -63.650  -24.104 0.0000000000
19940  21.137  -62.808  -23.458 0.0000000000
19955  21.489  -62.760  -23.963 0.0000000000
18916  21.167  -63.327  -25.055 0.0000000000
19977  21.673  -62.684  -24.683 0.0000000000
18937  21.222  -63.315  -25.753 0.0000000000
20002  21.452  -62.896  -25.432 0.0000000000
18956  21.219  -63.206  -26.162 0.0000000000
20027  21.310  -62.843  -25.950 0.0000000000
20028  21.122  -62.907  -26.473 0.0000000000
20047  20.764  -63.067  -27.230 0.0000000000
20063  20.535  -62.967  -28.215 0.0000000000
18998  20.367  -63.677  -29.516 0.0000000000
20082  20.419  -62.857  -29.125 0.0000000000
19915  20.469  -63.245  -22.031 0.0000000000
19914  20.884  -62.870  -21.713 0.0000000000
19927  21.060  -62.705  -22.735 0.0000000000
19926  21.341  -62.570  -23.124 0.0000000000
19939  21.577  -62.540  -23.510 0.0000000000
19954  21.853  -62.402  -24.016 0.0000000000
19976  21.697  -62.244  -24.366 0.0000000000
21128  21.327  -62.003  -24.547 0.0000000000
21148  21.279  -62.205  -25.587 0.0000000000
21171  21.205  -62.514  -26.201 0.0000000000
21172  20.847  -62.141  -26.698 0.0000000000
21192  20.559  -62.255  -27.759 0.0000000000
21211  20.444  -62.256  -28.615 0.0000000000
21127  21.612  -62.043  -24.066 0.0000000000
21116  21.186  -61.777  -23.764 0.0000000000
21117  20.820  -61.631  -24.253 0.0000000000
21129  20.679  -61.656  -24.966 0.0000000000
22214  20.109  -61.447  -24.197 0.0000000000
22229  19.875  -61.179  -25.265 0.0000000000
21149  20.535  -61.569  -25.901 0.0000000000
22244  19.978  -61.150  -26.121 0.0000000000
22260  20.241  -61.377  -26.711 0.0000000000
22281  20.299  -61.598  -27.451 0.0000000000
22300  20.216  -61.575  -28.284 0.0000000000
21233  20.393  -62.255  -29.129 0.0000000000
22317  20.276  -61.696  -29.130 0.0000000000
22213  20.617  -61.545  -23.723 0.0000000000
22203  20.134  -61.449  -23.268 0.0000000000
22204  19.476  -61.198  -23.480 0.0000000000
22215  19.309  -61.021  -24.382 0.0000000000
22205  18.814  -60.855  -23.629 0.0000000000
22216  18.705  -60.573  -24.413 0.0000000000
22230  19.045  -60.551  -25.250 0.0000000000
23332  18.263  -60.423  -23.763 0.0000000000
23347  18.221  -60.139  -24.561 0.0000000000
22231  18.609  -60.329  -24.894 0.0000000000
22245  19.521  -60.709  -26.001 0.0000000000
23365  18.480  -59.973  -25.349 0.0000000000
23364  18.847  -60.171  -25.654 0.0000000000
23376  19.102  -60.247  -26.001 0.0000000000
22261  19.732  -60.861  -26.704 0.0000000000
23387  19.368  -60.243  -26.658 0.0000000000
22282  19.902  -61.056  -27.351 0.0000000000
23401  19.625  -60.438  -27.329 0.0000000000
22301  19.987  -61.216  -27.883 0.0000000000
23416  19.783  -60.700  -28.008 0.0000000000
23415  19.958  -61.048  -28.300 0.0000000000
23428  20.035  -60.973  -28.822 0.0000000000
23320  18.359  -60.588  -22.931 0.0000000000
23321  17.795  -60.173  -23.116 0.0000000000
23333  17.820  -59.961  -23.907 0.0000000000
24509  17.356  -59.723  -23.388 0.0000000000
24530  17.460  -59.561  -24.099 0.0000000000
23348  17.813  -59.676  -24.540 0.0000000000
23366  18.062  -59.728  -24.997 0.0000000000
24549  17.535  -59.386  -24.593 0.0000000000
24562  17.732  -59.252  -25.124 0.0000000000
23377  18.773  -59.845  -26.005 0.0000000000
24561  18.093  -59.515  -25.411 0.0000000000
24571  18.267  -59.327  -25.973 0.0000000000
23388  19.057  -59.906  -26.426 0.0000000000
24580  18.819  -59.441  -26.639 0.0000000000
24579  19.149  -59.767  -26.827 0.0000000000
24591  19.361  -59.768  -27.298 0.0000000000
24606  19.624  -60.016  -27.917 0.0000000000
23429  19.881  -60.757  -28.474 0.0000000000
24620  19.801  -60.318  -28.743 0.0000000000
24490  17.263  -59.776  -22.462 0.0000000000
24510  16.852  -59.380  -22.994 0.0000000000
24531  17.050  -59.297  -23.746 0.0000000000
24491  16.675  -59.379  -22.302 0.0000000000
24511  16.525  -59.160  -22.686 0.0000000000
25770  16.566  -59.102  -22.982 0.0000000000
25792  16.640  -59.026  -23.402 0.0000000000
24550  17.266  -59.179  -24.403 0.0000000000
25806  16.796  -58.785  -24.188 0.0000000000
24563  17.457  -59.168  -24.784 0.0000000000
25816  17.339  -58.789  -25.001 0.0000000000
24572  17.964  -59.215  -25.591 0.0000000000
25815  17.625  -58.925  -25.319 0.0000000000
25824  17.813  -58.709  -25.827 0.0000000000
25823  18.137  -58.926  -26.141 0.0000000000
25832  18.337  -58.725  -26.601 0.0000000000
24592  19.107  -59.488  -27.073 0.0000000000
25842  19.043  -59.005  -27.484 0.0000000000
25841  19.457  -59.522  -27.758 0.0000000000
25854  19.517  -59.467  -28.340 0.0000000000
25793  16.380  -58.673  -23.634 0.0000000000
25807  16.434  -58.528  -24.066 0.0000000000
26978  16.417  -58.165  -24.516 0.0000000000
26977  16.907  -58.481  -24.711 0.0000000000
26963  16.209  -58.386  -23.899 0.0000000000
26993  17.011  -58.210  -25.189 0.0000000000
25825  17.377  -58.372  -25.519 0.0000000000
25833  17.999  -58.333  -26.437 0.0000000000
27008  17.265  -57.813  -26.101 0.0000000000
27007  17.792  -58.146  -26.330 0.0000000000
27021  18.054  -57.752  -26.933 0.0000000000
27020  18.596  -58.293  -27.212 0.0000000000
23306  17.893  -60.258  -22.247 0.0000000000
24475  17.416  -59.911  -21.551 0.0000000000
24476  16.853  -59.520  -21.678 0.0000000000
22191  18.956  -60.987  -22.776 0.0000000000
23305  18.516  -60.651  -22.076 0.0000000000
23294  18.032  -60.343  -21.379 0.0000000000
22174  19.129  -61.040  -21.928 0.0000000000
23293  18.677  -60.734  -21.215 0.0000000000
23283  18.196  -60.393  -20.520 0.0000000000
24461  17.560  -59.957  -20.701 0.0000000000
22159  19.338  -61.075  -21.100 0.0000000000
23282  18.916  -60.797  -20.312 0.0000000000
23271  18.397  -60.329  -19.689 0.0000000000
24446  17.789  -59.877  -19.892 0.0000000000
22146  19.594  -61.098  -20.352 0.0000000000
22129  19.325  -60.938  -19.908 0.0000000000
23270  19.081  -60.679  -19.457 0.0000000000
22128  19.781  -61.078  -19.531 0.0000000000
23269  19.515  -60.778  -19.040 0.0000000000
23257  19.163  -60.358  -18.718 0.0000000000
23258  18.642  -60.213  -19.066 0.0000000000
22113  19.815  -60.964  -18.961 0.0000000000
23256  19.793  -60.697  -18.532 0.0000000000
22112  20.248  -61.164  -18.754 0.0000000000
23255  20.115  -60.862  -18.321 0.0000000000
23238  20.266  -60.520  -17.791 0.0000000000
23239  19.475  -60.151  -18.112 0.0000000000
22092  20.316  -60.976  -18.236 0.0000000000
22202  20.767  -61.563  -23.107 0.0000000000
22190  19.624  -61.244  -22.622 0.0000000000
22189  20.291  -61.434  -22.479 0.0000000000
21103  21.210  -61.955  -23.040 0.0000000000
22188  20.891  -61.707  -22.375 0.0000000000
22173  19.812  -61.258  -21.806 0.0000000000
22172  20.480  -61.469  -21.700 0.0000000000
21089  21.305  -62.250  -22.341 0.0000000000
22171  21.053  -61.814  -21.608 0.0000000000
22158  20.026  -61.287  -21.021 0.0000000000
22157  20.685  -61.537  -20.928 0.0000000000
21075  21.341  -62.290  -21.506 0.0000000000
22156  21.236  -62.001  -20.811 0.0000000000
22145  20.244  -61.352  -20.258 0.0000000000
22144  20.846  -61.684  -20.205 0.0000000000
21060  21.283  -62.566  -21.026 0.0000000000
21045  21.435  -62.587  -20.319 0.0000000000
22143  21.242  -62.028  -20.122 0.0000000000
22127  20.545  -61.465  -19.532 0.0000000000
22126  21.083  -61.822  -19.598 0.0000000000
21024  21.481  -62.183  -19.685 0.0000000000
22111  21.135  -61.644  -18.862 0.0000000000
21004  21.372  -61.936  -19.263 0.0000000000
22091  20.772  -61.164  -18.182 0.0000000000
21003  21.842  -62.268  -19.053 0.0000000000
22110  21.638  -61.846  -18.604 0.0000000000
22090  21.709  -61.488  -18.006 0.0000000000
20980  21.895  -61.962  -18.507 0.0000000000
23237  21.157  -60.850  -17.651 0.0000000000
20979  22.433  -62.210  -18.383 0.0000000000
22089  22.678  -61.635  -17.700 0.0000000000
22064  22.252  -61.072  -17.408 0.0000000000
22065  21.830  -61.030  -17.551 0.0000000000
23236  21.599  -60.979  -17.608 0.0000000000
20978  23.241  -62.164  -17.933 0.0000000000
22088  23.506  -61.577  -17.524 0.0000000000
22063  23.039  -61.033  -17.283 0.0000000000
20977  24.018  -62.066  -17.829 0.0000000000
22087  24.258  -61.412  -17.556 0.0000000000
22062  23.792  -60.915  -17.306 0.0000000000
20976  24.763  -61.909  -17.940 0.0000000000
22086  24.982  -61.081  -17.674 0.0000000000
22061  24.407  -60.798  -17.366 0.0000000000
23214  21.749  -60.536  -17.213 0.0000000000
23213  22.625  -60.452  -17.067 0.0000000000
23212  23.402  -60.367  -17.063 0.0000000000
23211  24.126  -60.268  -17.139 0.0000000000
23210  24.813  -60.249  -17.351 0.0000000000
21115  21.555  -62.140  -23.570 0.0000000000
21102  21.454  -62.316  -23.061 0.0000000000
21088  21.352  -62.484  -22.807 0.0000000000
19902  21.046  -62.997  -20.767 0.0000000000
19886  21.248  -63.253  -20.176 0.0000000000
21044  21.479  -62.965  -20.031 0.0000000000
21023  21.648  -62.706  -19.719 0.0000000000
19885  21.576  -63.220  -19.793 0.0000000000
19870  21.860  -63.032  -19.409 0.0000000000
19857  22.168  -62.970  -19.028 0.0000000000
21002  22.273  -62.613  -18.777 0.0000000000
19856  22.701  -62.969  -18.698 0.0000000000
19841  23.116  -62.636  -18.319 0.0000000000
19840  23.770  -62.625  -18.177 0.0000000000
19839  24.507  -62.498  -18.205 0.0000000000
19838  24.926  -62.339  -18.286 0.0000000000
21001  25.183  -62.118  -18.323 0.0000000000
20975  25.295  -61.649  -18.076 0.0000000000
18830  20.266  -63.541  -21.527 0.0000000000
18829  20.648  -63.327  -20.991 0.0000000000
18812  20.860  -63.464  -20.483 0.0000000000
18795  21.084  -63.867  -19.998 0.0000000000
18794  21.380  -63.510  -19.840 0.0000000000
18780  21.738  -63.720  -19.497 0.0000000000
18765  22.019  -63.328  -19.235 0.0000000000
18764  22.355  -63.590  -19.039 0.0000000000
18763  23.084  -63.644  -18.782 0.0000000000
19855  23.471  -63.129  -18.527 0.0000000000
18762  23.909  -63.711  -18.864 0.0000000000
19854  24.253  -63.050  -18.551 0.0000000000
18761  24.601  -63.422  -18.973 0.0000000000
19853  25.165  -62.734  -18.794 0.0000000000
18777  25.102  -63.586  -19.542 0.0000000000
19869  25.478  -63.064  -19.397 0.0000000000
19868  25.847  -62.688  -19.398 0.0000000000
19852  25.774  -62.357  -18.994 0.0000000000
21000  25.706  -61.904  -18.572 0.0000000000
21022  26.266  -61.989  -19.311 0.0000000000
17777  19.697  -64.610  -21.357 0.0000000000
18814  19.929  -64.102  -21.200 0.0000000000
18813  20.400  -63.915  -20.609 0.0000000000
17776  20.096  -64.597  -20.831 0.0000000000
17760  20.575  -64.605  -20.390 0.0000000000
18796  20.771  -64.230  -20.221 0.0000000000
17759  21.146  -64.526  -20.024 0.0000000000
17746  21.266  -64.222  -19.845 0.0000000000
18781  21.384  -64.050  -19.712 0.0000000000
17745  21.604  -64.392  -19.692 0.0000000000
17744  22.281  -64.325  -19.378 0.0000000000
18779  22.161  -63.922  -19.218 0.0000000000
17730  22.378  -64.002  -19.127 0.0000000000
18778  24.452  -63.877  -19.278 0.0000000000
17741  24.600  -64.194  -19.705 0.0000000000
17755  25.056  -64.273  -20.271 0.0000000000
18793  25.544  -63.744  -20.176 0.0000000000
18776  25.788  -63.229  -19.853 0.0000000000
17729  22.757  -64.090  -19.063 0.0000000000
17728  23.378  -64.139  -19.033 0.0000000000
17742  23.958  -64.364  -19.407 0.0000000000
16793  19.556  -65.074  -21.450 0.0000000000
16792  19.934  -65.155  -21.058 0.0000000000
16778  20.391  -65.183  -20.678 0.0000000000
16777  20.952  -65.129  -20.326 0.0000000000
16776  21.638  -65.059  -20.072 0.0000000000
17758  21.500  -64.689  -19.876 0.0000000000
16764  21.712  -64.755  -19.807 0.0000000000
17756  24.295  -64.707  -20.155 0.0000000000
17774  25.302  -64.584  -21.088 0.0000000000
17754  25.628  -64.078  -20.653 0.0000000000
17775  24.744  -64.809  -20.712 0.0000000000
16763  22.022  -64.798  -19.729 0.0000000000
16762  22.595  -64.864  -19.672 0.0000000000
17743  23.124  -64.594  -19.433 0.0000000000
16774  23.160  -65.147  -20.073 0.0000000000
17757  23.682  -64.815  -19.846 0.0000000000
15800  19.691  -65.515  -21.359 0.0000000000
15799  20.285  -65.864  -21.160 0.0000000000
15782  20.774  -65.643  -20.634 0.0000000000
15781  21.392  -65.631  -20.511 0.0000000000
15780  22.114  -65.607  -20.457 0.0000000000
16775  22.390  -65.205  -20.044 0.0000000000
15779  22.818  -65.518  -20.486 0.0000000000
15778  23.230  -65.428  -20.513 0.0000000000
16791  23.542  -65.326  -20.554 0.0000000000
16773  23.775  -65.069  -20.304 0.0000000000
16790  24.137  -65.270  -20.928 0.0000000000
14812  20.309  -66.629  -21.849 0.0000000000
15819  20.138  -66.208  -21.542 0.0000000000
14794  20.374  -66.290  -21.475 0.0000000000
14793  20.791  -66.416  -21.404 0.0000000000
15798  21.099  -66.043  -20.976 0.0000000000
14792  21.564  -66.396  -21.459 0.0000000000
15797  21.852  -66.022  -20.945 0.0000000000
15818  22.342  -66.266  -21.511 0.0000000000
15796  22.605  -65.922  -20.944 0.0000000000
15795  23.373  -65.675  -20.958 0.0000000000
15817  23.064  -66.115  -21.497 0.0000000000
15816  23.651  -65.946  -21.555 0.0000000000
15794  23.847  -65.670  -21.271 0.0000000000
15815  24.205  -65.757  -21.632 0.0000000000
13878  20.550  -67.448  -23.020 0.0000000000
14833  20.858  -67.083  -22.480 0.0000000000
13877  21.291  -67.396  -23.069 0.0000000000
14832  21.693  -67.068  -22.602 0.0000000000
14811  21.217  -66.762  -21.948 0.0000000000
13876  21.988  -67.378  -23.165 0.0000000000
14831  22.732  -67.056  -22.906 0.0000000000
14810  22.077  -66.693  -22.078 0.0000000000
14809  22.917  -66.508  -22.084 0.0000000000
14830  23.785  -66.494  -22.625 0.0000000000
14808  23.467  -66.244  -21.960 0.0000000000
15838  23.907  -66.102  -22.023 0.0000000000
12977  16.535  -68.598  -25.216 0.0000000000
12993  16.039  -68.489  -25.804 0.0000000000
12959  16.979  -68.336  -24.869 0.0000000000
12958  17.462  -68.513  -24.726 0.0000000000
13924  17.636  -68.086  -24.361 0.0000000000
12957  18.110  -68.403  -24.471 0.0000000000
12936  18.556  -68.159  -24.082 0.0000000000
13903  18.770  -67.781  -23.627 0.0000000000
12935  19.228  -68.279  -24.073 0.0000000000
13902  19.520  -67.841  -23.567 0.0000000000
12934  19.965  -68.221  -24.088 0.0000000000
13901  20.276  -67.816  -23.610 0.0000000000
12933  20.404  -68.124  -24.034 0.0000000000
13923  20.716  -68.014  -23.964 0.0000000000
13900  20.966  -67.707  -23.570 0.0000000000
13899  21.692  -67.695  -23.627 0.0000000000
13922  21.285  -68.027  -24.110 0.0000000000
13898  22.527  -67.557  -23.720 0.0000000000
13921  22.073  -67.947  -24.278 0.0000000000
12015  16.712  -69.391  -25.168 0.0000000000
12976  17.004  -68.833  -24.964 0.0000000000
12028  16.147  -69.324  -25.611 0.0000000000
12014  17.418  -69.335  -24.990 0.0000000000
11998  17.921  -68.910  -24.876 0.0000000000
11997  18.515  -68.962  -24.918 0.0000000000
12956  18.883  -68.606  -24.555 0.0000000000
11996  19.211  -69.061  -25.025 0.0000000000
12955  19.713  -68.778  -24.815 0.0000000000
11995  19.555  -69.083  -25.120 0.0000000000
12011  19.748  -69.422  -25.531 0.0000000000
12975  19.918  -69.048  -25.181 0.0000000000
12954  20.644  -68.410  -24.553 0.0000000000
12974  20.296  -68.949  -25.213 0.0000000000
12973  21.151  -68.835  -25.511 0.0000000000
12953  21.598  -68.282  -24.798 0.0000000000
12972  22.064  -68.460  -25.431 0.0000000000
12952  22.402  -68.184  -24.858 0.0000000000
11084  17.040  -70.087  -25.232 0.0000000000
11095  16.403  -70.115  -25.508 0.0000000000
11083  17.733  -70.100  -25.203 0.0000000000
12013  18.142  -69.483  -25.094 0.0000000000
11082  18.427  -70.100  -25.403 0.0000000000
12012  18.873  -69.530  -25.259 0.0000000000
11081  19.164  -70.096  -25.789 0.0000000000
11080  19.571  -69.861  -25.847 0.0000000000
11093  19.797  -70.086  -26.235 0.0000000000
12027  19.963  -69.738  -25.987 0.0000000000
12026  20.322  -69.701  -26.228 0.0000000000
12010  20.597  -69.195  -25.726 0.0000000000
12025  21.095  -69.191  -26.115 0.0000000000
12009  20.955  -69.083  -25.777 0.0000000000
11094  19.358  -70.416  -26.123 0.0000000000
10137  19.469  -70.618  -26.361 0.0000000000
10160  19.823  -70.778  -26.814 0.0000000000
11107  20.140  -70.264  -26.678 0.0000000000
11106  20.303  -70.224  -26.765 0.0000000000
11092  20.142  -69.992  -26.409 0.0000000000
10120  16.726  -70.809  -25.456 0.0000000000
10119  17.357  -70.757  -25.350 0.0000000000
10118  18.018  -70.793  -25.511 0.0000000000
10117  18.609  -70.592  -25.726 0.0000000000
10138  18.855  -70.949  -26.093 0.0000000000
9204  19.164  -71.518  -26.805 0.0000000000
9203  19.651  -71.320  -27.113 0.0000000000
10161  19.358  -70.944  -26.532 0.0000000000
10180  19.899  -71.205  -27.245 0.0000000000
10179  20.391  -70.942  -27.475 0.0000000000
10159  20.193  -70.656  -26.997 0.0000000000
10139  18.438  -71.105  -25.852 0.0000000000
9180  18.588  -71.619  -26.211 0.0000000000
8271  18.658  -72.012  -26.570 0.0000000000
8291  18.761  -72.420  -26.909 0.0000000000
9222  19.150  -71.999  -27.201 0.0000000000
9221  19.720  -71.758  -27.585 0.0000000000
8308  19.213  -72.432  -27.432 0.0000000000
8307  19.600  -72.512  -27.822 0.0000000000
9240  19.877  -72.257  -28.046 0.0000000000
9239  20.404  -72.002  -28.441 0.0000000000
9220  20.259  -71.532  -27.884 0.0000000000
8323  19.902  -72.690  -28.201 0.0000000000
8322  20.212  -72.726  -28.520 0.0000000000
8328  20.556  -72.646  -28.845 0.0000000000
9257  20.751  -72.333  -28.964 0.0000000000
10199  20.530  -71.390  -28.032 0.0000000000
9256  21.041  -72.031  -29.159 0.0000000000
9238  20.946  -71.677  -28.733 0.0000000000
10198  21.083  -71.079  -28.312 0.0000000000
8327  21.051  -72.627  -29.196 0.0000000000
8332  21.257  -72.300  -29.462 0.0000000000
9267  21.443  -72.008  -29.662 0.0000000000
10218  21.256  -71.549  -29.002 0.0000000000
9255  21.455  -71.728  -29.441 0.0000000000
8331  21.568  -72.448  -29.705 0.0000000000
9266  21.806  -71.889  -29.938 0.0000000000
11122  20.632  -70.446  -27.223 0.0000000000
10178  20.831  -70.836  -27.788 0.0000000000
11121  20.990  -70.489  -27.602 0.0000000000
11138  21.334  -70.515  -28.007 0.0000000000
10217  21.809  -71.201  -29.299 0.0000000000
10197  21.675  -70.846  -28.698 0.0000000000
11137  21.749  -70.467  -28.317 0.0000000000
10229  22.144  -71.458  -30.026 0.0000000000
11155  22.046  -70.660  -28.855 0.0000000000
10216  22.353  -71.026  -29.911 0.0000000000
11154  22.542  -70.559  -29.373 0.0000000000
9265  22.230  -71.775  -30.354 0.0000000000
10228  22.592  -71.332  -30.478 0.0000000000
12042  20.474  -69.866  -26.565 0.0000000000
11105  20.791  -70.131  -27.106 0.0000000000
12041  20.807  -69.717  -26.692 0.0000000000
12057  21.264  -69.903  -27.192 0.0000000000
11120  21.552  -70.133  -27.749 0.0000000000
11136  22.405  -70.226  -28.600 0.0000000000
11119  22.154  -69.940  -27.958 0.0000000000
12992  21.330  -68.978  -25.919 0.0000000000
12040  21.542  -69.331  -26.679 0.0000000000
12024  21.455  -69.131  -26.313 0.0000000000
12991  21.731  -68.915  -26.131 0.0000000000
12056  21.881  -69.678  -27.337 0.0000000000
16809  24.629  -65.394  -21.493 0.0000000000
15837  24.412  -66.025  -22.322 0.0000000000
15814  24.723  -65.638  -21.929 0.0000000000
16789  24.819  -65.065  -21.196 0.0000000000
16808  25.185  -65.142  -21.812 0.0000000000
23215  20.945  -60.252  -17.259 0.0000000000
8335  22.017  -72.306  -30.038 0.0000000000
9275  22.171  -72.134  -30.345 0.0000000000
9274  22.664  -71.990  -30.635 0.0000000000
8330  22.188  -72.598  -29.746 0.0000000000
8334  22.462  -72.390  -30.268 0.0000000000
8329  22.946  -72.345  -29.883 0.0000000000
8333  22.885  -72.296  -30.461 0.0000000000
9273  23.484  -72.034  -30.740 0.0000000000
8326  21.615  -72.833  -29.144 0.0000000000
8325  22.555  -72.429  -29.031 0.0000000000
8324  22.948  -72.250  -29.382 0.0000000000
9253  23.282  -71.863  -29.185 0.0000000000
9264  23.536  -72.007  -29.985 0.0000000000
7462  20.475  -72.989  -28.551 0.0000000000
7461  20.813  -73.038  -28.820 0.0000000000
7460  21.078  -73.010  -28.946 0.0000000000
7456  21.204  -73.012  -28.694 0.0000000000
8320  21.607  -72.677  -28.299 0.0000000000
8319  22.318  -72.174  -28.138 0.0000000000
9237  22.823  -71.971  -28.548 0.0000000000
9254  22.886  -72.117  -28.940 0.0000000000
7458  20.203  -73.014  -28.122 0.0000000000
7457  20.846  -73.049  -28.218 0.0000000000
9218  22.687  -71.729  -27.674 0.0000000000
9236  23.290  -71.501  -28.198 0.0000000000
10196  23.742  -71.273  -28.683 0.0000000000
10215  23.678  -71.479  -29.074 0.0000000000
9252  23.798  -71.701  -29.742 0.0000000000
10214  24.040  -71.325  -29.298 0.0000000000
9263  24.071  -71.731  -30.254 0.0000000000
10235  23.092  -71.545  -30.864 0.0000000000
10177  23.959  -70.980  -27.705 0.0000000000
10195  24.448  -70.892  -28.483 0.0000000000
10227  24.122  -71.530  -29.831 0.0000000000
10213  24.870  -70.844  -29.209 0.0000000000
10226  24.543  -71.253  -29.956 0.0000000000
9262  24.578  -71.480  -30.484 0.0000000000
10233  24.929  -71.192  -30.381 0.0000000000
10225  25.371  -70.910  -29.961 0.0000000000
10194  25.324  -70.642  -28.294 0.0000000000
10212  25.675  -70.625  -29.085 0.0000000000
10193  25.959  -70.676  -28.303 0.0000000000
10211  26.474  -70.775  -28.977 0.0000000000
10224  26.024  -70.763  -29.625 0.0000000000
10192  26.577  -70.901  -28.074 0.0000000000
9235  27.139  -71.338  -28.550 0.0000000000
9251  26.926  -71.059  -29.245 0.0000000000
9260  26.588  -70.932  -29.919 0.0000000000
10176  24.838  -70.666  -27.646 0.0000000000
10175  25.546  -70.610  -27.621 0.0000000000
11118  25.554  -70.627  -27.940 0.0000000000
11135  25.694  -70.652  -28.103 0.0000000000
10174  26.091  -70.758  -27.638 0.0000000000
11117  25.795  -70.684  -27.883 0.0000000000
11134  25.916  -70.736  -28.085 0.0000000000
10173  26.540  -70.994  -27.454 0.0000000000
9216  26.894  -71.397  -27.612 0.0000000000
9217  23.296  -71.271  -27.347 0.0000000000
10157  23.700  -70.973  -26.707 0.0000000000
10156  24.512  -70.725  -26.844 0.0000000000
10155  25.265  -70.636  -26.942 0.0000000000
10154  25.866  -70.737  -27.050 0.0000000000
10153  26.292  -70.905  -27.121 0.0000000000
9197  26.613  -71.287  -26.908 0.0000000000
10133  24.270  -70.804  -25.950 0.0000000000
10132  25.048  -70.742  -26.158 0.0000000000
10131  25.705  -70.805  -26.409 0.0000000000
9198  26.181  -71.021  -26.651 0.0000000000
10110  24.919  -70.997  -25.147 0.0000000000
10109  25.547  -70.949  -25.762 0.0000000000
9175  26.101  -71.261  -26.044 0.0000000000
9153  25.728  -71.426  -25.256 0.0000000000
9272  24.332  -71.722  -30.862 0.0000000000
9250  27.407  -71.280  -29.520 0.0000000000
8302  27.308  -72.101  -27.795 0.0000000000
8318  27.520  -71.789  -28.388 0.0000000000
9234  27.753  -71.650  -28.868 0.0000000000
8287  26.898  -71.956  -26.986 0.0000000000
9174  26.389  -71.319  -26.463 0.0000000000
8266  26.576  -71.802  -26.310 0.0000000000
8267  26.253  -71.853  -25.672 0.0000000000
9133  25.545  -71.824  -24.725 0.0000000000
8247  25.955  -72.166  -25.148 0.0000000000
9154  25.253  -71.452  -24.718 0.0000000000
8317  27.856  -72.065  -28.359 0.0000000000
8301  27.920  -72.515  -27.912 0.0000000000
8316  28.313  -72.114  -28.133 0.0000000000
9233  28.401  -71.637  -28.592 0.0000000000
8300  28.594  -72.345  -27.554 0.0000000000
9215  28.709  -71.812  -28.061 0.0000000000
7433  26.886  -72.898  -26.904 0.0000000000
7447  27.474  -72.790  -27.522 0.0000000000
7446  28.000  -72.982  -27.368 0.0000000000
7445  28.455  -72.843  -27.046 0.0000000000
8286  28.849  -72.555  -26.949 0.0000000000
8299  29.130  -72.147  -27.154 0.0000000000
9214  29.259  -71.581  -27.649 0.0000000000
8285  29.481  -72.439  -26.587 0.0000000000
9196  29.529  -71.837  -27.076 0.0000000000
7415  26.740  -72.362  -26.515 0.0000000000
7431  28.710  -73.100  -26.511 0.0000000000
7430  29.269  -72.983  -26.217 0.0000000000
8265  29.578  -72.810  -26.172 0.0000000000
8264  29.976  -72.672  -26.059 0.0000000000
8284  30.254  -72.166  -26.370 0.0000000000
9195  30.097  -71.701  -26.845 0.0000000000
8263  30.724  -72.389  -25.889 0.0000000000
8283  30.641  -72.005  -26.263 0.0000000000
9194  30.563  -71.719  -26.518 0.0000000000
9173  30.958  -71.674  -26.197 0.0000000000
7416  26.416  -72.814  -25.918 0.0000000000
7413  29.600  -73.159  -25.856 0.0000000000
7412  30.244  -73.111  -25.554 0.0000000000
8227  25.540  -72.349  -24.601 0.0000000000
7400  25.820  -72.842  -25.032 0.0000000000
6696  27.446  -73.218  -27.199 0.0000000000
6695  27.759  -73.406  -26.943 0.0000000000
7432  28.184  -73.239  -26.865 0.0000000000
6690  26.330  -73.816  -26.434 0.0000000000
6689  27.231  -73.808  -26.869 0.0000000000
7434  26.562  -73.186  -26.435 0.0000000000
6688  28.024  -73.822  -26.401 0.0000000000
6687  28.582  -73.611  -26.177 0.0000000000
7414  29.020  -73.443  -26.020 0.0000000000
6660  25.799  -73.455  -25.430 0.0000000000
6676  26.028  -73.539  -25.933 0.0000000000
6674  28.586  -74.049  -25.746 0.0000000000
6673  29.348  -73.679  -25.554 0.0000000000
6672  29.782  -73.433  -25.478 0.0000000000
5976  25.994  -74.846  -26.514 0.0000000000
5975  26.874  -74.688  -26.421 0.0000000000
6691  25.621  -74.491  -26.373 0.0000000000
6677  25.572  -74.061  -25.890 0.0000000000
5974  27.451  -74.258  -26.456 0.0000000000
5965  27.646  -74.601  -25.908 0.0000000000
6675  28.065  -74.187  -25.924 0.0000000000
5964  28.103  -74.351  -25.693 0.0000000000
5952  28.233  -74.668  -25.299 0.0000000000
6659  28.708  -74.361  -25.296 0.0000000000
6658  29.146  -74.145  -25.223 0.0000000000
5951  28.886  -74.571  -24.954 0.0000000000
5343  26.702  -75.065  -26.244 0.0000000000
5335  26.865  -75.225  -25.912 0.0000000000
5966  27.174  -74.896  -26.055 0.0000000000
5344  26.377  -75.255  -26.282 0.0000000000
5334  27.282  -74.980  -25.823 0.0000000000
5325  27.463  -75.180  -25.360 0.0000000000
5953  27.787  -74.851  -25.440 0.0000000000
5324  27.863  -74.983  -25.232 0.0000000000
5313  28.003  -75.234  -24.870 0.0000000000
5941  28.555  -74.957  -24.591 0.0000000000
5940  29.103  -74.626  -24.406 0.0000000000
5950  29.383  -74.333  -24.794 0.0000000000
5299  28.171  -75.416  -23.966 0.0000000000
5928  28.733  -74.908  -24.027 0.0000000000
5910  28.437  -74.827  -23.470 0.0000000000
5927  29.222  -74.479  -23.803 0.0000000000
5279  28.097  -75.260  -23.485 0.0000000000
5280  27.621  -75.459  -23.080 0.0000000000
5911  27.781  -74.595  -22.927 0.0000000000
5909  28.833  -74.596  -23.596 0.0000000000
6603  28.803  -74.365  -23.504 0.0000000000
6604  28.307  -74.041  -23.308 0.0000000000
5314  27.438  -75.692  -24.543 0.0000000000
5326  26.810  -75.774  -25.089 0.0000000000
4721  27.120  -75.930  -24.418 0.0000000000
4705  27.197  -76.065  -24.131 0.0000000000
5300  27.615  -75.848  -23.840 0.0000000000
5315  27.028  -75.853  -24.636 0.0000000000
4690  27.260  -76.052  -23.556 0.0000000000
4691  26.839  -76.034  -23.140 0.0000000000
5281  26.805  -75.660  -22.635 0.0000000000
5260  27.149  -75.254  -22.478 0.0000000000
5259  27.409  -75.244  -22.687 0.0000000000
5897  27.392  -74.968  -22.601 0.0000000000
5898  26.969  -74.761  -22.137 0.0000000000
5261  26.539  -75.278  -21.990 0.0000000000
6594  27.309  -74.421  -22.477 0.0000000000
5899  26.656  -74.829  -21.858 0.0000000000
5886  26.692  -74.527  -21.830 0.0000000000
6595  26.817  -73.970  -22.044 0.0000000000
5887  26.379  -74.718  -21.563 0.0000000000
6605  27.505  -73.784  -22.807 0.0000000000
6623  29.033  -73.788  -23.651 0.0000000000
6624  28.516  -73.535  -23.512 0.0000000000
7340  28.033  -73.307  -23.355 0.0000000000
6606  27.019  -73.287  -22.492 0.0000000000
7341  27.417  -72.772  -22.944 0.0000000000
7331  26.634  -73.061  -22.049 0.0000000000
7342  26.919  -72.770  -22.480 0.0000000000
7360  28.664  -72.959  -23.785 0.0000000000
7361  27.977  -72.615  -23.530 0.0000000000
10151  30.773  -70.956  -26.793 0.0000000000
10152  30.166  -71.218  -27.137 0.0000000000
9213  29.812  -71.432  -27.277 0.0000000000
10171  30.016  -70.793  -27.656 0.0000000000
10172  29.421  -70.982  -28.113 0.0000000000
9232  28.985  -71.335  -28.344 0.0000000000
10170  30.594  -70.352  -27.404 0.0000000000
11115  30.409  -69.720  -27.989 0.0000000000
11116  30.003  -70.279  -28.204 0.0000000000
10190  29.712  -70.562  -28.304 0.0000000000
9261  25.950  -70.877  -30.059 0.0000000000
11104  31.065  -69.866  -27.072 0.0000000000
6582  26.557  -74.323  -21.673 0.0000000000
