#!ascii label  , from subject  vox2ras=TkReg
488
18809  -27.221  -58.414  -31.186 0.0000000000
18810  -27.747  -58.753  -31.361 0.0000000000
18792  -27.014  -58.763  -30.704 0.0000000000
20079  -26.727  -58.093  -31.189 0.0000000000
20080  -27.457  -58.056  -31.387 0.0000000000
17589  -27.886  -59.344  -31.176 0.0000000000
18793  -27.592  -59.125  -30.966 0.0000000000
17590  -28.254  -59.431  -31.716 0.0000000000
18811  -28.386  -58.808  -31.975 0.0000000000
20081  -28.209  -58.159  -31.660 0.0000000000
17602  -28.619  -59.376  -32.457 0.0000000000
18825  -28.856  -58.823  -32.435 0.0000000000
20090  -28.697  -58.417  -32.070 0.0000000000
17603  -28.996  -59.174  -32.830 0.0000000000
18826  -29.495  -58.927  -32.673 0.0000000000
20091  -29.149  -58.570  -32.175 0.0000000000
17614  -29.361  -59.454  -33.274 0.0000000000
18834  -29.755  -59.212  -33.038 0.0000000000
18812  -29.664  -58.641  -31.934 0.0000000000
18827  -30.205  -59.025  -32.361 0.0000000000
18835  -29.981  -59.164  -32.826 0.0000000000
17605  -30.748  -59.369  -32.679 0.0000000000
17604  -30.268  -59.276  -32.764 0.0000000000
18828  -30.942  -59.079  -32.005 0.0000000000
18813  -30.327  -58.836  -31.554 0.0000000000
17615  -30.189  -59.464  -33.202 0.0000000000
20062  -26.596  -58.401  -30.922 0.0000000000
20061  -26.124  -58.279  -30.759 0.0000000000
20078  -26.071  -57.749  -31.241 0.0000000000
21309  -26.481  -57.433  -31.364 0.0000000000
21310  -27.094  -57.481  -31.454 0.0000000000
21311  -27.806  -57.537  -31.344 0.0000000000
20063  -28.490  -57.797  -31.074 0.0000000000
20082  -29.024  -58.262  -31.567 0.0000000000
20064  -29.137  -58.125  -30.703 0.0000000000
18794  -29.714  -58.542  -31.108 0.0000000000
21308  -25.997  -57.276  -31.340 0.0000000000
21296  -26.778  -57.040  -31.157 0.0000000000
22503  -26.321  -57.008  -31.279 0.0000000000
21297  -27.359  -57.146  -30.948 0.0000000000
21298  -28.013  -57.328  -30.663 0.0000000000
22494  -26.403  -56.698  -30.935 0.0000000000
22502  -25.911  -56.777  -31.281 0.0000000000
21307  -25.516  -57.192  -31.284 0.0000000000
22501  -25.346  -56.664  -31.127 0.0000000000
22493  -25.836  -56.460  -30.738 0.0000000000
21295  -24.960  -57.155  -30.792 0.0000000000
22492  -24.991  -56.310  -30.543 0.0000000000
22480  -26.527  -56.481  -30.285 0.0000000000
21283  -26.931  -56.814  -30.647 0.0000000000
22479  -25.815  -56.196  -30.030 0.0000000000
22481  -26.998  -56.714  -30.243 0.0000000000
22465  -26.496  -56.289  -29.466 0.0000000000
22466  -27.048  -56.653  -29.771 0.0000000000
22453  -27.138  -56.589  -28.933 0.0000000000
21271  -27.625  -56.963  -29.415 0.0000000000
21284  -27.455  -56.963  -30.236 0.0000000000
20077  -25.755  -57.500  -31.290 0.0000000000
20060  -25.540  -57.705  -31.056 0.0000000000
21285  -28.133  -57.277  -29.873 0.0000000000
20047  -28.621  -57.692  -30.292 0.0000000000
20045  -25.312  -57.926  -30.407 0.0000000000
21282  -24.867  -57.424  -29.990 0.0000000000
21281  -24.442  -56.944  -30.305 0.0000000000
21294  -24.582  -56.706  -30.682 0.0000000000
21272  -28.219  -57.309  -29.059 0.0000000000
20034  -28.696  -57.665  -29.485 0.0000000000
20032  -25.314  -57.957  -29.566 0.0000000000
21270  -24.935  -57.443  -29.172 0.0000000000
21269  -24.426  -57.020  -29.615 0.0000000000
21260  -28.355  -57.272  -28.281 0.0000000000
20016  -28.759  -57.661  -28.694 0.0000000000
21259  -27.762  -56.962  -28.574 0.0000000000
20014  -25.503  -57.921  -28.656 0.0000000000
21258  -25.019  -57.408  -28.340 0.0000000000
21257  -24.454  -57.006  -28.800 0.0000000000
19992  -25.494  -57.721  -28.010 0.0000000000
21239  -25.260  -57.398  -27.648 0.0000000000
21238  -24.562  -56.868  -27.751 0.0000000000
21240  -25.636  -57.702  -27.652 0.0000000000
21214  -25.153  -57.118  -26.938 0.0000000000
21215  -25.678  -57.582  -27.182 0.0000000000
21213  -24.654  -56.705  -26.720 0.0000000000
22419  -24.159  -56.386  -27.126 0.0000000000
22439  -23.878  -56.349  -27.861 0.0000000000
22450  -23.989  -56.518  -28.554 0.0000000000
19966  -26.151  -57.853  -26.726 0.0000000000
21189  -25.692  -57.396  -26.345 0.0000000000
19993  -26.094  -58.128  -27.752 0.0000000000
21188  -25.016  -56.817  -25.978 0.0000000000
21187  -24.665  -56.654  -26.304 0.0000000000
22394  -24.335  -56.412  -26.233 0.0000000000
19943  -26.247  -57.660  -25.921 0.0000000000
21163  -25.970  -57.267  -25.374 0.0000000000
21162  -25.326  -56.800  -25.103 0.0000000000
22370  -24.772  -56.516  -25.162 0.0000000000
22395  -24.570  -56.482  -25.675 0.0000000000
19926  -26.312  -57.575  -25.542 0.0000000000
19927  -26.681  -57.857  -25.335 0.0000000000
21164  -26.430  -57.431  -24.928 0.0000000000
21144  -26.195  -57.181  -24.543 0.0000000000
21143  -25.717  -56.881  -24.677 0.0000000000
22347  -25.193  -56.464  -24.373 0.0000000000
21145  -26.661  -57.663  -24.437 0.0000000000
21127  -26.391  -57.269  -23.838 0.0000000000
22348  -25.903  -56.718  -24.015 0.0000000000
20065  -29.751  -58.464  -30.231 0.0000000000
20048  -29.194  -58.058  -29.868 0.0000000000
18791  -26.361  -58.686  -30.172 0.0000000000
20046  -25.790  -58.403  -29.956 0.0000000000
20035  -29.214  -58.016  -29.083 0.0000000000
20049  -29.718  -58.388  -29.389 0.0000000000
18773  -26.240  -58.738  -29.521 0.0000000000
20033  -25.816  -58.355  -29.187 0.0000000000
18753  -26.254  -58.637  -28.850 0.0000000000
20015  -25.982  -58.308  -28.560 0.0000000000
18730  -26.275  -58.491  -28.326 0.0000000000
18707  -26.426  -58.538  -28.050 0.0000000000
18708  -26.706  -58.691  -27.711 0.0000000000
19994  -26.597  -58.394  -27.394 0.0000000000
19967  -26.582  -58.244  -26.955 0.0000000000
18683  -26.897  -58.640  -27.097 0.0000000000
18666  -26.957  -58.551  -26.494 0.0000000000
19944  -26.635  -58.090  -26.213 0.0000000000
18649  -27.069  -58.511  -25.834 0.0000000000
18636  -27.319  -58.756  -25.084 0.0000000000
19910  -27.029  -58.183  -24.623 0.0000000000
17570  -27.704  -59.671  -30.638 0.0000000000
17569  -27.218  -59.355  -30.140 0.0000000000
18774  -26.790  -59.081  -29.829 0.0000000000
17549  -27.111  -59.449  -29.779 0.0000000000
17528  -27.031  -59.491  -29.355 0.0000000000
18754  -26.651  -59.040  -29.101 0.0000000000
17509  -27.008  -59.424  -28.650 0.0000000000
18731  -26.625  -58.866  -28.381 0.0000000000
17492  -27.063  -59.261  -27.943 0.0000000000
17474  -27.200  -59.067  -27.309 0.0000000000
18684  -27.264  -58.965  -26.698 0.0000000000
18667  -27.266  -58.881  -26.186 0.0000000000
18650  -27.390  -59.037  -25.706 0.0000000000
17616  -31.090  -59.745  -33.319 0.0000000000
17618  -29.809  -59.765  -33.768 0.0000000000
17619  -30.495  -59.863  -33.753 0.0000000000
16462  -28.839  -59.800  -33.359 0.0000000000
17613  -28.852  -59.540  -32.993 0.0000000000
16470  -29.110  -60.132  -33.877 0.0000000000
16461  -28.629  -60.000  -32.864 0.0000000000
16451  -28.519  -59.912  -32.206 0.0000000000
16442  -28.372  -60.127  -31.655 0.0000000000
17571  -28.110  -59.764  -31.205 0.0000000000
16430  -28.124  -60.310  -30.955 0.0000000000
16429  -27.904  -60.147  -30.635 0.0000000000
16414  -27.864  -60.453  -30.329 0.0000000000
17550  -27.383  -59.893  -29.802 0.0000000000
16399  -27.637  -60.710  -29.351 0.0000000000
17529  -27.340  -59.993  -28.950 0.0000000000
16382  -27.557  -60.575  -28.370 0.0000000000
17510  -27.382  -59.863  -28.155 0.0000000000
16364  -27.588  -60.360  -27.529 0.0000000000
17493  -27.465  -59.651  -27.429 0.0000000000
16347  -27.627  -60.080  -26.682 0.0000000000
17475  -27.474  -59.415  -26.870 0.0000000000
17460  -27.497  -59.412  -26.222 0.0000000000
15294  -28.914  -60.601  -34.185 0.0000000000
15293  -28.442  -60.729  -33.846 0.0000000000
16469  -28.613  -60.191  -33.465 0.0000000000
16474  -29.269  -60.579  -34.283 0.0000000000
16471  -29.936  -60.382  -34.189 0.0000000000
15285  -28.446  -60.526  -33.126 0.0000000000
15272  -28.444  -60.609  -32.370 0.0000000000
15258  -28.353  -60.747  -31.590 0.0000000000
15241  -28.205  -60.924  -31.049 0.0000000000
16415  -28.098  -60.683  -30.714 0.0000000000
15226  -28.066  -61.033  -30.579 0.0000000000
15225  -27.858  -61.181  -30.027 0.0000000000
15207  -27.713  -61.455  -29.426 0.0000000000
15189  -27.595  -61.419  -28.569 0.0000000000
15172  -27.590  -61.103  -27.655 0.0000000000
15159  -27.601  -60.872  -26.866 0.0000000000
15300  -28.948  -61.078  -34.510 0.0000000000
15292  -27.892  -61.334  -33.750 0.0000000000
15284  -28.167  -61.109  -33.003 0.0000000000
15299  -28.120  -61.372  -34.339 0.0000000000
14117  -27.483  -61.766  -33.833 0.0000000000
14110  -27.711  -61.695  -33.157 0.0000000000
15298  -27.720  -61.573  -34.155 0.0000000000
14097  -27.976  -61.675  -32.226 0.0000000000
15271  -28.235  -61.143  -32.423 0.0000000000
14098  -28.296  -61.123  -32.040 0.0000000000
14082  -28.202  -61.292  -31.550 0.0000000000
14068  -28.099  -61.413  -30.978 0.0000000000
14052  -27.994  -61.503  -30.475 0.0000000000
14051  -27.742  -61.889  -30.038 0.0000000000
14116  -27.041  -62.107  -33.989 0.0000000000
14109  -27.208  -62.097  -33.304 0.0000000000
14121  -27.567  -61.985  -34.509 0.0000000000
14096  -27.489  -62.099  -32.704 0.0000000000
12989  -27.503  -62.330  -32.122 0.0000000000
12974  -27.708  -62.186  -31.462 0.0000000000
14081  -28.011  -61.720  -31.414 0.0000000000
14067  -27.875  -61.884  -30.834 0.0000000000
13010  -28.106  -62.684  -34.736 0.0000000000
13009  -27.153  -62.852  -34.702 0.0000000000
14120  -27.025  -62.290  -34.455 0.0000000000
14122  -28.475  -61.912  -34.671 0.0000000000
13011  -28.891  -62.556  -34.672 0.0000000000
14123  -29.309  -61.885  -34.626 0.0000000000
13012  -29.553  -62.623  -34.392 0.0000000000
14124  -30.068  -61.941  -34.357 0.0000000000
15301  -29.823  -61.178  -34.480 0.0000000000
14118  -30.397  -62.149  -33.856 0.0000000000
13013  -30.025  -62.483  -34.074 0.0000000000
14125  -30.581  -61.685  -34.048 0.0000000000
15302  -30.431  -61.367  -34.308 0.0000000000
14119  -30.807  -61.715  -33.561 0.0000000000
15296  -30.976  -61.132  -33.885 0.0000000000
15286  -31.298  -61.260  -33.216 0.0000000000
15297  -31.354  -61.044  -33.569 0.0000000000
15295  -30.480  -60.840  -34.277 0.0000000000
16472  -30.954  -60.264  -33.831 0.0000000000
16473  -31.386  -60.689  -33.669 0.0000000000
15287  -31.623  -60.822  -33.335 0.0000000000
16475  -29.492  -60.787  -34.436 0.0000000000
16463  -31.276  -59.948  -33.543 0.0000000000
16464  -31.625  -60.156  -33.241 0.0000000000
17620  -30.883  -59.921  -33.703 0.0000000000
22329  -25.401  -56.178  -23.205 0.0000000000
22328  -24.735  -56.040  -23.884 0.0000000000
22346  -24.452  -56.200  -24.560 0.0000000000
22330  -26.118  -56.851  -23.325 0.0000000000
22369  -24.132  -56.202  -25.354 0.0000000000
22368  -23.715  -56.042  -25.984 0.0000000000
22393  -23.704  -56.085  -26.741 0.0000000000
22418  -23.669  -56.133  -27.393 0.0000000000
23607  -23.188  -55.791  -27.339 0.0000000000
22438  -23.444  -56.044  -27.857 0.0000000000
23585  -23.143  -55.802  -26.359 0.0000000000
23563  -23.855  -55.955  -24.668 0.0000000000
23562  -23.230  -55.771  -25.245 0.0000000000
23540  -24.084  -55.851  -23.997 0.0000000000
22319  -26.014  -56.825  -22.573 0.0000000000
22318  -25.555  -56.362  -22.182 0.0000000000
23503  -25.033  -55.933  -22.330 0.0000000000
23521  -24.841  -55.849  -22.798 0.0000000000
23520  -24.420  -55.777  -23.204 0.0000000000
15273  -31.277  -61.361  -32.421 0.0000000000
14112  -30.870  -61.741  -32.913 0.0000000000
15274  -31.881  -60.755  -32.616 0.0000000000
15260  -30.822  -61.404  -31.654 0.0000000000
14100  -30.776  -61.681  -32.351 0.0000000000
15261  -31.752  -61.055  -31.703 0.0000000000
15259  -30.240  -61.544  -31.130 0.0000000000
14084  -30.050  -62.028  -31.817 0.0000000000
14085  -30.491  -61.779  -32.127 0.0000000000
15243  -30.737  -61.237  -30.643 0.0000000000
15244  -31.510  -61.093  -30.811 0.0000000000
15242  -30.098  -61.491  -30.421 0.0000000000
14070  -29.805  -61.981  -30.953 0.0000000000
15229  -31.315  -61.087  -29.919 0.0000000000
15230  -32.114  -61.167  -30.023 0.0000000000
15245  -32.351  -60.967  -30.871 0.0000000000
15228  -30.556  -61.210  -29.837 0.0000000000
15227  -29.952  -61.489  -29.682 0.0000000000
14054  -29.648  -61.967  -30.174 0.0000000000
15211  -31.938  -61.338  -29.064 0.0000000000
15212  -32.569  -61.438  -29.459 0.0000000000
15231  -32.933  -61.270  -30.031 0.0000000000
15210  -31.017  -61.142  -29.144 0.0000000000
15209  -30.339  -61.259  -29.185 0.0000000000
15208  -29.905  -61.515  -29.101 0.0000000000
14036  -29.524  -61.979  -29.340 0.0000000000
14038  -32.716  -61.909  -28.824 0.0000000000
14055  -33.038  -61.628  -29.408 0.0000000000
14037  -32.234  -61.684  -28.591 0.0000000000
15193  -31.923  -61.575  -28.420 0.0000000000
15192  -31.319  -61.360  -28.325 0.0000000000
15191  -30.606  -61.276  -28.622 0.0000000000
15190  -30.136  -61.382  -28.753 0.0000000000
14018  -29.742  -61.705  -28.571 0.0000000000
14020  -32.244  -62.007  -28.101 0.0000000000
14019  -31.748  -61.662  -28.100 0.0000000000
14004  -31.460  -61.748  -27.579 0.0000000000
15175  -31.029  -61.484  -27.857 0.0000000000
15174  -30.638  -61.436  -28.077 0.0000000000
15173  -30.210  -61.445  -28.356 0.0000000000
14003  -30.672  -61.595  -27.534 0.0000000000
14002  -30.006  -61.656  -27.843 0.0000000000
14111  -30.528  -62.216  -33.269 0.0000000000
13007  -30.143  -62.692  -33.606 0.0000000000
14099  -30.425  -62.141  -32.565 0.0000000000
13000  -30.229  -62.641  -33.012 0.0000000000
12991  -29.890  -62.773  -32.416 0.0000000000
14083  -29.556  -62.497  -31.417 0.0000000000
12976  -29.708  -62.572  -31.909 0.0000000000
14069  -29.430  -62.505  -30.678 0.0000000000
12956  -29.345  -63.049  -31.116 0.0000000000
12975  -29.511  -63.052  -31.850 0.0000000000
14053  -29.355  -62.562  -29.924 0.0000000000
12941  -29.265  -63.099  -30.420 0.0000000000
14039  -33.531  -62.032  -29.164 0.0000000000
14056  -33.343  -61.564  -29.624 0.0000000000
14035  -29.281  -62.634  -29.267 0.0000000000
12923  -29.196  -63.255  -29.650 0.0000000000
14022  -33.973  -62.272  -28.607 0.0000000000
12913  -33.470  -62.678  -28.374 0.0000000000
12925  -33.175  -62.275  -28.721 0.0000000000
14040  -34.157  -61.944  -28.962 0.0000000000
15213  -34.056  -61.756  -29.371 0.0000000000
15232  -33.828  -61.324  -29.906 0.0000000000
12924  -32.965  -62.370  -28.475 0.0000000000
14021  -32.675  -62.245  -28.370 0.0000000000
14017  -29.301  -62.330  -28.641 0.0000000000
12910  -29.107  -63.085  -28.780 0.0000000000
12912  -32.763  -62.579  -28.021 0.0000000000
12911  -32.442  -62.375  -27.713 0.0000000000
14005  -32.138  -62.234  -27.277 0.0000000000
14001  -29.454  -62.045  -28.043 0.0000000000
12897  -29.116  -62.767  -27.845 0.0000000000
13988  -31.563  -62.121  -26.671 0.0000000000
13987  -30.813  -61.846  -26.906 0.0000000000
13986  -30.106  -61.830  -27.110 0.0000000000
13985  -29.473  -62.092  -27.372 0.0000000000
13967  -30.867  -62.108  -26.258 0.0000000000
13966  -30.198  -62.093  -26.460 0.0000000000
13965  -29.644  -62.178  -26.740 0.0000000000
12884  -29.167  -62.718  -26.827 0.0000000000
13006  -29.789  -62.863  -33.959 0.0000000000
11981  -29.311  -63.361  -33.917 0.0000000000
11988  -29.137  -62.964  -34.445 0.0000000000
11987  -28.697  -63.204  -34.554 0.0000000000
11986  -27.908  -63.580  -34.553 0.0000000000
11975  -29.837  -63.126  -33.192 0.0000000000
11982  -29.804  -63.046  -33.689 0.0000000000
12990  -29.582  -63.191  -32.300 0.0000000000
11971  -29.642  -63.298  -32.632 0.0000000000
11970  -29.431  -63.667  -32.219 0.0000000000
11960  -29.341  -63.614  -31.434 0.0000000000
11941  -29.270  -63.510  -30.832 0.0000000000
11926  -29.212  -63.689  -30.295 0.0000000000
11900  -29.034  -63.801  -29.107 0.0000000000
11914  -29.119  -63.886  -29.757 0.0000000000
12898  -32.582  -62.636  -27.435 0.0000000000
11881  -28.877  -63.772  -28.155 0.0000000000
11868  -28.779  -63.499  -27.120 0.0000000000
11980  -28.575  -63.679  -34.162 0.0000000000
11974  -29.374  -63.654  -33.005 0.0000000000
10914  -28.944  -64.021  -33.432 0.0000000000
10921  -28.836  -63.803  -33.845 0.0000000000
10920  -28.470  -64.099  -33.830 0.0000000000
11979  -28.192  -63.966  -34.174 0.0000000000
10909  -29.041  -64.407  -32.628 0.0000000000
10905  -29.264  -64.288  -31.676 0.0000000000
10892  -29.254  -64.044  -30.892 0.0000000000
10875  -29.114  -64.286  -30.222 0.0000000000
10863  -29.009  -64.367  -29.512 0.0000000000
10851  -28.872  -64.419  -28.779 0.0000000000
23488  -25.109  -56.194  -21.673 0.0000000000
23487  -24.554  -55.886  -21.758 0.0000000000
23502  -24.424  -55.744  -22.432 0.0000000000
23501  -23.739  -55.633  -22.632 0.0000000000
23519  -23.581  -55.638  -23.415 0.0000000000
23539  -23.388  -55.690  -24.221 0.0000000000
23538  -22.706  -55.515  -24.403 0.0000000000
23561  -22.413  -55.391  -25.082 0.0000000000
23584  -22.540  -55.468  -25.942 0.0000000000
23583  -22.070  -54.968  -25.583 0.0000000000
23605  -22.155  -54.960  -26.485 0.0000000000
23606  -22.609  -55.439  -26.902 0.0000000000
23537  -22.226  -55.204  -24.476 0.0000000000
23560  -22.079  -54.953  -24.880 0.0000000000
24750  -21.957  -54.656  -24.213 0.0000000000
24772  -21.912  -54.413  -25.076 0.0000000000
23518  -22.855  -55.533  -23.615 0.0000000000
23517  -22.246  -55.259  -23.832 0.0000000000
23500  -22.996  -55.547  -22.824 0.0000000000
23499  -22.323  -55.331  -23.032 0.0000000000
24736  -21.954  -54.747  -23.286 0.0000000000
23486  -23.876  -55.707  -21.885 0.0000000000
23485  -23.124  -55.563  -22.032 0.0000000000
23484  -22.423  -55.359  -22.236 0.0000000000
24724  -22.025  -54.847  -22.477 0.0000000000
23471  -24.675  -56.262  -21.140 0.0000000000
23470  -24.035  -55.942  -21.234 0.0000000000
23469  -23.308  -55.689  -21.287 0.0000000000
23468  -22.346  -55.522  -21.381 0.0000000000
24710  -21.982  -54.930  -21.757 0.0000000000
23451  -24.178  -56.256  -20.741 0.0000000000
23450  -23.554  -55.972  -20.670 0.0000000000
23449  -22.775  -55.791  -20.696 0.0000000000
23448  -21.849  -55.592  -20.659 0.0000000000
23467  -21.795  -55.404  -21.135 0.0000000000
24694  -21.710  -55.010  -21.312 0.0000000000
24693  -21.501  -55.152  -21.012 0.0000000000
22270  -22.396  -56.045  -20.175 0.0000000000
22271  -23.062  -56.205  -20.220 0.0000000000
22269  -21.927  -56.093  -20.050 0.0000000000
23435  -21.421  -55.741  -20.221 0.0000000000
23447  -21.200  -55.307  -20.451 0.0000000000
24674  -21.330  -54.890  -20.620 0.0000000000
23434  -20.795  -55.580  -20.083 0.0000000000
24657  -20.945  -54.808  -20.231 0.0000000000
24673  -21.023  -54.911  -20.468 0.0000000000
22242  -20.462  -56.322  -19.866 0.0000000000
23433  -20.016  -55.659  -19.796 0.0000000000
22243  -21.302  -56.271  -19.881 0.0000000000
24656  -20.263  -54.886  -19.878 0.0000000000
24655  -19.446  -54.972  -19.714 0.0000000000
25872  -19.807  -54.145  -19.749 0.0000000000
25873  -20.532  -54.125  -19.835 0.0000000000
24658  -21.216  -54.497  -20.374 0.0000000000
25874  -21.142  -54.107  -20.095 0.0000000000
25889  -21.531  -54.204  -20.468 0.0000000000
25911  -21.643  -54.565  -20.905 0.0000000000
25912  -21.975  -54.323  -21.260 0.0000000000
25926  -22.129  -54.304  -21.938 0.0000000000
25937  -22.118  -54.185  -22.693 0.0000000000
25948  -22.157  -53.968  -23.545 0.0000000000
25962  -22.117  -53.843  -24.466 0.0000000000
25871  -19.090  -54.084  -19.784 0.0000000000
27163  -19.445  -53.520  -19.776 0.0000000000
27164  -20.058  -53.283  -19.637 0.0000000000
27165  -20.903  -53.433  -19.666 0.0000000000
27166  -21.710  -53.550  -19.956 0.0000000000
27185  -21.868  -53.916  -20.380 0.0000000000
25890  -21.966  -54.091  -20.704 0.0000000000
27186  -22.259  -53.759  -20.372 0.0000000000
25891  -22.361  -53.921  -20.854 0.0000000000
25913  -22.556  -53.943  -21.394 0.0000000000
27187  -22.946  -53.419  -20.626 0.0000000000
27204  -23.066  -53.548  -21.629 0.0000000000
25927  -22.588  -53.862  -22.155 0.0000000000
27216  -22.977  -53.369  -22.401 0.0000000000
25938  -22.574  -53.691  -22.879 0.0000000000
27226  -22.950  -53.213  -23.066 0.0000000000
25949  -22.617  -53.462  -23.428 0.0000000000
27183  -18.866  -53.208  -20.036 0.0000000000
27184  -19.444  -52.914  -19.825 0.0000000000
28475  -20.567  -52.568  -19.497 0.0000000000
28474  -19.772  -52.249  -19.706 0.0000000000
28476  -21.307  -52.803  -19.466 0.0000000000
27167  -22.505  -53.276  -19.937 0.0000000000
28477  -22.037  -52.723  -19.422 0.0000000000
27168  -22.881  -53.131  -20.018 0.0000000000
28478  -22.924  -52.745  -19.652 0.0000000000
28497  -23.085  -53.051  -20.115 0.0000000000
28496  -19.128  -52.345  -20.067 0.0000000000
27205  -23.443  -53.160  -21.217 0.0000000000
27188  -23.409  -53.094  -20.730 0.0000000000
28498  -23.431  -52.886  -20.251 0.0000000000
28514  -23.773  -52.878  -20.831 0.0000000000
27217  -23.449  -53.086  -21.982 0.0000000000
28527  -23.899  -52.821  -21.525 0.0000000000
27227  -23.351  -52.919  -22.761 0.0000000000
28540  -23.859  -52.588  -22.360 0.0000000000
29798  -20.323  -51.551  -19.409 0.0000000000
29797  -19.667  -51.484  -19.681 0.0000000000
29822  -19.295  -51.621  -19.946 0.0000000000
29799  -21.066  -52.079  -19.298 0.0000000000
29800  -21.531  -52.360  -19.272 0.0000000000
28463  -22.466  -52.247  -19.119 0.0000000000
29780  -21.723  -51.789  -19.062 0.0000000000
28464  -23.084  -52.120  -19.097 0.0000000000
28479  -23.702  -52.333  -19.529 0.0000000000
28465  -23.482  -51.994  -19.065 0.0000000000
29801  -23.759  -51.842  -19.051 0.0000000000
28499  -24.067  -52.589  -20.295 0.0000000000
28480  -24.440  -52.267  -19.806 0.0000000000
29802  -24.266  -51.904  -19.208 0.0000000000
28500  -24.655  -52.363  -20.421 0.0000000000
28481  -24.869  -52.219  -19.997 0.0000000000
29803  -24.977  -51.911  -19.498 0.0000000000
28515  -24.294  -52.575  -20.990 0.0000000000
29781  -22.539  -51.574  -18.856 0.0000000000
29779  -20.972  -51.397  -19.182 0.0000000000
31115  -21.302  -50.928  -19.009 0.0000000000
31116  -21.972  -50.884  -18.832 0.0000000000
29782  -23.297  -51.495  -18.832 0.0000000000
31117  -22.728  -50.773  -18.710 0.0000000000
31118  -23.477  -50.697  -18.644 0.0000000000
29783  -23.953  -51.351  -18.820 0.0000000000
31137  -19.649  -50.823  -19.631 0.0000000000
31158  -19.387  -51.182  -19.817 0.0000000000
29778  -20.627  -51.128  -19.256 0.0000000000
31138  -20.402  -50.668  -19.311 0.0000000000
29784  -24.638  -51.397  -18.844 0.0000000000
29821  -18.882  -51.675  -20.374 0.0000000000
31157  -19.026  -50.805  -20.084 0.0000000000
31114  -20.844  -50.903  -19.175 0.0000000000
