#!ascii label  , from subject  vox2ras=TkReg
528
23541  -28.516  -55.179  -24.928 0.0000000000
23542  -29.013  -55.514  -24.795 0.0000000000
23565  -28.233  -55.535  -25.423 0.0000000000
24751  -28.701  -54.786  -24.628 0.0000000000
24774  -28.207  -54.815  -24.987 0.0000000000
23543  -29.878  -55.407  -24.256 0.0000000000
22349  -29.646  -56.019  -24.721 0.0000000000
22372  -29.253  -56.266  -25.264 0.0000000000
23566  -28.800  -55.884  -25.249 0.0000000000
24752  -29.323  -54.788  -24.278 0.0000000000
22350  -30.293  -56.096  -24.494 0.0000000000
23544  -30.683  -55.487  -24.130 0.0000000000
23522  -30.407  -55.014  -23.967 0.0000000000
24753  -29.995  -54.667  -23.995 0.0000000000
22351  -31.048  -56.112  -24.386 0.0000000000
23545  -31.390  -55.495  -24.170 0.0000000000
23523  -30.731  -55.078  -23.997 0.0000000000
24754  -31.061  -55.052  -24.036 0.0000000000
22352  -31.799  -56.025  -24.419 0.0000000000
23546  -32.097  -55.399  -24.217 0.0000000000
24755  -31.625  -54.837  -24.081 0.0000000000
22353  -32.501  -55.868  -24.521 0.0000000000
23547  -32.809  -55.342  -24.331 0.0000000000
24756  -32.382  -54.755  -24.175 0.0000000000
22354  -32.911  -55.746  -24.571 0.0000000000
23567  -33.205  -55.607  -24.574 0.0000000000
24757  -33.093  -54.723  -24.290 0.0000000000
23548  -33.361  -55.215  -24.408 0.0000000000
22371  -28.732  -56.175  -25.577 0.0000000000
22397  -28.389  -56.255  -26.123 0.0000000000
23588  -27.948  -55.809  -26.012 0.0000000000
23587  -27.428  -55.359  -26.061 0.0000000000
23564  -27.726  -55.167  -25.556 0.0000000000
24773  -27.853  -54.919  -25.301 0.0000000000
22396  -27.778  -56.044  -26.497 0.0000000000
23610  -27.233  -55.794  -26.861 0.0000000000
24791  -27.482  -54.790  -25.555 0.0000000000
23609  -26.623  -55.264  -26.678 0.0000000000
23586  -26.906  -55.055  -26.195 0.0000000000
24790  -26.993  -54.699  -25.883 0.0000000000
24809  -26.621  -54.846  -26.234 0.0000000000
23626  -25.931  -55.291  -27.379 0.0000000000
23608  -26.111  -55.046  -26.863 0.0000000000
23627  -26.752  -55.823  -27.526 0.0000000000
24808  -26.123  -54.674  -26.481 0.0000000000
22420  -27.577  -56.203  -27.096 0.0000000000
23628  -27.238  -56.070  -27.325 0.0000000000
24821  -25.794  -54.882  -26.967 0.0000000000
23641  -25.382  -55.350  -28.060 0.0000000000
23625  -25.507  -55.172  -27.596 0.0000000000
23642  -26.139  -55.723  -28.102 0.0000000000
24820  -25.232  -54.802  -27.385 0.0000000000
22441  -27.437  -56.393  -27.857 0.0000000000
22440  -26.830  -56.070  -27.984 0.0000000000
23643  -26.572  -55.936  -28.034 0.0000000000
24837  -24.798  -54.972  -28.063 0.0000000000
23654  -25.137  -55.568  -28.930 0.0000000000
23640  -24.748  -55.247  -28.540 0.0000000000
23655  -25.708  -55.667  -28.584 0.0000000000
22452  -26.551  -56.112  -28.518 0.0000000000
22451  -26.058  -55.838  -28.605 0.0000000000
22464  -25.787  -55.901  -29.180 0.0000000000
22463  -25.237  -55.764  -29.382 0.0000000000
23665  -24.798  -55.684  -29.552 0.0000000000
23653  -24.311  -55.350  -29.136 0.0000000000
22478  -25.224  -55.929  -29.823 0.0000000000
23673  -24.702  -55.870  -30.072 0.0000000000
23664  -24.221  -55.681  -29.811 0.0000000000
22492  -24.991  -56.310  -30.543 0.0000000000
23672  -24.312  -55.971  -30.346 0.0000000000
25963  -28.971  -54.158  -24.392 0.0000000000
25985  -28.366  -54.170  -24.696 0.0000000000
25964  -29.635  -54.080  -24.121 0.0000000000
24737  -30.447  -54.587  -23.911 0.0000000000
25965  -30.446  -54.089  -24.026 0.0000000000
24738  -30.769  -54.743  -23.948 0.0000000000
24739  -31.152  -54.672  -23.997 0.0000000000
25952  -31.361  -54.383  -24.022 0.0000000000
25967  -31.882  -54.140  -24.204 0.0000000000
25968  -32.712  -54.136  -24.313 0.0000000000
25984  -27.730  -54.223  -25.146 0.0000000000
24789  -26.525  -54.455  -26.048 0.0000000000
26001  -26.800  -54.017  -25.701 0.0000000000
26002  -27.242  -54.326  -25.513 0.0000000000
26000  -26.166  -53.971  -26.096 0.0000000000
26020  -25.745  -54.177  -26.484 0.0000000000
24807  -25.597  -54.519  -26.788 0.0000000000
26019  -25.168  -53.959  -26.747 0.0000000000
26041  -24.665  -54.190  -27.305 0.0000000000
24819  -24.457  -54.548  -27.813 0.0000000000
24836  -24.210  -54.826  -28.512 0.0000000000
25951  -30.930  -54.368  -23.955 0.0000000000
25966  -31.159  -53.974  -24.174 0.0000000000
27253  -29.276  -53.512  -24.425 0.0000000000
27252  -28.693  -53.633  -24.552 0.0000000000
27254  -30.011  -53.445  -24.396 0.0000000000
25950  -30.648  -54.439  -23.914 0.0000000000
27255  -30.780  -53.452  -24.462 0.0000000000
27256  -31.538  -53.498  -24.516 0.0000000000
27257  -32.319  -53.561  -24.566 0.0000000000
25983  -27.257  -53.882  -25.387 0.0000000000
27273  -27.516  -53.444  -25.208 0.0000000000
27274  -28.156  -53.389  -24.885 0.0000000000
25999  -25.676  -53.745  -26.341 0.0000000000
27293  -25.935  -53.313  -26.097 0.0000000000
27294  -26.495  -53.343  -25.767 0.0000000000
27272  -27.034  -53.395  -25.455 0.0000000000
27292  -25.411  -53.270  -26.374 0.0000000000
27316  -24.861  -53.139  -26.690 0.0000000000
26018  -24.481  -53.570  -27.106 0.0000000000
26040  -24.143  -53.921  -27.655 0.0000000000
27275  -28.873  -53.043  -24.755 0.0000000000
27276  -29.584  -52.925  -24.785 0.0000000000
27277  -30.360  -52.891  -24.952 0.0000000000
27278  -31.141  -53.049  -25.003 0.0000000000
28580  -27.297  -53.047  -25.344 0.0000000000
28593  -26.966  -52.637  -25.589 0.0000000000
28581  -27.709  -52.750  -25.251 0.0000000000
28582  -28.465  -52.602  -25.112 0.0000000000
28583  -29.173  -52.455  -25.182 0.0000000000
28584  -29.819  -52.455  -25.286 0.0000000000
28585  -30.346  -52.460  -25.507 0.0000000000
27295  -30.815  -52.685  -25.428 0.0000000000
28591  -25.704  -52.825  -26.181 0.0000000000
28607  -25.255  -52.608  -26.437 0.0000000000
28592  -26.214  -52.720  -25.947 0.0000000000
27315  -24.390  -52.939  -27.035 0.0000000000
28606  -24.687  -52.433  -26.796 0.0000000000
28594  -27.556  -52.171  -25.565 0.0000000000
29918  -28.147  -52.115  -25.472 0.0000000000
29919  -28.802  -52.090  -25.475 0.0000000000
29920  -29.186  -52.118  -25.516 0.0000000000
28595  -29.485  -52.150  -25.537 0.0000000000
28596  -29.922  -52.089  -25.933 0.0000000000
29929  -25.821  -52.247  -26.277 0.0000000000
29930  -26.489  -52.036  -26.045 0.0000000000
29931  -27.193  -51.848  -25.928 0.0000000000
29932  -27.865  -51.724  -25.911 0.0000000000
29934  -29.281  -51.846  -25.911 0.0000000000
28621  -24.148  -52.405  -27.255 0.0000000000
29949  -25.259  -51.816  -26.709 0.0000000000
29948  -24.511  -51.786  -27.112 0.0000000000
27338  -23.947  -53.131  -27.529 0.0000000000
28620  -23.671  -52.425  -27.701 0.0000000000
29973  -23.938  -51.761  -27.602 0.0000000000
29933  -28.547  -51.708  -25.932 0.0000000000
29950  -26.094  -51.593  -26.553 0.0000000000
29951  -26.849  -51.486  -26.458 0.0000000000
29952  -27.559  -51.431  -26.410 0.0000000000
29953  -28.219  -51.394  -26.404 0.0000000000
29954  -28.941  -51.382  -26.621 0.0000000000
29935  -29.627  -51.862  -26.070 0.0000000000
29955  -29.660  -51.703  -26.394 0.0000000000
31261  -24.970  -51.232  -27.264 0.0000000000
31260  -24.412  -51.336  -27.527 0.0000000000
31262  -25.731  -51.171  -27.110 0.0000000000
31263  -26.523  -51.118  -27.024 0.0000000000
31264  -27.278  -51.180  -26.985 0.0000000000
31265  -27.964  -51.221  -26.906 0.0000000000
31266  -28.419  -51.255  -26.808 0.0000000000
29972  -23.490  -51.942  -27.920 0.0000000000
31281  -24.048  -51.122  -27.922 0.0000000000
31280  -23.636  -51.495  -28.055 0.0000000000
31282  -24.670  -50.856  -27.789 0.0000000000
31283  -25.402  -50.773  -27.689 0.0000000000
31284  -26.197  -50.773  -27.647 0.0000000000
31285  -26.994  -50.851  -27.599 0.0000000000
29987  -23.157  -51.714  -28.247 0.0000000000
31291  -23.518  -50.897  -28.314 0.0000000000
31292  -24.277  -50.535  -28.301 0.0000000000
31293  -25.045  -50.395  -28.234 0.0000000000
31294  -25.829  -50.452  -28.258 0.0000000000
31295  -26.681  -50.567  -28.347 0.0000000000
31290  -22.801  -51.060  -28.212 0.0000000000
32671  -23.024  -50.370  -28.362 0.0000000000
32672  -23.703  -49.960  -28.421 0.0000000000
32673  -24.648  -49.813  -28.665 0.0000000000
32674  -25.452  -50.027  -28.754 0.0000000000
32675  -26.191  -50.207  -28.880 0.0000000000
32668  -22.805  -50.509  -27.704 0.0000000000
32669  -23.124  -49.849  -27.856 0.0000000000
34089  -23.476  -49.217  -28.084 0.0000000000
34092  -24.108  -49.195  -28.514 0.0000000000
34093  -24.898  -48.972  -28.783 0.0000000000
32678  -25.234  -49.430  -29.000 0.0000000000
32679  -25.869  -49.629  -29.206 0.0000000000
34096  -25.219  -49.109  -28.966 0.0000000000
34097  -25.559  -48.950  -29.024 0.0000000000
34085  -23.483  -49.445  -27.348 0.0000000000
34090  -23.619  -48.946  -27.604 0.0000000000
35486  -23.606  -48.785  -27.923 0.0000000000
35491  -23.811  -48.764  -28.220 0.0000000000
34086  -23.917  -48.952  -27.043 0.0000000000
35487  -23.936  -48.517  -27.706 0.0000000000
35492  -24.340  -48.533  -28.337 0.0000000000
34094  -25.257  -48.631  -28.799 0.0000000000
35493  -25.074  -48.276  -28.437 0.0000000000
35481  -24.342  -48.477  -27.181 0.0000000000
35488  -24.627  -48.224  -27.717 0.0000000000
34087  -24.490  -48.799  -26.751 0.0000000000
35482  -25.001  -48.411  -26.987 0.0000000000
34079  -24.309  -49.324  -26.406 0.0000000000
34080  -24.981  -48.978  -26.282 0.0000000000
32665  -23.802  -49.621  -26.716 0.0000000000
32664  -23.288  -50.278  -26.841 0.0000000000
32650  -24.116  -50.183  -25.988 0.0000000000
32651  -24.727  -49.586  -25.860 0.0000000000
31279  -22.609  -51.177  -27.516 0.0000000000
32663  -22.830  -50.703  -27.225 0.0000000000
31259  -23.186  -50.741  -26.512 0.0000000000
31242  -23.540  -50.735  -26.079 0.0000000000
32649  -23.612  -50.368  -26.281 0.0000000000
31258  -22.877  -50.981  -26.809 0.0000000000
32631  -25.058  -50.211  -25.189 0.0000000000
34063  -25.306  -49.372  -25.605 0.0000000000
31243  -24.002  -50.663  -25.757 0.0000000000
31227  -24.397  -50.759  -25.313 0.0000000000
32630  -24.533  -50.389  -25.507 0.0000000000
31228  -24.855  -50.731  -24.959 0.0000000000
31217  -25.161  -50.852  -24.473 0.0000000000
32613  -25.518  -50.442  -24.561 0.0000000000
32614  -26.122  -50.047  -24.362 0.0000000000
32632  -25.725  -49.657  -25.131 0.0000000000
31218  -25.697  -50.631  -24.191 0.0000000000
29986  -22.566  -51.799  -28.027 0.0000000000
29971  -22.345  -51.786  -27.499 0.0000000000
29947  -22.537  -51.583  -26.960 0.0000000000
31241  -23.106  -51.021  -26.322 0.0000000000
29927  -22.839  -51.517  -26.296 0.0000000000
31226  -23.895  -50.930  -25.576 0.0000000000
29928  -23.213  -51.238  -25.965 0.0000000000
29916  -23.545  -51.301  -25.506 0.0000000000
31216  -24.704  -51.022  -24.771 0.0000000000
29917  -23.986  -51.205  -25.213 0.0000000000
29904  -24.280  -51.374  -24.696 0.0000000000
31206  -25.514  -50.963  -23.887 0.0000000000
31207  -26.072  -50.747  -23.589 0.0000000000
29905  -24.729  -51.287  -24.331 0.0000000000
29890  -25.052  -51.364  -23.764 0.0000000000
29891  -25.587  -51.229  -23.430 0.0000000000
29876  -25.939  -51.267  -22.871 0.0000000000
31196  -26.471  -50.845  -22.857 0.0000000000
31208  -26.599  -50.468  -23.285 0.0000000000
32598  -26.461  -50.311  -23.685 0.0000000000
28641  -23.285  -52.402  -28.111 0.0000000000
28640  -22.824  -52.383  -28.300 0.0000000000
28639  -22.361  -52.495  -28.140 0.0000000000
29985  -22.282  -52.155  -27.793 0.0000000000
28619  -22.254  -52.615  -27.657 0.0000000000
29970  -22.251  -52.202  -27.439 0.0000000000
29946  -22.297  -52.015  -27.094 0.0000000000
28604  -22.289  -52.494  -27.062 0.0000000000
28605  -22.481  -52.137  -26.529 0.0000000000
29915  -23.090  -51.671  -25.647 0.0000000000
28590  -22.743  -52.091  -25.891 0.0000000000
29903  -23.738  -51.575  -24.896 0.0000000000
28579  -23.339  -51.746  -25.136 0.0000000000
28578  -22.976  -52.217  -25.148 0.0000000000
29889  -24.350  -51.681  -23.886 0.0000000000
29888  -23.860  -51.775  -24.291 0.0000000000
28567  -23.413  -52.024  -24.533 0.0000000000
29875  -25.224  -51.599  -22.942 0.0000000000
29874  -24.671  -51.709  -23.310 0.0000000000
28555  -24.263  -51.916  -23.331 0.0000000000
28554  -23.610  -52.331  -23.517 0.0000000000
29858  -25.654  -51.656  -22.124 0.0000000000
29859  -26.412  -51.199  -22.150 0.0000000000
28542  -25.109  -51.844  -22.406 0.0000000000
28541  -24.526  -52.066  -22.687 0.0000000000
29843  -26.230  -51.555  -21.357 0.0000000000
29844  -26.787  -51.111  -21.412 0.0000000000
29860  -26.830  -50.872  -21.941 0.0000000000
31185  -26.743  -50.790  -22.384 0.0000000000
28529  -25.051  -52.081  -21.896 0.0000000000
29842  -25.573  -51.980  -21.234 0.0000000000
29824  -26.057  -51.749  -20.520 0.0000000000
29825  -26.716  -51.372  -20.640 0.0000000000
28516  -24.901  -52.293  -21.109 0.0000000000
29823  -25.300  -52.092  -20.331 0.0000000000
29804  -25.824  -51.634  -19.596 0.0000000000
29805  -26.466  -51.460  -19.967 0.0000000000
28500  -24.655  -52.363  -20.421 0.0000000000
28481  -24.869  -52.219  -19.997 0.0000000000
29803  -24.977  -51.911  -19.498 0.0000000000
27337  -23.487  -52.936  -27.973 0.0000000000
27357  -23.080  -53.062  -28.402 0.0000000000
27356  -22.563  -52.939  -28.468 0.0000000000
27355  -22.150  -53.280  -28.182 0.0000000000
27336  -22.210  -53.123  -27.256 0.0000000000
27314  -22.561  -52.439  -26.109 0.0000000000
27313  -22.411  -52.915  -26.360 0.0000000000
27291  -22.618  -52.615  -25.658 0.0000000000
27271  -22.705  -52.863  -24.966 0.0000000000
28566  -23.045  -52.570  -24.277 0.0000000000
27251  -22.654  -53.116  -24.354 0.0000000000
27239  -22.951  -52.942  -23.699 0.0000000000
28553  -23.179  -52.598  -23.815 0.0000000000
27240  -23.201  -52.841  -23.249 0.0000000000
27227  -23.351  -52.919  -22.761 0.0000000000
28540  -23.859  -52.588  -22.360 0.0000000000
28528  -24.431  -52.425  -21.763 0.0000000000
28527  -23.899  -52.821  -21.525 0.0000000000
28515  -24.294  -52.575  -20.990 0.0000000000
26039  -23.598  -53.652  -28.191 0.0000000000
26058  -23.082  -53.821  -28.893 0.0000000000
26057  -22.727  -53.337  -28.790 0.0000000000
27369  -22.272  -53.198  -28.857 0.0000000000
26056  -22.037  -54.047  -28.112 0.0000000000
26038  -22.070  -53.816  -27.521 0.0000000000
26071  -22.093  -53.883  -28.686 0.0000000000
27368  -22.126  -53.535  -28.784 0.0000000000
26017  -22.188  -53.679  -26.699 0.0000000000
25998  -22.247  -53.572  -25.982 0.0000000000
27290  -22.414  -53.189  -25.515 0.0000000000
25982  -22.128  -53.761  -25.312 0.0000000000
27270  -22.367  -53.358  -24.828 0.0000000000
25962  -22.117  -53.843  -24.466 0.0000000000
27250  -22.371  -53.434  -24.397 0.0000000000
27238  -22.451  -53.451  -23.972 0.0000000000
27226  -22.950  -53.213  -23.066 0.0000000000
25949  -22.617  -53.462  -23.428 0.0000000000
25948  -22.157  -53.968  -23.545 0.0000000000
24848  -22.166  -54.179  -29.024 0.0000000000
24833  -22.103  -54.439  -28.608 0.0000000000
26072  -22.393  -53.766  -29.214 0.0000000000
24835  -23.622  -54.343  -28.716 0.0000000000
24850  -23.176  -54.567  -29.287 0.0000000000
26073  -22.785  -54.177  -29.242 0.0000000000
24817  -22.058  -54.439  -27.835 0.0000000000
24818  -23.944  -54.301  -28.153 0.0000000000
24806  -22.049  -54.356  -27.005 0.0000000000
24788  -22.018  -54.246  -26.024 0.0000000000
24772  -21.912  -54.413  -25.076 0.0000000000
23652  -23.475  -55.458  -29.426 0.0000000000
23651  -22.899  -54.987  -29.287 0.0000000000
24849  -22.443  -54.588  -29.259 0.0000000000
24851  -23.730  -54.913  -29.044 0.0000000000
23638  -22.714  -55.271  -28.795 0.0000000000
24834  -22.328  -54.831  -28.782 0.0000000000
23637  -22.272  -54.927  -28.250 0.0000000000
23622  -22.233  -54.956  -27.404 0.0000000000
23605  -22.155  -54.960  -26.485 0.0000000000
23583  -22.070  -54.968  -25.583 0.0000000000
22491  -24.281  -56.421  -30.410 0.0000000000
23671  -23.999  -56.127  -30.378 0.0000000000
23663  -23.874  -55.910  -30.044 0.0000000000
22490  -23.919  -56.270  -30.151 0.0000000000
22476  -23.762  -56.177  -29.713 0.0000000000
22461  -23.614  -56.127  -29.074 0.0000000000
23639  -23.244  -55.754  -28.816 0.0000000000
22449  -23.504  -56.122  -28.416 0.0000000000
23624  -23.078  -55.765  -28.202 0.0000000000
23623  -22.608  -55.425  -27.841 0.0000000000
22438  -23.444  -56.044  -27.857 0.0000000000
23607  -23.188  -55.791  -27.339 0.0000000000
23606  -22.609  -55.439  -26.902 0.0000000000
21294  -24.582  -56.706  -30.682 0.0000000000
21281  -24.442  -56.944  -30.305 0.0000000000
22477  -24.100  -56.583  -29.962 0.0000000000
22479  -25.815  -56.196  -30.030 0.0000000000
21269  -24.426  -57.020  -29.615 0.0000000000
22462  -24.022  -56.592  -29.317 0.0000000000
22465  -26.496  -56.289  -29.466 0.0000000000
21257  -24.454  -57.006  -28.800 0.0000000000
22450  -23.989  -56.518  -28.554 0.0000000000
22453  -27.138  -56.589  -28.933 0.0000000000
22439  -23.878  -56.349  -27.861 0.0000000000
22442  -28.046  -56.789  -27.560 0.0000000000
21241  -28.008  -56.933  -27.944 0.0000000000
21259  -27.762  -56.962  -28.574 0.0000000000
22421  -28.252  -56.643  -26.989 0.0000000000
21217  -29.140  -57.228  -26.783 0.0000000000
21216  -28.614  -57.038  -27.058 0.0000000000
22422  -28.744  -56.699  -26.482 0.0000000000
21242  -28.513  -57.149  -27.477 0.0000000000
22398  -29.141  -56.711  -26.028 0.0000000000
22373  -29.952  -56.569  -25.093 0.0000000000
22399  -29.602  -56.778  -25.583 0.0000000000
22377  -33.108  -56.177  -24.900 0.0000000000
22376  -32.245  -56.496  -24.777 0.0000000000
22375  -31.453  -56.637  -24.735 0.0000000000
22374  -30.677  -56.656  -24.827 0.0000000000
21243  -28.981  -57.460  -27.396 0.0000000000
21260  -28.355  -57.272  -28.281 0.0000000000
21261  -28.891  -57.554  -27.936 0.0000000000
19969  -29.833  -57.707  -26.750 0.0000000000
19968  -29.453  -57.611  -26.971 0.0000000000
21218  -29.595  -57.408  -26.540 0.0000000000
19995  -29.423  -57.816  -27.439 0.0000000000
21190  -29.364  -57.075  -26.298 0.0000000000
21191  -29.802  -57.266  -26.112 0.0000000000
19946  -30.310  -57.755  -26.324 0.0000000000
19945  -29.977  -57.596  -26.381 0.0000000000
21192  -30.650  -57.515  -25.767 0.0000000000
21165  -29.920  -56.934  -25.531 0.0000000000
21166  -30.328  -57.058  -25.385 0.0000000000
21167  -31.064  -57.136  -25.210 0.0000000000
19996  -30.229  -58.219  -27.460 0.0000000000
20018  -29.839  -58.286  -28.096 0.0000000000
20017  -29.282  -57.964  -28.325 0.0000000000
19970  -30.673  -58.153  -26.938 0.0000000000
19947  -31.053  -57.934  -26.214 0.0000000000
19971  -31.462  -58.305  -26.688 0.0000000000
21193  -31.445  -57.616  -25.614 0.0000000000
19948  -31.837  -57.997  -26.115 0.0000000000
19972  -32.215  -58.359  -26.619 0.0000000000
21194  -32.245  -57.540  -25.635 0.0000000000
19949  -32.602  -57.931  -26.145 0.0000000000
19973  -32.983  -58.296  -26.647 0.0000000000
21195  -33.014  -57.398  -25.781 0.0000000000
19950  -33.287  -57.838  -26.227 0.0000000000
19974  -33.866  -58.120  -26.753 0.0000000000
21196  -33.929  -57.284  -25.989 0.0000000000
18685  -31.200  -58.546  -27.191 0.0000000000
18710  -30.708  -58.506  -27.556 0.0000000000
19997  -30.548  -58.277  -27.325 0.0000000000
18686  -31.829  -58.690  -27.155 0.0000000000
18687  -32.583  -58.743  -27.122 0.0000000000
18688  -33.342  -58.671  -27.139 0.0000000000
18689  -33.831  -58.583  -27.215 0.0000000000
19998  -34.298  -58.476  -27.413 0.0000000000
21219  -34.474  -57.602  -26.550 0.0000000000
19975  -34.714  -57.979  -27.100 0.0000000000
18709  -30.434  -58.425  -27.655 0.0000000000
18732  -30.358  -58.545  -27.946 0.0000000000
18714  -33.773  -58.896  -27.698 0.0000000000
18715  -34.425  -58.745  -27.983 0.0000000000
19999  -35.128  -58.364  -27.861 0.0000000000
20035  -29.214  -58.016  -29.083 0.0000000000
20016  -28.759  -57.661  -28.694 0.0000000000
20036  -29.654  -58.268  -28.729 0.0000000000
18755  -30.217  -58.633  -28.746 0.0000000000
20049  -29.718  -58.388  -29.389 0.0000000000
21168  -31.860  -57.108  -25.152 0.0000000000
21169  -32.643  -56.929  -25.278 0.0000000000
21170  -33.374  -56.844  -25.443 0.0000000000
18733  -30.861  -58.858  -28.275 0.0000000000
18756  -30.907  -59.002  -29.138 0.0000000000
18775  -30.337  -58.721  -29.685 0.0000000000
18711  -31.394  -58.876  -27.732 0.0000000000
18734  -31.705  -59.272  -28.609 0.0000000000
18737  -34.093  -59.107  -28.424 0.0000000000
18738  -34.832  -58.837  -28.552 0.0000000000
18713  -32.974  -59.068  -27.672 0.0000000000
18736  -33.379  -59.319  -28.250 0.0000000000
18712  -32.169  -59.059  -27.738 0.0000000000
18735  -32.604  -59.362  -28.307 0.0000000000
17511  -32.425  -59.464  -28.911 0.0000000000
17530  -32.082  -59.449  -29.402 0.0000000000
18757  -31.489  -59.235  -29.546 0.0000000000
17512  -33.050  -59.498  -28.837 0.0000000000
17513  -33.720  -59.432  -28.809 0.0000000000
17514  -34.109  -59.300  -28.831 0.0000000000
18758  -34.431  -59.170  -28.876 0.0000000000
20019  -35.324  -58.592  -28.441 0.0000000000
18759  -34.930  -59.167  -29.330 0.0000000000
18739  -35.495  -58.760  -28.892 0.0000000000
18760  -35.808  -59.108  -29.488 0.0000000000
20020  -35.818  -58.387  -28.417 0.0000000000
18740  -36.263  -58.713  -28.890 0.0000000000
18776  -30.983  -58.967  -29.976 0.0000000000
17551  -31.871  -59.356  -29.928 0.0000000000
18777  -31.512  -59.159  -30.215 0.0000000000
17533  -34.164  -59.387  -29.254 0.0000000000
17534  -34.484  -59.451  -29.620 0.0000000000
17555  -34.842  -59.637  -29.977 0.0000000000
18778  -35.414  -59.347  -29.710 0.0000000000
18761  -36.500  -59.186  -29.196 0.0000000000
17535  -36.151  -59.425  -29.467 0.0000000000
17556  -35.756  -59.681  -29.751 0.0000000000
18779  -35.678  -59.364  -29.693 0.0000000000
18795  -30.465  -58.785  -30.637 0.0000000000
20065  -29.751  -58.464  -30.231 0.0000000000
18796  -31.164  -59.002  -30.652 0.0000000000
17572  -31.981  -59.322  -30.465 0.0000000000
18797  -31.604  -59.171  -30.732 0.0000000000
18813  -30.327  -58.836  -31.554 0.0000000000
18794  -29.714  -58.542  -31.108 0.0000000000
18814  -30.969  -58.970  -31.261 0.0000000000
18815  -31.426  -59.113  -31.098 0.0000000000
17591  -31.944  -59.341  -31.227 0.0000000000
18828  -30.942  -59.079  -32.005 0.0000000000
18829  -31.433  -59.176  -31.606 0.0000000000
17606  -31.786  -59.586  -32.377 0.0000000000
16453  -32.527  -60.015  -32.182 0.0000000000
16452  -32.132  -60.160  -32.650 0.0000000000
17607  -32.371  -59.744  -32.072 0.0000000000
16464  -31.625  -60.156  -33.241 0.0000000000
17617  -31.548  -59.794  -33.033 0.0000000000
17592  -32.719  -59.718  -31.563 0.0000000000
17616  -31.090  -59.745  -33.319 0.0000000000
17605  -30.748  -59.369  -32.679 0.0000000000
16444  -33.261  -60.117  -31.318 0.0000000000
16443  -32.891  -60.157  -31.737 0.0000000000
17593  -33.180  -59.842  -31.259 0.0000000000
17573  -32.603  -59.504  -30.688 0.0000000000
17574  -33.490  -59.754  -30.808 0.0000000000
16432  -34.168  -60.149  -30.672 0.0000000000
16431  -33.693  -60.283  -30.929 0.0000000000
17575  -34.309  -59.815  -30.352 0.0000000000
17553  -33.107  -59.541  -30.039 0.0000000000
17554  -33.982  -59.563  -29.925 0.0000000000
17552  -32.388  -59.462  -29.993 0.0000000000
16417  -35.693  -60.333  -29.674 0.0000000000
16416  -35.241  -60.179  -30.067 0.0000000000
17557  -36.083  -60.108  -29.560 0.0000000000
17536  -36.390  -59.782  -29.203 0.0000000000
16433  -34.690  -60.091  -30.367 0.0000000000
17576  -34.621  -59.840  -30.239 0.0000000000
17532  -33.459  -59.497  -29.384 0.0000000000
17531  -32.745  -59.508  -29.429 0.0000000000
15262  -32.536  -60.591  -31.760 0.0000000000
15275  -32.299  -60.377  -32.325 0.0000000000
15274  -31.881  -60.755  -32.616 0.0000000000
15246  -33.221  -60.715  -30.870 0.0000000000
15263  -32.996  -60.391  -31.440 0.0000000000
15233  -34.735  -60.743  -30.032 0.0000000000
15248  -34.432  -60.416  -30.433 0.0000000000
15247  -34.035  -60.631  -30.512 0.0000000000
16400  -35.774  -60.426  -29.268 0.0000000000
15215  -35.338  -60.781  -29.282 0.0000000000
15234  -35.298  -60.554  -29.821 0.0000000000
16418  -35.934  -60.296  -29.447 0.0000000000
15245  -32.351  -60.967  -30.871 0.0000000000
15261  -31.752  -61.055  -31.703 0.0000000000
15232  -33.828  -61.324  -29.906 0.0000000000
15231  -32.933  -61.270  -30.031 0.0000000000
15214  -34.601  -61.458  -29.253 0.0000000000
