#!ascii label  , from subject  vox2ras=TkReg
432
20006  20.398  -57.890  -30.951 0.0000000000
20005  20.995  -57.653  -30.789 0.0000000000
19981  20.684  -57.698  -30.409 0.0000000000
19982  19.968  -57.756  -30.343 0.0000000000
20007  19.606  -57.982  -30.949 0.0000000000
20030  20.952  -57.715  -31.644 0.0000000000
20031  20.112  -58.147  -31.670 0.0000000000
19983  19.156  -57.696  -30.310 0.0000000000
20008  18.790  -57.916  -30.948 0.0000000000
20032  19.245  -58.256  -31.587 0.0000000000
21216  21.528  -57.309  -31.131 0.0000000000
21227  21.537  -57.134  -31.912 0.0000000000
20057  20.547  -57.852  -32.673 0.0000000000
20056  21.137  -57.360  -32.349 0.0000000000
20058  19.680  -58.412  -32.355 0.0000000000
20033  18.446  -58.176  -31.571 0.0000000000
18886  18.865  -58.542  -32.195 0.0000000000
21239  21.419  -56.744  -32.572 0.0000000000
21240  21.034  -57.173  -32.865 0.0000000000
20076  19.833  -58.308  -33.206 0.0000000000
20075  20.228  -57.780  -33.630 0.0000000000
21248  20.706  -57.105  -33.443 0.0000000000
18908  19.225  -58.676  -32.907 0.0000000000
20090  19.626  -58.132  -34.069 0.0000000000
20089  20.028  -57.723  -34.029 0.0000000000
21258  20.213  -57.244  -34.133 0.0000000000
18926  19.400  -58.583  -33.515 0.0000000000
21259  19.921  -57.669  -34.244 0.0000000000
18948  19.197  -58.617  -33.873 0.0000000000
20091  19.179  -58.533  -34.180 0.0000000000
20101  19.074  -58.482  -34.644 0.0000000000
20100  19.484  -57.983  -34.800 0.0000000000
21275  19.848  -57.610  -34.509 0.0000000000
18949  18.728  -58.773  -34.080 0.0000000000
20122  19.186  -58.279  -35.116 0.0000000000
20121  19.569  -58.011  -35.436 0.0000000000
21297  19.785  -57.579  -35.002 0.0000000000
18966  18.506  -58.872  -34.693 0.0000000000
18977  18.854  -58.864  -35.509 0.0000000000
18976  19.687  -58.413  -35.927 0.0000000000
20120  20.297  -58.098  -35.896 0.0000000000
21296  20.191  -57.437  -35.397 0.0000000000
21196  21.311  -57.438  -30.179 0.0000000000
21215  22.193  -56.883  -30.716 0.0000000000
21226  22.002  -56.757  -31.525 0.0000000000
22473  22.408  -56.335  -31.260 0.0000000000
22486  22.202  -56.032  -31.890 0.0000000000
21238  21.833  -56.579  -32.112 0.0000000000
22496  21.727  -56.056  -32.497 0.0000000000
22497  21.257  -56.112  -32.930 0.0000000000
21247  21.075  -56.617  -33.121 0.0000000000
22510  20.968  -56.152  -33.241 0.0000000000
22511  20.814  -56.383  -33.483 0.0000000000
22526  20.616  -56.525  -33.937 0.0000000000
21274  20.124  -57.148  -34.802 0.0000000000
22547  20.464  -56.570  -34.550 0.0000000000
22472  22.844  -56.163  -30.728 0.0000000000
22485  22.667  -55.724  -31.375 0.0000000000
23808  23.135  -55.344  -30.960 0.0000000000
23822  22.823  -55.119  -31.457 0.0000000000
23823  22.385  -55.233  -31.814 0.0000000000
23839  21.894  -55.342  -32.321 0.0000000000
23840  21.393  -55.450  -32.832 0.0000000000
23860  20.989  -55.675  -33.325 0.0000000000
23861  20.817  -56.018  -33.415 0.0000000000
23882  20.700  -55.939  -33.713 0.0000000000
23792  23.272  -55.694  -30.425 0.0000000000
23807  23.432  -55.188  -30.463 0.0000000000
25215  23.442  -54.692  -30.776 0.0000000000
25232  23.104  -54.650  -31.270 0.0000000000
25233  22.624  -54.565  -31.684 0.0000000000
25253  22.067  -54.579  -32.151 0.0000000000
25254  21.536  -54.694  -32.689 0.0000000000
25214  23.699  -54.719  -30.200 0.0000000000
26643  23.697  -53.965  -30.568 0.0000000000
26644  23.358  -54.188  -31.055 0.0000000000
25201  23.849  -54.867  -29.655 0.0000000000
23791  23.566  -55.445  -29.921 0.0000000000
26627  24.105  -54.076  -29.739 0.0000000000
25191  24.115  -54.698  -29.203 0.0000000000
23778  23.828  -55.382  -29.201 0.0000000000
25190  24.359  -54.540  -28.671 0.0000000000
23777  24.148  -55.067  -28.753 0.0000000000
26612  24.328  -54.179  -29.105 0.0000000000
25179  24.585  -54.356  -28.170 0.0000000000
23764  24.342  -55.034  -28.092 0.0000000000
26611  24.583  -53.836  -28.623 0.0000000000
22460  23.158  -56.195  -29.951 0.0000000000
22459  23.499  -55.930  -29.443 0.0000000000
23765  23.924  -55.562  -28.497 0.0000000000
22439  23.574  -56.002  -28.854 0.0000000000
23749  23.901  -55.761  -27.736 0.0000000000
22416  23.631  -56.024  -28.284 0.0000000000
23729  23.895  -55.776  -26.855 0.0000000000
22371  23.421  -56.205  -27.270 0.0000000000
22394  23.443  -56.222  -27.882 0.0000000000
23748  24.407  -55.271  -27.232 0.0000000000
23711  23.856  -55.741  -25.954 0.0000000000
22354  23.353  -56.232  -26.483 0.0000000000
23728  24.334  -55.335  -26.453 0.0000000000
21214  22.663  -56.642  -30.187 0.0000000000
22440  23.090  -56.413  -29.196 0.0000000000
21194  22.720  -56.685  -29.616 0.0000000000
22417  23.152  -56.421  -28.418 0.0000000000
21142  22.674  -56.746  -28.829 0.0000000000
21170  22.719  -56.707  -29.226 0.0000000000
22395  22.956  -56.511  -27.694 0.0000000000
21117  22.535  -56.818  -28.176 0.0000000000
22396  22.337  -56.839  -27.455 0.0000000000
22372  22.815  -56.516  -26.969 0.0000000000
22355  22.660  -56.498  -26.206 0.0000000000
22373  22.137  -56.795  -26.704 0.0000000000
22338  23.198  -56.250  -25.676 0.0000000000
22339  22.453  -56.383  -25.471 0.0000000000
22356  21.917  -56.633  -25.956 0.0000000000
23690  22.889  -56.077  -24.975 0.0000000000
23689  23.540  -55.774  -25.171 0.0000000000
21195  22.199  -57.032  -29.876 0.0000000000
19980  20.993  -57.598  -30.456 0.0000000000
21197  20.421  -57.661  -29.793 0.0000000000
21172  21.730  -57.245  -29.292 0.0000000000
21173  20.917  -57.474  -29.209 0.0000000000
21171  22.384  -56.954  -29.254 0.0000000000
21144  21.383  -57.288  -28.566 0.0000000000
21145  20.567  -57.376  -28.428 0.0000000000
21174  20.056  -57.474  -29.053 0.0000000000
21143  22.107  -57.058  -28.683 0.0000000000
21118  21.857  -57.097  -27.985 0.0000000000
21119  21.090  -57.281  -27.811 0.0000000000
21096  21.629  -57.121  -27.225 0.0000000000
21198  19.581  -57.518  -29.689 0.0000000000
17840  18.088  -59.703  -35.359 0.0000000000
17839  19.054  -59.697  -35.779 0.0000000000
18978  18.248  -59.263  -35.337 0.0000000000
17852  19.145  -59.248  -35.924 0.0000000000
18995  19.267  -59.037  -35.951 0.0000000000
18967  17.967  -59.329  -34.940 0.0000000000
18994  19.495  -58.841  -36.003 0.0000000000
18993  20.183  -58.667  -36.138 0.0000000000
18975  20.038  -58.359  -36.044 0.0000000000
17819  17.316  -59.784  -34.851 0.0000000000
17818  17.758  -59.588  -35.101 0.0000000000
18968  17.560  -59.477  -34.774 0.0000000000
18950  18.002  -59.040  -34.205 0.0000000000
18951  17.478  -59.357  -34.425 0.0000000000
18928  18.172  -58.854  -33.477 0.0000000000
18929  17.215  -59.077  -33.549 0.0000000000
18927  18.878  -58.756  -33.443 0.0000000000
18909  18.494  -58.725  -32.812 0.0000000000
18910  17.728  -58.694  -32.793 0.0000000000
18887  18.101  -58.477  -32.156 0.0000000000
17851  19.664  -59.349  -36.078 0.0000000000
17838  19.609  -59.865  -35.946 0.0000000000
16651  20.151  -59.971  -36.055 0.0000000000
17850  20.536  -59.424  -36.264 0.0000000000
16650  20.957  -60.076  -36.167 0.0000000000
17849  21.348  -59.526  -36.321 0.0000000000
18992  20.982  -58.902  -36.258 0.0000000000
16635  17.881  -60.433  -35.019 0.0000000000
16634  18.717  -60.342  -35.272 0.0000000000
17841  17.583  -60.102  -35.210 0.0000000000
16633  19.662  -60.294  -35.540 0.0000000000
16632  20.595  -60.416  -35.611 0.0000000000
16631  21.439  -60.470  -35.684 0.0000000000
16649  21.738  -60.104  -36.184 0.0000000000
16630  22.169  -60.349  -35.708 0.0000000000
16648  22.475  -60.203  -36.278 0.0000000000
17848  22.128  -59.614  -36.419 0.0000000000
15465  17.629  -60.663  -34.750 0.0000000000
16611  18.209  -60.806  -34.695 0.0000000000
15466  17.489  -60.514  -34.862 0.0000000000
16636  17.380  -60.341  -34.942 0.0000000000
16610  18.421  -60.792  -34.555 0.0000000000
16609  19.359  -60.618  -34.700 0.0000000000
16608  20.274  -60.513  -34.851 0.0000000000
16607  21.138  -60.472  -34.961 0.0000000000
16606  21.973  -60.302  -35.017 0.0000000000
16605  22.500  -60.169  -35.261 0.0000000000
16629  22.868  -60.226  -35.675 0.0000000000
17837  22.819  -60.024  -35.214 0.0000000000
16628  23.637  -60.201  -35.772 0.0000000000
16647  23.222  -60.226  -36.324 0.0000000000
17836  23.258  -59.838  -35.221 0.0000000000
16627  24.446  -60.212  -35.811 0.0000000000
16646  24.033  -60.338  -36.458 0.0000000000
17835  24.044  -59.688  -35.312 0.0000000000
16626  25.277  -60.215  -35.810 0.0000000000
16645  24.878  -60.431  -36.369 0.0000000000
17834  24.881  -59.753  -35.340 0.0000000000
16589  20.848  -60.385  -34.183 0.0000000000
16588  21.617  -60.262  -34.364 0.0000000000
17817  22.100  -60.060  -34.489 0.0000000000
17816  22.666  -59.809  -34.682 0.0000000000
17796  21.382  -60.158  -33.701 0.0000000000
17795  22.131  -59.855  -33.856 0.0000000000
17777  22.477  -59.590  -33.075 0.0000000000
17794  23.085  -59.290  -33.715 0.0000000000
17778  21.635  -59.924  -32.899 0.0000000000
17815  23.615  -59.195  -34.514 0.0000000000
17833  25.706  -59.801  -35.327 0.0000000000
17813  25.330  -59.313  -34.855 0.0000000000
17814  24.507  -59.229  -34.824 0.0000000000
20137  20.384  -58.369  -36.078 0.0000000000
20136  20.702  -58.410  -36.099 0.0000000000
26626  24.449  -53.689  -29.218 0.0000000000
17832  26.524  -59.809  -35.300 0.0000000000
16625  26.103  -60.225  -35.776 0.0000000000
17812  26.136  -59.337  -34.858 0.0000000000
17831  27.330  -59.732  -35.318 0.0000000000
16624  26.931  -60.181  -35.760 0.0000000000
17811  26.928  -59.299  -34.867 0.0000000000
17830  28.115  -59.649  -35.304 0.0000000000
16623  27.751  -60.127  -35.747 0.0000000000
17810  27.701  -59.203  -34.890 0.0000000000
17829  28.873  -59.582  -35.209 0.0000000000
16622  28.551  -60.060  -35.698 0.0000000000
17809  28.446  -59.143  -34.824 0.0000000000
17828  29.509  -59.627  -35.026 0.0000000000
16621  29.325  -59.936  -35.589 0.0000000000
17808  29.174  -59.181  -34.557 0.0000000000
17807  29.895  -59.591  -34.440 0.0000000000
16620  30.163  -59.863  -35.240 0.0000000000
17793  23.477  -59.077  -34.032 0.0000000000
18946  23.791  -58.838  -33.822 0.0000000000
18965  23.862  -58.928  -34.223 0.0000000000
18964  24.225  -58.874  -34.273 0.0000000000
18963  24.989  -58.855  -34.339 0.0000000000
18962  25.776  -58.869  -34.380 0.0000000000
18961  26.551  -58.861  -34.383 0.0000000000
18960  27.313  -58.819  -34.379 0.0000000000
18959  28.048  -58.757  -34.356 0.0000000000
18958  28.637  -58.853  -34.282 0.0000000000
17792  29.473  -59.259  -33.845 0.0000000000
18939  28.988  -58.873  -33.929 0.0000000000
17791  29.828  -59.766  -33.741 0.0000000000
16587  30.202  -60.045  -34.066 0.0000000000
16604  30.368  -59.995  -34.570 0.0000000000
17776  22.911  -59.325  -33.072 0.0000000000
18925  23.257  -59.027  -32.921 0.0000000000
18947  23.455  -58.939  -33.399 0.0000000000
17775  29.438  -59.746  -33.272 0.0000000000
18921  28.969  -58.946  -33.268 0.0000000000
17774  29.754  -59.905  -33.481 0.0000000000
16567  29.910  -60.263  -33.475 0.0000000000
17759  22.229  -59.664  -32.330 0.0000000000
17758  22.808  -59.366  -32.561 0.0000000000
17755  28.734  -59.430  -32.662 0.0000000000
16548  29.023  -60.302  -32.846 0.0000000000
16568  29.461  -60.312  -33.137 0.0000000000
16549  28.397  -60.149  -32.378 0.0000000000
17756  28.171  -59.494  -32.131 0.0000000000
18903  28.107  -58.690  -32.328 0.0000000000
18902  28.615  -58.862  -32.784 0.0000000000
15440  30.393  -60.491  -33.934 0.0000000000
16586  30.574  -60.291  -34.311 0.0000000000
15421  29.330  -60.971  -33.083 0.0000000000
15420  30.332  -61.065  -33.502 0.0000000000
15403  28.595  -60.831  -32.726 0.0000000000
15404  27.706  -60.781  -32.123 0.0000000000
16550  27.968  -60.039  -31.989 0.0000000000
15402  28.984  -60.698  -32.905 0.0000000000
14291  29.020  -61.914  -33.119 0.0000000000
14290  29.802  -61.832  -33.148 0.0000000000
15422  28.674  -61.453  -32.943 0.0000000000
14277  27.380  -61.638  -32.501 0.0000000000
14276  28.061  -61.484  -32.689 0.0000000000
15405  27.026  -61.379  -32.066 0.0000000000
15384  27.365  -60.484  -31.633 0.0000000000
15385  26.960  -60.901  -31.416 0.0000000000
16530  27.608  -60.102  -31.684 0.0000000000
16531  27.223  -60.150  -31.269 0.0000000000
13205  29.294  -62.604  -33.126 0.0000000000
13206  28.620  -62.499  -33.234 0.0000000000
14292  28.323  -62.019  -33.038 0.0000000000
13204  30.051  -62.443  -32.985 0.0000000000
14289  30.668  -61.914  -33.161 0.0000000000
13203  30.468  -62.381  -32.759 0.0000000000
14274  30.673  -62.123  -32.404 0.0000000000
14273  31.259  -61.707  -32.813 0.0000000000
14288  31.205  -61.587  -33.244 0.0000000000
15419  31.071  -61.281  -33.593 0.0000000000
14293  27.636  -62.091  -32.851 0.0000000000
14294  27.177  -62.102  -32.684 0.0000000000
14278  26.802  -62.072  -32.339 0.0000000000
13188  30.434  -62.391  -32.516 0.0000000000
13189  30.109  -62.618  -32.436 0.0000000000
14275  30.331  -62.398  -32.090 0.0000000000
14259  30.346  -62.038  -31.696 0.0000000000
14258  30.857  -61.724  -31.919 0.0000000000
15401  31.185  -61.567  -32.259 0.0000000000
15400  31.489  -61.144  -32.537 0.0000000000
15418  31.556  -61.165  -33.217 0.0000000000
13172  30.012  -62.665  -31.863 0.0000000000
13157  29.880  -62.446  -31.479 0.0000000000
14240  29.820  -61.970  -31.178 0.0000000000
15365  30.175  -61.385  -31.328 0.0000000000
15383  30.606  -61.363  -31.620 0.0000000000
15382  31.005  -61.201  -31.924 0.0000000000
13158  29.442  -62.711  -31.151 0.0000000000
14241  29.237  -62.000  -30.731 0.0000000000
15366  29.653  -61.254  -30.881 0.0000000000
12142  28.491  -63.253  -33.193 0.0000000000
13207  27.928  -62.638  -33.157 0.0000000000
12141  29.226  -63.203  -32.920 0.0000000000
13190  29.680  -62.876  -32.820 0.0000000000
12123  29.462  -63.200  -32.386 0.0000000000
12122  29.738  -62.975  -32.048 0.0000000000
12102  29.656  -62.976  -31.805 0.0000000000
13173  29.674  -62.837  -31.599 0.0000000000
12084  28.966  -63.440  -31.012 0.0000000000
13143  28.895  -62.871  -30.576 0.0000000000
12103  29.358  -63.291  -31.697 0.0000000000
12067  28.794  -63.396  -30.667 0.0000000000
12068  28.627  -63.560  -30.323 0.0000000000
13144  28.520  -62.836  -29.911 0.0000000000
14224  28.719  -62.070  -30.175 0.0000000000
11009  27.934  -63.669  -33.152 0.0000000000
10987  28.169  -63.945  -32.798 0.0000000000
12124  28.867  -63.620  -32.606 0.0000000000
12143  27.577  -63.315  -33.233 0.0000000000
10969  28.478  -64.017  -31.945 0.0000000000
12104  29.060  -63.606  -32.094 0.0000000000
10968  28.953  -63.683  -31.799 0.0000000000
10952  28.841  -63.727  -31.470 0.0000000000
10953  28.462  -64.205  -30.901 0.0000000000
12085  28.715  -63.664  -30.728 0.0000000000
10939  28.420  -64.263  -29.936 0.0000000000
12053  28.429  -63.553  -29.544 0.0000000000
10970  27.838  -64.646  -31.489 0.0000000000
10988  27.487  -64.512  -32.343 0.0000000000
9864  28.062  -64.732  -30.762 0.0000000000
9849  28.115  -64.858  -30.311 0.0000000000
10954  28.011  -64.693  -31.004 0.0000000000
9836  28.209  -64.981  -29.440 0.0000000000
10924  28.344  -64.238  -29.088 0.0000000000
9865  27.617  -65.124  -30.855 0.0000000000
9850  27.589  -65.559  -29.901 0.0000000000
9879  27.329  -65.064  -31.509 0.0000000000
9896  27.410  -64.830  -31.845 0.0000000000
13132  28.374  -62.817  -29.161 0.0000000000
14225  28.409  -62.096  -29.508 0.0000000000
13208  26.969  -62.641  -32.870 0.0000000000
15351  28.531  -61.431  -29.795 0.0000000000
15350  28.985  -61.153  -30.323 0.0000000000
16494  28.507  -60.504  -29.668 0.0000000000
16493  28.968  -60.427  -30.197 0.0000000000
16511  29.450  -60.369  -30.627 0.0000000000
16510  30.145  -60.651  -31.194 0.0000000000
16529  30.390  -61.028  -31.451 0.0000000000
15381  31.260  -61.149  -32.199 0.0000000000
16527  31.249  -60.607  -32.096 0.0000000000
16528  30.632  -60.692  -31.577 0.0000000000
16547  31.872  -60.431  -32.799 0.0000000000
17695  28.974  -59.687  -30.124 0.0000000000
16509  30.383  -60.516  -31.392 0.0000000000
17712  30.387  -60.212  -31.351 0.0000000000
17713  30.004  -59.739  -30.965 0.0000000000
17714  29.487  -59.687  -30.579 0.0000000000
17732  30.783  -59.898  -31.621 0.0000000000
17731  31.454  -59.637  -32.175 0.0000000000
17735  27.474  -59.480  -31.390 0.0000000000
17757  27.818  -59.636  -31.790 0.0000000000
17733  30.396  -59.791  -31.308 0.0000000000
18860  29.557  -58.973  -30.539 0.0000000000
18859  30.061  -58.911  -30.977 0.0000000000
18879  30.419  -59.324  -31.289 0.0000000000
17754  31.992  -59.732  -32.657 0.0000000000
18878  30.850  -59.005  -31.660 0.0000000000
18877  31.350  -58.652  -32.065 0.0000000000
18901  31.904  -59.097  -32.493 0.0000000000
17736  27.086  -59.678  -30.966 0.0000000000
17715  27.100  -59.115  -30.980 0.0000000000
18881  27.374  -58.625  -31.476 0.0000000000
17734  27.825  -59.086  -31.798 0.0000000000
19999  30.015  -57.923  -30.765 0.0000000000
20024  30.375  -58.610  -31.284 0.0000000000
20023  30.776  -57.922  -31.492 0.0000000000
20022  31.408  -57.933  -32.031 0.0000000000
20049  31.837  -58.346  -32.411 0.0000000000
18861  27.000  -58.746  -31.020 0.0000000000
18880  27.753  -58.707  -31.884 0.0000000000
18882  26.914  -58.503  -31.057 0.0000000000
18904  27.691  -58.479  -31.924 0.0000000000
20026  26.822  -58.158  -31.407 0.0000000000
20025  27.238  -58.259  -31.629 0.0000000000
20051  27.412  -58.156  -32.076 0.0000000000
18862  26.605  -58.817  -30.560 0.0000000000
20001  26.656  -58.357  -30.901 0.0000000000
18922  28.451  -58.554  -33.002 0.0000000000
20050  27.826  -58.272  -32.508 0.0000000000
20069  28.065  -58.308  -32.847 0.0000000000
18940  28.417  -58.519  -33.670 0.0000000000
20083  28.223  -58.392  -33.203 0.0000000000
18907  23.206  -59.037  -32.128 0.0000000000
18906  23.710  -58.704  -32.424 0.0000000000
18924  23.758  -58.715  -33.093 0.0000000000
18941  27.670  -58.434  -33.844 0.0000000000
20084  27.896  -58.288  -33.290 0.0000000000
18942  26.946  -58.412  -33.897 0.0000000000
20085  27.306  -58.126  -33.352 0.0000000000
18943  26.199  -58.444  -33.893 0.0000000000
20086  26.595  -58.071  -33.372 0.0000000000
18944  25.455  -58.504  -33.843 0.0000000000
20087  25.866  -58.120  -33.371 0.0000000000
18945  24.660  -58.528  -33.712 0.0000000000
20088  25.244  -58.231  -33.353 0.0000000000
18923  24.224  -58.515  -33.259 0.0000000000
20074  24.774  -58.215  -32.933 0.0000000000
20002  26.152  -58.203  -30.731 0.0000000000
21224  31.464  -57.162  -31.663 0.0000000000
21237  31.856  -57.703  -32.253 0.0000000000
19998  30.440  -57.644  -31.104 0.0000000000
21212  30.664  -57.187  -30.934 0.0000000000
21225  30.923  -57.392  -31.403 0.0000000000
20027  26.038  -57.891  -31.476 0.0000000000
20052  26.573  -57.844  -32.099 0.0000000000
20003  25.473  -57.964  -30.958 0.0000000000
20028  25.329  -57.901  -31.608 0.0000000000
20053  25.794  -57.808  -32.177 0.0000000000
20004  24.859  -58.044  -31.060 0.0000000000
20029  24.705  -58.079  -31.756 0.0000000000
20054  25.110  -57.986  -32.273 0.0000000000
18883  24.175  -58.370  -32.023 0.0000000000
18864  24.242  -58.335  -31.260 0.0000000000
20055  24.583  -58.179  -32.337 0.0000000000
20070  27.613  -58.099  -32.808 0.0000000000
20071  26.983  -57.907  -32.759 0.0000000000
20072  26.223  -57.842  -32.788 0.0000000000
20073  25.494  -57.968  -32.830 0.0000000000
18905  24.190  -58.418  -32.685 0.0000000000
18884  23.698  -58.709  -31.671 0.0000000000
17716  26.834  -59.458  -30.629 0.0000000000
