#!ascii label  , from subject  vox2ras=TkReg
508
20112  26.818  -57.705  -35.638 0.0000000000
20128  27.543  -57.861  -36.120 0.0000000000
20111  27.334  -57.428  -35.645 0.0000000000
20129  26.588  -58.189  -36.097 0.0000000000
21288  27.005  -57.266  -35.240 0.0000000000
20113  26.038  -57.887  -35.594 0.0000000000
21289  26.350  -57.481  -35.145 0.0000000000
20098  25.598  -57.563  -35.096 0.0000000000
20114  25.131  -57.778  -35.581 0.0000000000
20130  25.713  -58.291  -36.115 0.0000000000
20099  25.175  -57.456  -35.172 0.0000000000
21290  24.944  -57.390  -35.235 0.0000000000
20131  24.845  -58.312  -36.236 0.0000000000
20115  24.270  -57.737  -35.912 0.0000000000
21291  24.549  -57.288  -35.369 0.0000000000
20132  23.969  -58.353  -36.436 0.0000000000
20116  23.392  -57.704  -36.108 0.0000000000
21292  23.719  -57.044  -35.564 0.0000000000
20133  23.037  -58.404  -36.450 0.0000000000
20117  22.519  -57.833  -36.010 0.0000000000
21293  22.848  -57.187  -35.700 0.0000000000
20134  22.160  -58.435  -36.259 0.0000000000
20118  21.687  -57.938  -35.916 0.0000000000
21294  21.998  -57.337  -35.607 0.0000000000
20135  21.381  -58.440  -36.169 0.0000000000
20119  21.018  -58.067  -35.940 0.0000000000
21295  21.050  -57.482  -35.616 0.0000000000
20136  20.702  -58.410  -36.099 0.0000000000
20120  20.297  -58.098  -35.896 0.0000000000
18984  28.030  -58.562  -36.562 0.0000000000
20127  28.483  -57.950  -36.326 0.0000000000
18985  27.147  -58.625  -36.506 0.0000000000
21302  27.758  -57.312  -35.756 0.0000000000
21301  28.262  -57.366  -35.984 0.0000000000
18986  26.265  -58.711  -36.530 0.0000000000
18987  25.417  -58.804  -36.554 0.0000000000
18988  24.583  -58.901  -36.677 0.0000000000
18989  23.667  -59.228  -36.813 0.0000000000
18990  22.600  -59.067  -36.530 0.0000000000
18991  21.768  -58.998  -36.310 0.0000000000
18992  20.982  -58.902  -36.258 0.0000000000
21287  27.554  -57.053  -35.376 0.0000000000
21267  27.277  -56.832  -34.886 0.0000000000
21268  26.667  -57.082  -34.710 0.0000000000
21269  25.927  -57.201  -34.631 0.0000000000
21270  25.033  -57.030  -34.751 0.0000000000
21271  24.192  -56.747  -35.085 0.0000000000
21272  23.767  -56.652  -35.270 0.0000000000
22558  23.534  -56.618  -35.344 0.0000000000
22559  23.135  -56.599  -35.425 0.0000000000
22560  22.355  -56.711  -35.315 0.0000000000
22561  21.524  -56.834  -35.192 0.0000000000
21296  20.191  -57.437  -35.397 0.0000000000
21273  20.704  -56.883  -35.130 0.0000000000
21300  28.980  -57.393  -36.165 0.0000000000
21285  28.724  -56.877  -35.802 0.0000000000
21286  28.095  -56.924  -35.577 0.0000000000
22543  23.632  -56.201  -35.083 0.0000000000
22544  22.720  -56.129  -35.078 0.0000000000
22545  21.917  -56.207  -34.915 0.0000000000
22546  21.139  -56.324  -34.776 0.0000000000
22547  20.464  -56.570  -34.550 0.0000000000
23903  21.523  -55.616  -34.511 0.0000000000
23904  20.803  -55.977  -34.293 0.0000000000
23902  22.273  -55.640  -34.722 0.0000000000
23901  23.049  -55.544  -34.836 0.0000000000
22542  24.466  -56.247  -34.457 0.0000000000
23900  23.945  -55.474  -34.508 0.0000000000
22541  24.928  -56.551  -34.296 0.0000000000
22524  25.072  -56.218  -33.746 0.0000000000
22525  24.587  -55.920  -34.026 0.0000000000
23899  24.385  -55.756  -34.199 0.0000000000
21257  25.150  -56.665  -34.231 0.0000000000
23879  24.509  -55.373  -33.778 0.0000000000
21256  25.568  -56.824  -34.126 0.0000000000
22523  26.015  -56.492  -33.563 0.0000000000
22508  25.762  -55.999  -32.968 0.0000000000
22509  25.245  -55.780  -33.156 0.0000000000
23878  24.960  -55.673  -33.397 0.0000000000
21255  26.340  -56.853  -34.138 0.0000000000
22522  26.767  -56.437  -33.716 0.0000000000
22507  26.612  -56.074  -33.044 0.0000000000
22540  26.991  -56.620  -34.334 0.0000000000
22521  27.337  -56.185  -33.962 0.0000000000
22506  27.155  -56.075  -33.428 0.0000000000
23877  27.608  -55.671  -33.571 0.0000000000
22539  27.539  -56.320  -34.581 0.0000000000
23898  27.768  -55.777  -34.257 0.0000000000
23857  25.464  -55.612  -32.838 0.0000000000
23858  25.104  -55.213  -33.011 0.0000000000
22495  26.297  -55.785  -32.650 0.0000000000
23837  25.849  -55.309  -32.397 0.0000000000
22494  26.612  -55.772  -32.701 0.0000000000
23856  26.876  -55.691  -32.733 0.0000000000
23855  27.237  -55.710  -33.025 0.0000000000
23836  26.639  -55.485  -32.394 0.0000000000
20126  29.246  -58.025  -36.346 0.0000000000
21299  29.784  -57.410  -36.234 0.0000000000
22563  29.381  -56.839  -36.112 0.0000000000
20125  29.895  -58.181  -36.324 0.0000000000
21298  30.279  -57.805  -36.195 0.0000000000
21283  30.554  -57.260  -36.065 0.0000000000
21284  30.055  -56.981  -36.165 0.0000000000
22562  29.811  -56.889  -36.194 0.0000000000
20124  30.508  -58.336  -36.231 0.0000000000
20110  30.619  -57.872  -36.128 0.0000000000
22557  27.822  -56.574  -35.130 0.0000000000
22556  28.406  -56.380  -35.426 0.0000000000
22555  29.104  -56.296  -35.724 0.0000000000
22554  29.985  -56.447  -35.942 0.0000000000
20109  31.103  -58.114  -36.015 0.0000000000
21282  31.485  -57.251  -35.870 0.0000000000
22553  30.985  -56.325  -35.600 0.0000000000
20108  32.002  -58.038  -35.868 0.0000000000
21281  32.354  -57.280  -35.798 0.0000000000
22552  31.885  -56.590  -35.554 0.0000000000
20107  32.887  -57.985  -35.470 0.0000000000
21280  33.079  -57.238  -35.611 0.0000000000
22551  32.686  -56.651  -35.621 0.0000000000
20106  33.324  -57.567  -35.429 0.0000000000
21279  33.703  -57.229  -35.388 0.0000000000
22550  33.459  -56.666  -35.588 0.0000000000
20096  33.585  -57.764  -35.114 0.0000000000
21266  34.232  -57.289  -34.804 0.0000000000
22549  34.286  -56.665  -35.295 0.0000000000
21274  20.124  -57.148  -34.802 0.0000000000
20081  33.823  -57.938  -34.476 0.0000000000
21254  34.169  -57.486  -34.107 0.0000000000
21253  34.675  -57.030  -34.115 0.0000000000
21265  34.650  -56.960  -34.693 0.0000000000
22533  34.562  -56.877  -34.943 0.0000000000
22532  34.917  -56.479  -34.786 0.0000000000
20066  33.793  -57.869  -33.762 0.0000000000
21245  34.112  -57.113  -33.382 0.0000000000
18983  28.830  -58.581  -36.570 0.0000000000
18982  29.475  -58.643  -36.499 0.0000000000
18981  30.032  -58.884  -36.433 0.0000000000
18980  30.660  -58.957  -36.247 0.0000000000
20123  30.867  -58.564  -36.155 0.0000000000
18979  31.138  -58.853  -36.072 0.0000000000
18974  31.659  -58.755  -35.847 0.0000000000
18973  32.331  -58.773  -35.466 0.0000000000
18972  32.871  -58.660  -35.126 0.0000000000
20097  33.325  -58.353  -34.854 0.0000000000
18956  33.033  -58.971  -34.617 0.0000000000
20082  33.458  -58.531  -34.098 0.0000000000
18938  33.139  -59.028  -34.067 0.0000000000
18919  33.107  -58.852  -33.553 0.0000000000
20067  33.307  -58.210  -33.410 0.0000000000
20068  32.769  -58.426  -33.108 0.0000000000
20047  32.933  -57.755  -32.947 0.0000000000
21246  33.502  -57.617  -33.275 0.0000000000
20048  32.341  -58.017  -32.644 0.0000000000
21236  32.392  -57.176  -32.308 0.0000000000
21235  33.361  -57.125  -32.854 0.0000000000
17848  22.128  -59.614  -36.419 0.0000000000
17849  21.348  -59.526  -36.321 0.0000000000
17847  22.910  -59.753  -36.639 0.0000000000
17846  23.569  -59.997  -36.866 0.0000000000
17861  23.930  -59.749  -36.983 0.0000000000
19004  24.091  -59.556  -36.986 0.0000000000
19003  24.456  -59.426  -36.958 0.0000000000
19002  25.161  -59.310  -36.882 0.0000000000
19001  25.951  -59.230  -36.843 0.0000000000
19000  26.787  -59.175  -36.853 0.0000000000
18999  27.652  -59.169  -36.846 0.0000000000
18998  28.503  -59.152  -36.870 0.0000000000
18997  29.216  -59.096  -36.755 0.0000000000
18996  29.614  -59.021  -36.612 0.0000000000
17844  30.267  -59.573  -36.254 0.0000000000
17853  29.681  -59.397  -36.653 0.0000000000
17843  30.963  -59.451  -36.006 0.0000000000
17842  31.416  -59.243  -35.873 0.0000000000
17826  31.837  -59.463  -35.507 0.0000000000
17825  32.347  -59.349  -35.212 0.0000000000
18957  32.649  -59.080  -35.049 0.0000000000
17805  32.581  -59.550  -34.714 0.0000000000
17804  32.927  -59.340  -34.263 0.0000000000
17789  32.958  -59.290  -33.811 0.0000000000
17772  32.902  -59.180  -33.499 0.0000000000
18920  32.695  -59.025  -33.237 0.0000000000
16659  24.075  -60.081  -36.919 0.0000000000
17860  24.335  -59.820  -37.054 0.0000000000
16658  24.584  -60.195  -36.855 0.0000000000
17859  24.918  -59.803  -37.039 0.0000000000
16657  25.305  -60.218  -36.812 0.0000000000
17858  25.647  -59.752  -36.966 0.0000000000
16656  26.084  -60.157  -36.722 0.0000000000
17857  26.442  -59.713  -36.903 0.0000000000
16655  26.901  -60.119  -36.660 0.0000000000
17856  27.280  -59.720  -36.905 0.0000000000
16654  27.740  -60.201  -36.713 0.0000000000
17855  28.149  -59.758  -36.989 0.0000000000
16653  28.592  -60.242  -36.700 0.0000000000
17854  29.064  -59.741  -36.897 0.0000000000
16652  29.255  -60.146  -36.533 0.0000000000
17845  29.667  -59.874  -36.555 0.0000000000
16647  23.222  -60.226  -36.324 0.0000000000
16648  22.475  -60.203  -36.278 0.0000000000
16646  24.033  -60.338  -36.458 0.0000000000
16639  29.800  -60.116  -36.059 0.0000000000
16638  30.381  -59.823  -35.800 0.0000000000
16637  30.660  -59.706  -35.906 0.0000000000
16619  30.962  -59.879  -35.511 0.0000000000
17827  31.343  -59.591  -35.695 0.0000000000
16618  31.477  -59.810  -35.454 0.0000000000
16602  31.712  -60.192  -34.974 0.0000000000
17806  32.182  -59.741  -35.102 0.0000000000
16601  32.251  -59.943  -34.844 0.0000000000
16584  32.380  -60.107  -34.429 0.0000000000
17790  32.693  -59.679  -34.045 0.0000000000
16565  32.385  -60.124  -33.537 0.0000000000
17773  32.718  -59.492  -33.493 0.0000000000
17753  32.352  -59.466  -32.997 0.0000000000
16546  32.212  -59.966  -32.963 0.0000000000
17754  31.992  -59.732  -32.657 0.0000000000
18901  31.904  -59.097  -32.493 0.0000000000
18900  32.321  -58.730  -32.801 0.0000000000
16645  24.878  -60.431  -36.369 0.0000000000
16644  25.692  -60.418  -36.319 0.0000000000
16643  26.513  -60.377  -36.274 0.0000000000
16642  27.341  -60.351  -36.245 0.0000000000
16641  28.175  -60.365  -36.214 0.0000000000
16640  28.980  -60.289  -36.144 0.0000000000
16626  25.277  -60.215  -35.810 0.0000000000
16625  26.103  -60.225  -35.776 0.0000000000
16624  26.931  -60.181  -35.760 0.0000000000
16623  27.751  -60.127  -35.747 0.0000000000
16622  28.551  -60.060  -35.698 0.0000000000
16621  29.325  -59.936  -35.589 0.0000000000
16620  30.163  -59.863  -35.240 0.0000000000
16603  30.866  -60.222  -34.784 0.0000000000
16586  30.574  -60.291  -34.311 0.0000000000
15439  30.957  -60.688  -34.152 0.0000000000
15455  31.262  -60.495  -34.632 0.0000000000
16604  30.368  -59.995  -34.570 0.0000000000
15454  31.513  -60.621  -34.405 0.0000000000
16585  32.008  -60.561  -34.182 0.0000000000
15438  31.548  -60.910  -33.894 0.0000000000
16566  31.980  -60.732  -33.533 0.0000000000
15418  31.556  -61.165  -33.217 0.0000000000
16547  31.872  -60.431  -32.799 0.0000000000
15419  31.071  -61.281  -33.593 0.0000000000
15420  30.332  -61.065  -33.502 0.0000000000
15440  30.393  -60.491  -33.934 0.0000000000
20049  31.837  -58.346  -32.411 0.0000000000
21237  31.856  -57.703  -32.253 0.0000000000
22538  28.073  -55.993  -34.885 0.0000000000
22548  34.659  -56.353  -35.188 0.0000000000
23906  34.493  -56.058  -35.338 0.0000000000
23907  33.809  -56.088  -35.415 0.0000000000
22534  33.053  -56.214  -35.284 0.0000000000
22535  32.298  -56.252  -35.131 0.0000000000
22536  31.495  -56.042  -34.959 0.0000000000
22537  31.035  -55.923  -35.108 0.0000000000
23908  30.813  -55.853  -35.205 0.0000000000
23909  30.355  -55.768  -35.388 0.0000000000
23910  29.501  -55.645  -35.557 0.0000000000
23911  28.658  -55.701  -35.324 0.0000000000
23820  26.481  -55.038  -32.026 0.0000000000
25250  27.014  -55.022  -32.158 0.0000000000
23835  27.240  -55.333  -32.540 0.0000000000
23821  26.139  -54.961  -32.053 0.0000000000
25251  25.934  -54.824  -32.049 0.0000000000
23838  25.374  -54.968  -32.511 0.0000000000
25252  25.544  -54.639  -32.152 0.0000000000
25272  25.089  -54.593  -32.610 0.0000000000
25271  27.713  -55.137  -33.033 0.0000000000
23859  24.683  -54.951  -33.349 0.0000000000
25273  24.726  -54.568  -33.089 0.0000000000
25290  24.411  -54.612  -33.539 0.0000000000
25289  27.881  -55.253  -33.528 0.0000000000
23876  27.944  -55.353  -33.910 0.0000000000
23880  24.082  -55.099  -34.173 0.0000000000
25291  24.043  -54.651  -33.997 0.0000000000
25306  23.753  -54.927  -34.320 0.0000000000
23897  28.273  -55.263  -34.557 0.0000000000
25307  23.234  -54.968  -34.565 0.0000000000
25308  22.482  -55.106  -34.549 0.0000000000
25309  21.991  -55.269  -34.498 0.0000000000
23881  21.022  -55.379  -33.945 0.0000000000
25294  21.775  -54.803  -34.124 0.0000000000
23882  20.700  -55.939  -33.713 0.0000000000
22526  20.616  -56.525  -33.937 0.0000000000
23905  34.795  -56.153  -35.122 0.0000000000
23889  34.931  -55.716  -34.982 0.0000000000
23890  34.148  -55.588  -34.968 0.0000000000
23891  33.395  -55.792  -34.943 0.0000000000
23894  30.769  -55.571  -34.619 0.0000000000
23895  29.889  -55.135  -35.042 0.0000000000
23896  29.005  -55.001  -35.133 0.0000000000
25229  26.977  -54.538  -31.774 0.0000000000
25249  27.655  -54.557  -32.256 0.0000000000
25230  26.246  -54.593  -31.802 0.0000000000
25231  25.874  -54.549  -31.902 0.0000000000
26663  25.815  -54.045  -31.758 0.0000000000
26683  25.157  -53.927  -32.272 0.0000000000
25270  28.038  -54.506  -32.790 0.0000000000
25288  28.190  -54.783  -33.662 0.0000000000
26701  24.788  -54.123  -32.779 0.0000000000
26702  24.357  -53.852  -33.300 0.0000000000
25305  28.636  -54.464  -34.506 0.0000000000
26700  28.409  -54.092  -33.169 0.0000000000
26716  28.570  -54.106  -33.893 0.0000000000
26717  24.172  -54.245  -33.721 0.0000000000
26718  23.736  -53.923  -33.898 0.0000000000
25292  23.426  -54.458  -34.295 0.0000000000
26719  22.955  -54.007  -34.069 0.0000000000
25293  22.669  -54.555  -34.314 0.0000000000
26720  22.234  -54.168  -33.966 0.0000000000
25274  21.181  -54.870  -33.385 0.0000000000
26705  21.500  -54.356  -33.661 0.0000000000
26721  21.805  -54.280  -33.835 0.0000000000
25304  29.408  -54.516  -34.759 0.0000000000
26724  28.760  -54.049  -34.293 0.0000000000
26723  29.111  -54.036  -34.481 0.0000000000
26662  26.564  -53.951  -31.520 0.0000000000
28121  26.190  -53.235  -31.514 0.0000000000
28122  25.495  -53.224  -31.866 0.0000000000
28140  25.001  -53.129  -32.388 0.0000000000
26684  24.739  -53.627  -32.706 0.0000000000
28141  24.566  -53.085  -32.897 0.0000000000
26681  28.191  -53.997  -32.342 0.0000000000
28152  28.666  -53.476  -32.897 0.0000000000
28160  28.744  -53.579  -33.569 0.0000000000
28153  24.062  -53.064  -33.299 0.0000000000
26703  23.863  -53.468  -33.595 0.0000000000
28154  23.458  -53.111  -33.514 0.0000000000
28161  23.567  -53.499  -33.721 0.0000000000
26686  21.425  -54.241  -33.168 0.0000000000
26704  21.833  -53.873  -33.525 0.0000000000
26715  28.924  -53.746  -34.117 0.0000000000
28162  23.180  -53.517  -33.813 0.0000000000
28163  22.530  -53.655  -33.711 0.0000000000
26722  29.688  -54.045  -34.453 0.0000000000
28166  29.371  -53.566  -34.368 0.0000000000
28120  26.975  -53.210  -31.333 0.0000000000
29516  26.596  -52.454  -31.403 0.0000000000
29517  25.896  -52.502  -31.701 0.0000000000
29530  25.336  -52.493  -32.094 0.0000000000
29531  24.837  -52.426  -32.556 0.0000000000
29539  24.275  -52.449  -32.957 0.0000000000
28139  28.646  -53.212  -32.364 0.0000000000
28151  29.014  -52.909  -33.343 0.0000000000
28138  28.887  -52.965  -32.744 0.0000000000
29540  23.668  -52.549  -33.179 0.0000000000
28155  22.826  -53.190  -33.479 0.0000000000
29541  22.979  -52.683  -33.165 0.0000000000
28156  22.243  -53.300  -33.243 0.0000000000
29542  22.616  -53.001  -33.234 0.0000000000
28142  22.094  -53.116  -32.765 0.0000000000
26685  21.794  -53.775  -32.650 0.0000000000
29533  22.441  -52.856  -33.006 0.0000000000
28159  29.148  -53.218  -33.976 0.0000000000
28165  29.947  -53.464  -34.224 0.0000000000
29549  29.570  -53.101  -34.276 0.0000000000
29515  27.339  -52.458  -31.273 0.0000000000
30810  27.057  -51.674  -31.306 0.0000000000
30811  26.233  -51.670  -31.626 0.0000000000
30812  25.673  -51.967  -31.910 0.0000000000
30824  25.242  -51.736  -32.246 0.0000000000
30825  24.459  -51.715  -32.528 0.0000000000
29520  22.345  -52.795  -32.615 0.0000000000
29532  22.633  -52.471  -32.797 0.0000000000
30832  23.874  -52.010  -32.886 0.0000000000
30833  23.320  -52.141  -32.914 0.0000000000
30834  22.952  -52.316  -32.899 0.0000000000
29546  29.553  -52.529  -33.937 0.0000000000
29548  29.993  -52.894  -34.226 0.0000000000
30809  27.869  -51.752  -31.302 0.0000000000
32053  27.613  -50.909  -31.301 0.0000000000
32054  26.801  -50.864  -31.530 0.0000000000
32055  26.023  -50.833  -31.871 0.0000000000
30823  25.735  -51.464  -31.957 0.0000000000
32064  25.500  -51.130  -32.106 0.0000000000
32065  24.962  -51.001  -32.201 0.0000000000
32066  24.331  -50.992  -32.201 0.0000000000
30826  23.602  -51.533  -32.377 0.0000000000
30813  23.471  -51.580  -31.489 0.0000000000
30814  22.990  -51.917  -32.038 0.0000000000
30827  22.938  -52.063  -32.590 0.0000000000
32067  23.905  -50.779  -31.752 0.0000000000
29519  22.630  -52.545  -32.229 0.0000000000
32052  28.433  -50.976  -31.406 0.0000000000
33352  28.174  -50.153  -31.304 0.0000000000
33353  27.355  -50.092  -31.481 0.0000000000
33354  26.556  -50.052  -31.715 0.0000000000
33355  25.782  -50.036  -31.866 0.0000000000
32056  25.462  -50.627  -32.061 0.0000000000
33356  24.964  -50.187  -31.911 0.0000000000
33365  24.675  -50.654  -32.110 0.0000000000
33366  24.378  -50.461  -31.947 0.0000000000
32057  23.873  -50.787  -31.062 0.0000000000
33358  24.030  -50.167  -31.349 0.0000000000
33367  24.148  -50.340  -31.678 0.0000000000
33351  29.002  -50.245  -31.392 0.0000000000
34773  28.739  -49.388  -31.135 0.0000000000
34774  27.887  -49.331  -31.397 0.0000000000
34775  27.076  -49.284  -31.614 0.0000000000
34776  26.240  -49.244  -31.663 0.0000000000
34777  25.413  -49.349  -31.627 0.0000000000
33357  24.379  -50.036  -31.653 0.0000000000
34778  24.636  -49.428  -31.448 0.0000000000
34779  24.256  -49.780  -31.410 0.0000000000
33344  24.216  -50.117  -30.820 0.0000000000
34764  24.197  -49.663  -31.120 0.0000000000
34763  24.634  -49.419  -30.766 0.0000000000
36150  24.723  -49.003  -31.143 0.0000000000
36170  24.749  -49.075  -31.365 0.0000000000
36169  25.034  -48.888  -31.382 0.0000000000
32051  29.235  -50.998  -31.808 0.0000000000
33350  29.792  -50.284  -31.795 0.0000000000
34772  29.541  -49.611  -31.229 0.0000000000
32050  29.606  -50.730  -31.949 0.0000000000
32062  29.746  -50.897  -32.305 0.0000000000
33364  30.248  -50.318  -32.429 0.0000000000
33349  30.457  -49.836  -32.034 0.0000000000
34771  30.264  -49.482  -31.540 0.0000000000
33363  30.773  -49.883  -32.584 0.0000000000
34770  31.094  -49.131  -31.922 0.0000000000
33343  24.586  -50.063  -30.371 0.0000000000
32043  24.261  -50.738  -30.535 0.0000000000
30822  29.461  -51.585  -32.609 0.0000000000
30821  29.854  -51.164  -32.759 0.0000000000
32063  29.395  -51.294  -32.190 0.0000000000
32072  30.266  -50.780  -33.010 0.0000000000
30799  23.929  -51.559  -30.717 0.0000000000
30808  28.604  -51.782  -31.648 0.0000000000
30807  29.117  -51.708  -32.089 0.0000000000
32042  24.709  -50.693  -30.101 0.0000000000
30798  24.368  -51.256  -30.261 0.0000000000
29512  29.111  -52.042  -32.372 0.0000000000
29528  29.124  -52.380  -32.771 0.0000000000
30831  29.534  -51.892  -33.239 0.0000000000
30830  29.895  -51.383  -33.133 0.0000000000
29518  23.030  -52.434  -31.620 0.0000000000
29503  23.496  -52.364  -31.049 0.0000000000
29514  28.044  -52.699  -31.483 0.0000000000
29513  28.825  -52.537  -32.043 0.0000000000
30790  24.238  -51.818  -30.213 0.0000000000
29491  23.935  -52.412  -30.484 0.0000000000
30789  24.753  -51.486  -29.726 0.0000000000
29490  24.336  -52.402  -29.909 0.0000000000
29538  29.317  -52.340  -33.412 0.0000000000
30839  29.597  -52.110  -33.606 0.0000000000
29545  30.293  -52.349  -34.061 0.0000000000
30838  30.040  -51.715  -33.701 0.0000000000
29529  28.900  -52.788  -32.451 0.0000000000
28125  22.311  -53.214  -32.326 0.0000000000
28124  22.726  -53.178  -31.797 0.0000000000
28123  23.220  -53.117  -31.312 0.0000000000
29502  27.502  -52.991  -31.360 0.0000000000
29501  27.724  -53.212  -31.476 0.0000000000
28119  27.936  -53.387  -31.613 0.0000000000
28118  28.279  -53.406  -31.892 0.0000000000
28104  23.623  -53.125  -30.782 0.0000000000
28103  27.457  -53.442  -31.414 0.0000000000
28102  27.722  -53.585  -31.569 0.0000000000
28087  24.038  -53.198  -30.198 0.0000000000
29477  24.744  -52.345  -29.253 0.0000000000
28086  24.417  -53.151  -29.569 0.0000000000
26666  22.392  -53.869  -31.984 0.0000000000
26665  22.990  -53.900  -31.470 0.0000000000
26664  23.401  -53.669  -31.061 0.0000000000
26661  27.272  -53.912  -31.512 0.0000000000
26660  27.831  -53.933  -31.846 0.0000000000
26659  28.126  -53.824  -31.995 0.0000000000
26643  23.697  -53.965  -30.568 0.0000000000
26642  27.536  -53.746  -31.549 0.0000000000
26641  27.721  -53.796  -31.683 0.0000000000
26627  24.105  -54.076  -29.739 0.0000000000
28071  24.669  -53.118  -28.943 0.0000000000
26626  24.449  -53.689  -29.218 0.0000000000
25303  30.042  -54.724  -34.357 0.0000000000
26714  30.065  -54.021  -34.048 0.0000000000
25287  30.276  -54.537  -33.785 0.0000000000
26699  30.213  -53.952  -33.722 0.0000000000
26713  30.302  -53.759  -33.751 0.0000000000
28158  30.166  -53.642  -33.972 0.0000000000
25254  21.536  -54.694  -32.689 0.0000000000
25253  22.067  -54.579  -32.151 0.0000000000
25248  27.956  -54.350  -32.450 0.0000000000
26682  27.889  -54.173  -32.143 0.0000000000
25233  22.624  -54.565  -31.684 0.0000000000
26644  23.358  -54.188  -31.055 0.0000000000
25232  23.104  -54.650  -31.270 0.0000000000
25228  27.453  -54.272  -31.810 0.0000000000
25302  30.504  -55.014  -33.983 0.0000000000
23875  30.921  -55.276  -33.760 0.0000000000
25286  30.639  -54.835  -33.510 0.0000000000
25269  30.420  -54.396  -33.367 0.0000000000
23840  21.393  -55.450  -32.832 0.0000000000
23860  20.989  -55.675  -33.325 0.0000000000
23893  31.349  -55.847  -34.532 0.0000000000
23874  31.525  -55.715  -34.084 0.0000000000
22520  31.596  -55.931  -34.525 0.0000000000
23892  32.696  -55.966  -34.754 0.0000000000
23871  33.647  -55.499  -34.539 0.0000000000
23872  33.065  -55.670  -34.379 0.0000000000
22519  31.986  -56.048  -34.560 0.0000000000
23873  32.366  -55.799  -34.156 0.0000000000
32078  30.225  -51.187  -33.390 0.0000000000
33374  30.509  -50.321  -32.809 0.0000000000
32077  30.713  -50.901  -33.585 0.0000000000
32071  30.595  -50.681  -33.269 0.0000000000
33373  30.779  -50.355  -33.166 0.0000000000
34785  31.261  -49.480  -32.653 0.0000000000
34793  31.119  -49.851  -33.003 0.0000000000
