#!ascii label  , from subject  vox2ras=TkReg
709
26858  -33.138  -54.233  -23.066 0.0000000000
26857  -32.405  -54.455  -22.862 0.0000000000
26849  -32.977  -54.186  -22.405 0.0000000000
26850  -33.660  -54.117  -22.567 0.0000000000
26859  -33.831  -54.209  -23.222 0.0000000000
26866  -32.698  -54.384  -23.530 0.0000000000
26867  -33.383  -54.253  -23.702 0.0000000000
26851  -34.350  -54.303  -22.746 0.0000000000
26860  -34.448  -54.419  -23.363 0.0000000000
26868  -34.063  -54.301  -23.800 0.0000000000
25781  -34.870  -54.695  -23.015 0.0000000000
25798  -34.910  -54.774  -23.572 0.0000000000
26869  -34.606  -54.519  -23.849 0.0000000000
25812  -32.954  -54.355  -24.250 0.0000000000
25811  -32.046  -54.461  -23.990 0.0000000000
26865  -32.260  -54.508  -23.336 0.0000000000
25813  -33.727  -54.346  -24.357 0.0000000000
25814  -34.418  -54.504  -24.325 0.0000000000
25815  -34.985  -54.976  -24.183 0.0000000000
25796  -31.888  -54.639  -23.135 0.0000000000
26856  -32.195  -54.546  -23.117 0.0000000000
25797  -32.000  -54.634  -22.703 0.0000000000
25780  -32.051  -54.643  -22.273 0.0000000000
26848  -32.485  -54.383  -22.105 0.0000000000
26843  -34.235  -54.197  -21.904 0.0000000000
25767  -34.869  -54.652  -22.335 0.0000000000
26842  -33.428  -54.028  -21.893 0.0000000000
26841  -32.859  -54.159  -21.789 0.0000000000
25766  -32.172  -54.621  -21.629 0.0000000000
26840  -32.530  -54.359  -21.604 0.0000000000
26826  -34.359  -54.209  -20.973 0.0000000000
25747  -34.936  -54.748  -21.444 0.0000000000
26825  -33.730  -53.945  -21.230 0.0000000000
26824  -33.122  -54.047  -21.302 0.0000000000
26823  -32.727  -54.212  -21.338 0.0000000000
25746  -32.411  -54.443  -21.121 0.0000000000
26813  -34.399  -54.087  -20.295 0.0000000000
25731  -34.890  -54.512  -20.398 0.0000000000
26812  -33.876  -53.915  -20.502 0.0000000000
26811  -33.272  -53.958  -20.665 0.0000000000
26810  -32.771  -54.172  -20.834 0.0000000000
26794  -34.790  -54.083  -19.731 0.0000000000
26793  -34.047  -53.782  -19.816 0.0000000000
26792  -33.396  -53.846  -19.937 0.0000000000
26791  -32.850  -54.143  -20.135 0.0000000000
25730  -32.391  -54.487  -20.426 0.0000000000
25715  -35.476  -54.611  -19.706 0.0000000000
25714  -35.034  -54.423  -19.934 0.0000000000
26795  -35.201  -54.111  -19.367 0.0000000000
26772  -34.308  -53.477  -19.226 0.0000000000
26773  -34.958  -53.689  -19.081 0.0000000000
26771  -33.503  -53.476  -19.113 0.0000000000
26770  -32.957  -54.077  -19.315 0.0000000000
25713  -32.477  -54.535  -19.626 0.0000000000
27835  -34.583  -53.144  -18.657 0.0000000000
26774  -35.629  -53.996  -19.006 0.0000000000
27836  -35.280  -53.258  -18.558 0.0000000000
27834  -33.900  -53.124  -18.664 0.0000000000
26757  -32.991  -53.737  -18.380 0.0000000000
26758  -33.318  -53.335  -18.544 0.0000000000
27833  -33.512  -53.195  -18.609 0.0000000000
25691  -32.479  -54.650  -18.706 0.0000000000
27819  -33.351  -52.927  -18.080 0.0000000000
25678  -32.589  -54.279  -17.985 0.0000000000
26745  -32.614  -53.692  -17.539 0.0000000000
27818  -32.922  -53.315  -17.865 0.0000000000
25666  -32.345  -54.429  -17.394 0.0000000000
26737  -32.164  -53.877  -16.926 0.0000000000
27800  -32.250  -53.173  -16.979 0.0000000000
27808  -32.790  -52.921  -17.445 0.0000000000
25654  -32.059  -54.433  -16.875 0.0000000000
26736  -31.693  -54.100  -16.504 0.0000000000
27799  -31.706  -53.387  -16.579 0.0000000000
25653  -31.723  -54.830  -16.692 0.0000000000
26735  -31.211  -54.467  -16.178 0.0000000000
27798  -31.019  -53.586  -16.184 0.0000000000
25652  -31.347  -55.113  -16.389 0.0000000000
25641  -30.939  -55.089  -16.030 0.0000000000
26724  -30.690  -54.464  -15.791 0.0000000000
27787  -30.835  -54.086  -15.987 0.0000000000
25640  -30.476  -55.041  -15.554 0.0000000000
26723  -30.121  -54.297  -15.361 0.0000000000
27786  -30.406  -53.851  -15.833 0.0000000000
24732  -35.289  -55.532  -23.804 0.0000000000
24731  -35.163  -55.629  -24.325 0.0000000000
25816  -35.178  -55.069  -23.731 0.0000000000
24747  -34.728  -55.413  -24.867 0.0000000000
25829  -34.634  -54.876  -24.621 0.0000000000
25828  -34.161  -54.774  -24.854 0.0000000000
25827  -33.368  -54.710  -24.920 0.0000000000
25826  -32.526  -54.645  -24.876 0.0000000000
25810  -31.103  -54.605  -24.323 0.0000000000
25795  -31.272  -54.758  -23.599 0.0000000000
25825  -31.666  -54.632  -24.898 0.0000000000
25809  -30.279  -54.635  -24.490 0.0000000000
25794  -30.562  -54.817  -23.846 0.0000000000
25824  -30.820  -54.714  -25.012 0.0000000000
25808  -29.471  -54.737  -24.590 0.0000000000
25793  -29.806  -54.887  -23.944 0.0000000000
25823  -30.009  -54.898  -25.062 0.0000000000
25807  -28.668  -54.846  -24.701 0.0000000000
25792  -29.000  -55.017  -24.031 0.0000000000
25822  -29.226  -55.080  -25.085 0.0000000000
25806  -27.961  -55.114  -24.863 0.0000000000
25791  -28.177  -55.211  -24.152 0.0000000000
25821  -28.526  -55.251  -25.112 0.0000000000
24730  -27.418  -55.444  -24.397 0.0000000000
24738  -27.636  -55.745  -25.020 0.0000000000
25820  -28.100  -55.437  -25.093 0.0000000000
25799  -35.225  -55.110  -23.340 0.0000000000
25779  -31.646  -54.833  -22.524 0.0000000000
25778  -31.220  -54.964  -22.948 0.0000000000
24716  -30.775  -55.030  -23.323 0.0000000000
24715  -30.190  -55.198  -23.368 0.0000000000
24714  -29.429  -55.368  -23.404 0.0000000000
24713  -28.589  -55.555  -23.497 0.0000000000
24712  -27.618  -55.793  -23.545 0.0000000000
25782  -35.252  -55.115  -22.762 0.0000000000
25765  -31.588  -54.959  -21.764 0.0000000000
25764  -31.099  -55.186  -22.298 0.0000000000
24696  -30.618  -55.297  -22.799 0.0000000000
25768  -35.276  -55.192  -22.126 0.0000000000
25745  -31.859  -54.791  -20.880 0.0000000000
24679  -31.027  -55.354  -21.684 0.0000000000
24660  -31.251  -55.289  -21.049 0.0000000000
24678  -30.445  -55.566  -22.036 0.0000000000
25732  -35.422  -55.248  -20.763 0.0000000000
25748  -35.344  -55.384  -21.561 0.0000000000
24641  -31.500  -55.291  -20.252 0.0000000000
25729  -31.997  -54.865  -19.968 0.0000000000
24622  -35.968  -55.508  -20.128 0.0000000000
24642  -35.875  -55.982  -20.746 0.0000000000
24661  -35.591  -55.934  -21.378 0.0000000000
24621  -31.749  -55.303  -19.475 0.0000000000
25712  -32.168  -54.948  -19.218 0.0000000000
25716  -36.289  -55.123  -19.489 0.0000000000
25692  -35.709  -54.376  -19.281 0.0000000000
25693  -36.042  -54.496  -19.148 0.0000000000
24601  -32.030  -55.292  -18.694 0.0000000000
25690  -32.239  -54.979  -18.867 0.0000000000
26775  -36.466  -53.914  -18.742 0.0000000000
25694  -36.870  -54.702  -18.984 0.0000000000
24602  -32.297  -55.024  -18.330 0.0000000000
24583  -32.366  -54.780  -17.976 0.0000000000
24568  -32.188  -54.948  -17.539 0.0000000000
25665  -32.045  -54.812  -17.148 0.0000000000
24567  -31.843  -55.353  -17.315 0.0000000000
24554  -31.528  -55.376  -16.768 0.0000000000
24553  -31.106  -55.694  -16.528 0.0000000000
24545  -30.626  -55.693  -15.943 0.0000000000
24544  -30.131  -55.651  -15.484 0.0000000000
25626  -29.983  -55.002  -15.124 0.0000000000
24536  -29.638  -55.615  -15.034 0.0000000000
25625  -29.486  -54.929  -14.709 0.0000000000
26711  -29.748  -54.451  -14.931 0.0000000000
24535  -29.028  -55.570  -14.608 0.0000000000
25607  -28.965  -54.795  -14.276 0.0000000000
26710  -29.272  -54.119  -14.627 0.0000000000
24513  -28.550  -55.285  -14.193 0.0000000000
25606  -28.301  -54.627  -13.824 0.0000000000
26695  -28.807  -54.197  -14.119 0.0000000000
23576  -35.020  -56.252  -24.445 0.0000000000
23591  -34.281  -56.224  -25.264 0.0000000000
24746  -33.833  -55.384  -25.177 0.0000000000
23590  -33.435  -55.905  -25.357 0.0000000000
24745  -32.937  -55.392  -25.237 0.0000000000
23589  -33.020  -55.809  -25.394 0.0000000000
24752  -32.782  -55.765  -25.407 0.0000000000
24751  -32.440  -55.736  -25.392 0.0000000000
24744  -32.106  -55.213  -25.186 0.0000000000
24750  -31.751  -55.685  -25.405 0.0000000000
24743  -31.329  -55.175  -25.262 0.0000000000
24749  -31.044  -55.678  -25.468 0.0000000000
24742  -30.567  -55.265  -25.313 0.0000000000
24748  -30.418  -55.744  -25.488 0.0000000000
24741  -29.780  -55.515  -25.344 0.0000000000
23588  -29.322  -55.944  -25.477 0.0000000000
24740  -28.977  -55.574  -25.319 0.0000000000
23595  -29.945  -56.161  -25.640 0.0000000000
23587  -28.710  -56.051  -25.483 0.0000000000
24739  -28.320  -55.699  -25.256 0.0000000000
23586  -28.012  -56.216  -25.358 0.0000000000
23585  -27.178  -56.586  -25.096 0.0000000000
24737  -26.683  -55.912  -24.696 0.0000000000
23584  -26.382  -56.711  -24.834 0.0000000000
24736  -26.083  -56.326  -24.657 0.0000000000
24729  -26.796  -55.618  -24.038 0.0000000000
25805  -26.577  -55.740  -24.317 0.0000000000
25819  -26.405  -55.878  -24.417 0.0000000000
25818  -26.194  -55.999  -24.470 0.0000000000
23583  -25.762  -56.799  -24.811 0.0000000000
24735  -25.585  -56.280  -24.674 0.0000000000
25817  -25.920  -56.138  -24.550 0.0000000000
23582  -25.157  -56.796  -24.843 0.0000000000
24734  -24.961  -56.215  -24.767 0.0000000000
24727  -25.372  -55.757  -24.419 0.0000000000
25803  -25.847  -55.908  -24.406 0.0000000000
23581  -24.491  -56.755  -24.856 0.0000000000
24733  -24.370  -56.191  -24.723 0.0000000000
24726  -24.724  -55.664  -24.351 0.0000000000
23580  -23.728  -56.610  -24.806 0.0000000000
24725  -23.911  -55.826  -24.386 0.0000000000
24717  -35.379  -55.671  -23.172 0.0000000000
23567  -35.256  -56.290  -23.740 0.0000000000
23577  -35.249  -55.947  -24.085 0.0000000000
24728  -26.407  -55.793  -23.804 0.0000000000
24711  -26.766  -55.966  -23.512 0.0000000000
25804  -26.258  -55.697  -24.189 0.0000000000
24710  -26.086  -55.974  -23.548 0.0000000000
25790  -26.132  -55.752  -23.845 0.0000000000
24709  -25.312  -55.880  -23.662 0.0000000000
25789  -25.806  -55.664  -23.977 0.0000000000
24708  -24.445  -55.930  -23.544 0.0000000000
23575  -23.273  -56.223  -24.578 0.0000000000
24724  -23.131  -55.819  -24.204 0.0000000000
24707  -23.628  -55.745  -23.662 0.0000000000
24697  -35.403  -55.627  -22.584 0.0000000000
23553  -35.428  -56.344  -22.779 0.0000000000
24695  -29.911  -55.583  -22.747 0.0000000000
24694  -29.056  -55.896  -22.728 0.0000000000
24693  -28.228  -55.987  -23.008 0.0000000000
23565  -27.575  -56.095  -23.098 0.0000000000
24692  -27.805  -56.057  -23.088 0.0000000000
23564  -27.200  -56.180  -23.071 0.0000000000
23563  -26.487  -56.306  -23.026 0.0000000000
23562  -25.732  -56.308  -23.053 0.0000000000
23561  -25.052  -56.248  -23.114 0.0000000000
24691  -23.913  -56.076  -23.151 0.0000000000
23546  -24.458  -56.477  -22.756 0.0000000000
24680  -35.463  -55.832  -22.066 0.0000000000
24677  -29.669  -55.971  -22.062 0.0000000000
23552  -28.901  -56.190  -22.357 0.0000000000
24676  -29.161  -56.158  -22.201 0.0000000000
23551  -28.506  -56.251  -22.469 0.0000000000
23550  -27.758  -56.325  -22.680 0.0000000000
23536  -35.578  -56.539  -21.929 0.0000000000
24659  -30.688  -55.636  -21.255 0.0000000000
24658  -30.118  -55.916  -21.405 0.0000000000
23535  -29.282  -56.253  -21.815 0.0000000000
23513  -29.611  -56.235  -21.419 0.0000000000
23534  -28.831  -56.365  -21.972 0.0000000000
23514  -35.839  -56.633  -21.174 0.0000000000
24640  -30.885  -55.743  -20.478 0.0000000000
24639  -30.427  -55.963  -20.885 0.0000000000
23488  -29.957  -56.253  -20.816 0.0000000000
24643  -36.271  -56.109  -20.346 0.0000000000
23490  -36.134  -56.495  -20.637 0.0000000000
24620  -31.248  -55.730  -19.680 0.0000000000
23489  -30.422  -56.155  -20.425 0.0000000000
23468  -30.687  -56.155  -19.826 0.0000000000
24623  -36.642  -55.871  -19.832 0.0000000000
24600  -31.532  -55.661  -19.074 0.0000000000
23453  -31.052  -56.125  -18.983 0.0000000000
24582  -32.142  -55.230  -17.965 0.0000000000
23454  -31.550  -55.796  -18.574 0.0000000000
23433  -31.753  -55.646  -18.028 0.0000000000
23410  -31.507  -55.876  -17.549 0.0000000000
24566  -31.421  -55.741  -17.073 0.0000000000
23409  -30.993  -56.253  -17.298 0.0000000000
23387  -30.545  -56.287  -16.492 0.0000000000
23369  -30.216  -56.172  -15.902 0.0000000000
23368  -29.671  -56.266  -15.560 0.0000000000
23347  -29.249  -56.110  -15.062 0.0000000000
23346  -28.688  -56.260  -14.895 0.0000000000
24534  -28.371  -55.839  -14.450 0.0000000000
23345  -27.958  -56.349  -14.759 0.0000000000
23319  -27.958  -55.952  -14.378 0.0000000000
24512  -27.927  -55.504  -14.059 0.0000000000
23318  -27.516  -56.006  -14.397 0.0000000000
24511  -27.118  -55.603  -14.025 0.0000000000
25605  -27.493  -54.956  -13.621 0.0000000000
23317  -26.889  -56.061  -14.467 0.0000000000
24510  -26.184  -55.798  -14.261 0.0000000000
25604  -26.644  -55.102  -13.619 0.0000000000
23343  -26.408  -56.360  -14.914 0.0000000000
24533  -25.942  -56.183  -14.746 0.0000000000
24532  -25.454  -56.085  -14.716 0.0000000000
24509  -25.233  -55.604  -14.208 0.0000000000
25603  -25.759  -55.151  -13.652 0.0000000000
24531  -24.682  -55.972  -14.751 0.0000000000
24508  -24.401  -55.498  -14.229 0.0000000000
25602  -24.897  -55.094  -13.685 0.0000000000
22423  -29.700  -56.767  -25.949 0.0000000000
23594  -29.175  -56.373  -25.741 0.0000000000
22424  -30.465  -56.647  -25.883 0.0000000000
23596  -30.749  -56.151  -25.660 0.0000000000
22422  -28.918  -56.917  -25.996 0.0000000000
23593  -28.446  -56.552  -25.686 0.0000000000
22421  -28.075  -57.159  -25.835 0.0000000000
23592  -27.818  -56.735  -25.465 0.0000000000
22420  -27.316  -57.140  -25.416 0.0000000000
22405  -34.716  -57.047  -24.821 0.0000000000
22418  -34.241  -56.970  -25.513 0.0000000000
23601  -34.011  -56.596  -25.531 0.0000000000
23600  -33.634  -56.420  -25.562 0.0000000000
23599  -32.912  -56.171  -25.597 0.0000000000
22414  -26.952  -57.008  -25.175 0.0000000000
22413  -26.467  -57.038  -24.891 0.0000000000
22412  -25.976  -57.258  -24.948 0.0000000000
22411  -25.384  -57.324  -24.916 0.0000000000
22410  -24.711  -57.338  -24.949 0.0000000000
22409  -23.955  -57.312  -25.027 0.0000000000
22408  -23.124  -57.284  -25.078 0.0000000000
23579  -22.894  -56.712  -24.789 0.0000000000
23566  -35.094  -56.456  -24.078 0.0000000000
22392  -34.991  -56.776  -24.087 0.0000000000
22393  -35.236  -57.187  -23.455 0.0000000000
23549  -26.997  -56.545  -22.555 0.0000000000
23548  -26.172  -56.750  -22.397 0.0000000000
23547  -25.294  -56.644  -22.635 0.0000000000
22378  -35.528  -57.233  -22.489 0.0000000000
23533  -28.198  -56.574  -21.969 0.0000000000
23532  -27.504  -56.725  -22.083 0.0000000000
23531  -26.869  -56.880  -22.022 0.0000000000
22373  -25.512  -56.967  -22.148 0.0000000000
22355  -26.049  -57.124  -21.665 0.0000000000
23530  -26.457  -56.976  -21.911 0.0000000000
22372  -24.845  -56.912  -22.241 0.0000000000
23529  -24.036  -56.693  -22.335 0.0000000000
22371  -24.394  -56.798  -22.285 0.0000000000
23545  -23.670  -56.358  -22.689 0.0000000000
22359  -35.817  -57.227  -21.715 0.0000000000
23512  -29.096  -56.459  -21.380 0.0000000000
23511  -28.632  -56.588  -21.565 0.0000000000
22358  -27.843  -56.877  -21.633 0.0000000000
22333  -28.294  -56.807  -21.347 0.0000000000
22357  -27.338  -57.012  -21.572 0.0000000000
22356  -26.740  -57.095  -21.524 0.0000000000
23515  -36.221  -56.924  -20.793 0.0000000000
22335  -36.113  -57.196  -21.192 0.0000000000
23487  -29.472  -56.424  -20.978 0.0000000000
22334  -28.722  -56.677  -21.134 0.0000000000
22308  -29.107  -56.631  -20.756 0.0000000000
23491  -36.764  -56.697  -20.368 0.0000000000
23467  -30.036  -56.466  -20.058 0.0000000000
23466  -29.580  -56.532  -20.509 0.0000000000
23452  -30.345  -56.510  -19.301 0.0000000000
22285  -29.874  -56.665  -19.578 0.0000000000
22284  -29.306  -56.823  -19.919 0.0000000000
23432  -31.284  -56.126  -18.118 0.0000000000
23431  -30.492  -56.584  -18.306 0.0000000000
22264  -29.793  -56.817  -19.044 0.0000000000
22242  -29.606  -56.983  -18.175 0.0000000000
23408  -30.083  -56.737  -17.246 0.0000000000
22222  -29.293  -57.054  -17.369 0.0000000000
22192  -29.598  -56.928  -16.849 0.0000000000
23386  -29.819  -56.635  -16.336 0.0000000000
22191  -29.068  -56.988  -16.532 0.0000000000
23385  -29.333  -56.695  -15.964 0.0000000000
22157  -29.010  -56.820  -15.984 0.0000000000
23367  -28.995  -56.573  -15.523 0.0000000000
22156  -28.598  -56.930  -15.975 0.0000000000
23366  -28.300  -56.716  -15.378 0.0000000000
22155  -27.900  -57.061  -15.954 0.0000000000
23365  -27.564  -56.819  -15.343 0.0000000000
22154  -27.168  -57.082  -15.977 0.0000000000
23364  -26.816  -56.786  -15.427 0.0000000000
23344  -27.195  -56.441  -14.847 0.0000000000
22153  -26.459  -57.041  -16.055 0.0000000000
23363  -26.092  -56.744  -15.569 0.0000000000
22152  -25.771  -57.032  -16.166 0.0000000000
23362  -25.356  -56.780  -15.738 0.0000000000
23342  -25.708  -56.431  -15.155 0.0000000000
23341  -24.964  -56.427  -15.280 0.0000000000
22432  -30.231  -57.254  -26.008 0.0000000000
22433  -30.966  -57.112  -25.930 0.0000000000
22425  -31.181  -56.593  -25.841 0.0000000000
22431  -29.435  -57.388  -26.139 0.0000000000
22430  -28.685  -57.460  -26.138 0.0000000000
21172  -27.435  -57.548  -25.742 0.0000000000
21183  -27.950  -57.972  -26.015 0.0000000000
21171  -26.904  -57.640  -25.481 0.0000000000
22419  -26.811  -57.338  -25.267 0.0000000000
21170  -26.386  -57.797  -25.264 0.0000000000
21168  -34.424  -57.723  -25.452 0.0000000000
21180  -33.747  -57.483  -25.900 0.0000000000
22429  -33.810  -56.844  -25.717 0.0000000000
21160  -25.965  -57.564  -24.925 0.0000000000
21159  -25.644  -57.778  -25.040 0.0000000000
21158  -24.993  -57.848  -25.070 0.0000000000
21157  -24.237  -57.913  -25.162 0.0000000000
21156  -23.403  -57.948  -25.313 0.0000000000
21137  -34.979  -57.421  -24.210 0.0000000000
21151  -34.882  -57.967  -24.789 0.0000000000
21119  -35.624  -58.100  -23.035 0.0000000000
21138  -35.278  -58.093  -24.041 0.0000000000
21094  -35.906  -57.925  -22.148 0.0000000000
22354  -25.208  -57.172  -21.636 0.0000000000
22353  -24.248  -57.028  -21.733 0.0000000000
22360  -36.289  -57.726  -21.493 0.0000000000
22332  -27.837  -57.053  -21.105 0.0000000000
22331  -27.210  -57.188  -20.978 0.0000000000
22330  -26.509  -57.256  -20.944 0.0000000000
22329  -25.732  -57.285  -20.936 0.0000000000
22328  -24.881  -57.294  -20.908 0.0000000000
22336  -36.608  -57.370  -20.897 0.0000000000
22307  -28.502  -56.934  -20.635 0.0000000000
22306  -27.776  -57.189  -20.395 0.0000000000
22305  -27.036  -57.288  -20.279 0.0000000000
22304  -26.268  -57.302  -20.222 0.0000000000
22303  -25.467  -57.352  -20.181 0.0000000000
22283  -28.411  -57.117  -19.737 0.0000000000
22282  -27.611  -57.260  -19.601 0.0000000000
22281  -26.825  -57.313  -19.515 0.0000000000
22280  -26.028  -57.365  -19.463 0.0000000000
22302  -24.649  -57.351  -20.103 0.0000000000
22279  -25.227  -57.410  -19.421 0.0000000000
22263  -29.033  -57.090  -18.984 0.0000000000
22262  -28.206  -57.233  -18.885 0.0000000000
22261  -27.399  -57.297  -18.798 0.0000000000
22260  -26.588  -57.340  -18.726 0.0000000000
22259  -25.772  -57.450  -18.699 0.0000000000
22241  -28.789  -57.219  -18.132 0.0000000000
22240  -27.977  -57.324  -18.073 0.0000000000
22239  -27.171  -57.337  -18.004 0.0000000000
22221  -28.527  -57.240  -17.326 0.0000000000
22220  -27.732  -57.323  -17.305 0.0000000000
22238  -26.316  -57.347  -17.876 0.0000000000
22219  -26.983  -57.304  -17.256 0.0000000000
22190  -28.227  -57.178  -16.603 0.0000000000
22189  -27.470  -57.223  -16.610 0.0000000000
22218  -26.405  -57.274  -17.144 0.0000000000
22188  -26.773  -57.206  -16.613 0.0000000000
22217  -25.808  -57.307  -17.305 0.0000000000
22187  -26.115  -57.187  -16.671 0.0000000000
22186  -25.441  -57.173  -16.770 0.0000000000
22151  -25.144  -57.029  -16.297 0.0000000000
20071  -33.976  -58.267  -25.844 0.0000000000
20070  -33.190  -58.286  -25.939 0.0000000000
21179  -32.940  -57.532  -26.023 0.0000000000
22428  -33.273  -56.861  -25.840 0.0000000000
20069  -32.627  -58.075  -25.630 0.0000000000
21178  -32.279  -57.671  -26.012 0.0000000000
22427  -32.468  -56.849  -25.905 0.0000000000
20068  -32.355  -57.907  -25.486 0.0000000000
21177  -31.973  -57.783  -25.405 0.0000000000
21188  -31.872  -57.410  -25.968 0.0000000000
21189  -32.171  -57.105  -26.051 0.0000000000
20053  -32.567  -58.001  -24.992 0.0000000000
21166  -32.175  -57.692  -24.638 0.0000000000
21176  -31.347  -57.521  -25.127 0.0000000000
21187  -31.426  -57.609  -25.820 0.0000000000
21165  -31.126  -57.363  -24.338 0.0000000000
21175  -30.509  -57.486  -25.060 0.0000000000
21186  -30.788  -57.702  -25.705 0.0000000000
21164  -30.277  -57.473  -24.498 0.0000000000
21174  -29.721  -57.732  -24.927 0.0000000000
21185  -29.874  -57.868  -25.678 0.0000000000
21173  -29.374  -57.859  -24.629 0.0000000000
20066  -28.925  -58.095  -24.917 0.0000000000
20067  -29.441  -57.966  -25.285 0.0000000000
21163  -29.725  -57.690  -24.324 0.0000000000
21162  -29.123  -57.982  -24.323 0.0000000000
21182  -27.064  -58.057  -25.978 0.0000000000
21181  -26.567  -58.030  -25.523 0.0000000000
20063  -26.287  -58.160  -25.477 0.0000000000
20062  -25.840  -58.312  -25.400 0.0000000000
21169  -25.934  -57.922  -25.172 0.0000000000
20048  -25.694  -58.068  -25.181 0.0000000000
20056  -34.560  -58.630  -25.441 0.0000000000
20054  -32.893  -58.148  -25.043 0.0000000000
21167  -32.738  -57.988  -24.522 0.0000000000
21149  -31.816  -57.435  -23.823 0.0000000000
21150  -32.704  -57.855  -23.985 0.0000000000
21148  -31.376  -57.341  -23.962 0.0000000000
22403  -31.173  -57.355  -23.731 0.0000000000
22417  -30.866  -57.363  -24.001 0.0000000000
22416  -30.517  -57.428  -24.112 0.0000000000
22415  -30.146  -57.535  -24.198 0.0000000000
21147  -29.418  -57.874  -23.829 0.0000000000
22401  -30.061  -57.615  -23.824 0.0000000000
20047  -25.317  -58.221  -25.234 0.0000000000
20046  -24.595  -58.414  -25.323 0.0000000000
20045  -23.760  -58.539  -25.464 0.0000000000
20044  -22.815  -58.733  -25.573 0.0000000000
21155  -22.550  -57.946  -25.273 0.0000000000
21152  -35.145  -58.343  -24.581 0.0000000000
20040  -35.012  -58.539  -24.917 0.0000000000
20038  -33.178  -58.274  -24.493 0.0000000000
20027  -33.342  -58.229  -23.888 0.0000000000
21135  -33.115  -58.005  -23.238 0.0000000000
21134  -32.387  -57.686  -23.355 0.0000000000
22391  -31.803  -57.566  -23.138 0.0000000000
22404  -31.519  -57.416  -23.473 0.0000000000
20029  -35.680  -58.869  -23.670 0.0000000000
20041  -35.299  -58.809  -24.492 0.0000000000
20028  -33.772  -58.593  -23.430 0.0000000000
21136  -33.511  -58.376  -22.998 0.0000000000
21117  -33.178  -58.273  -22.526 0.0000000000
21116  -32.355  -57.884  -22.642 0.0000000000
21120  -36.052  -58.523  -22.515 0.0000000000
20007  -35.929  -58.793  -23.001 0.0000000000
20005  -33.562  -58.583  -22.541 0.0000000000
19981  -33.331  -58.675  -22.021 0.0000000000
21093  -32.824  -58.259  -21.984 0.0000000000
21118  -33.526  -58.477  -22.770 0.0000000000
21092  -32.734  -58.317  -21.971 0.0000000000
21091  -32.005  -58.144  -21.941 0.0000000000
21115  -31.632  -57.898  -22.386 0.0000000000
22377  -31.800  -57.751  -22.749 0.0000000000
21090  -31.245  -58.197  -21.805 0.0000000000
21114  -30.973  -57.909  -22.396 0.0000000000
22376  -31.389  -57.673  -22.784 0.0000000000
21089  -30.570  -58.265  -21.991 0.0000000000
21113  -30.188  -58.009  -22.621 0.0000000000
22375  -30.845  -57.678  -22.864 0.0000000000
21095  -36.643  -58.480  -21.923 0.0000000000
19980  -32.897  -58.675  -21.620 0.0000000000
21071  -32.638  -58.596  -21.555 0.0000000000
21070  -32.290  -58.494  -21.506 0.0000000000
21069  -31.724  -58.418  -21.456 0.0000000000
19961  -32.640  -58.891  -21.203 0.0000000000
19960  -31.973  -58.756  -21.087 0.0000000000
20055  -33.609  -58.778  -25.250 0.0000000000
20078  -29.191  -58.135  -25.540 0.0000000000
18999  -34.666  -59.307  -25.043 0.0000000000
18998  -34.192  -59.248  -25.407 0.0000000000
20057  -34.981  -58.952  -25.008 0.0000000000
18990  -34.156  -59.269  -24.720 0.0000000000
20039  -33.745  -58.703  -24.291 0.0000000000
20061  -25.051  -58.824  -25.595 0.0000000000
20060  -24.185  -59.019  -25.646 0.0000000000
20059  -23.386  -59.122  -25.830 0.0000000000
18992  -35.499  -59.513  -24.141 0.0000000000
19000  -35.108  -59.318  -24.682 0.0000000000
18981  -34.279  -59.206  -23.845 0.0000000000
20030  -36.046  -59.218  -23.212 0.0000000000
18983  -35.951  -59.540  -23.593 0.0000000000
18963  -34.281  -59.214  -22.862 0.0000000000
20006  -34.001  -58.786  -23.061 0.0000000000
20008  -36.452  -59.139  -22.655 0.0000000000
19982  -33.841  -58.856  -22.454 0.0000000000
18946  -33.982  -59.279  -21.990 0.0000000000
18945  -33.500  -59.143  -21.564 0.0000000000
19962  -33.118  -58.940  -21.475 0.0000000000
18934  -33.183  -59.343  -21.113 0.0000000000
18933  -32.693  -59.303  -20.810 0.0000000000
19946  -32.286  -59.092  -20.814 0.0000000000
18991  -34.858  -59.688  -24.246 0.0000000000
17991  -35.951  -59.891  -23.793 0.0000000000
17990  -35.492  -60.244  -24.046 0.0000000000
17980  -35.093  -60.399  -23.624 0.0000000000
18982  -34.742  -59.801  -23.382 0.0000000000
18984  -36.337  -59.653  -23.168 0.0000000000
17981  -36.219  -59.930  -23.477 0.0000000000
17963  -34.988  -60.462  -22.920 0.0000000000
18964  -34.689  -59.925  -22.711 0.0000000000
17951  -34.818  -60.442  -22.146 0.0000000000
18947  -34.458  -59.753  -22.254 0.0000000000
17950  -34.276  -60.028  -21.680 0.0000000000
18935  -33.771  -59.610  -21.353 0.0000000000
17939  -34.064  -60.135  -20.993 0.0000000000
18920  -33.533  -59.773  -20.880 0.0000000000
18919  -33.047  -59.646  -20.603 0.0000000000
18918  -32.341  -59.464  -20.404 0.0000000000
17922  -33.674  -59.996  -20.319 0.0000000000
17921  -32.917  -59.870  -20.065 0.0000000000
16957  -35.947  -60.606  -23.731 0.0000000000
16958  -36.262  -60.413  -23.589 0.0000000000
17992  -36.251  -60.166  -23.532 0.0000000000
16956  -35.537  -60.740  -23.650 0.0000000000
17982  -36.640  -60.251  -23.249 0.0000000000
16946  -35.373  -61.051  -23.008 0.0000000000
16929  -35.328  -61.050  -22.456 0.0000000000
16914  -35.245  -61.085  -21.738 0.0000000000
17940  -34.816  -60.685  -21.242 0.0000000000
16900  -35.231  -61.043  -21.322 0.0000000000
17941  -35.258  -61.017  -21.080 0.0000000000
17923  -34.525  -60.390  -20.448 0.0000000000
17924  -35.444  -60.855  -20.578 0.0000000000
16888  -36.151  -61.278  -20.837 0.0000000000
17925  -36.420  -60.803  -20.420 0.0000000000
16901  -35.642  -61.297  -21.261 0.0000000000
17906  -35.049  -60.267  -19.874 0.0000000000
17907  -35.943  -60.302  -19.955 0.0000000000
17905  -34.218  -60.091  -19.760 0.0000000000
17904  -33.457  -59.930  -19.505 0.0000000000
18899  -34.698  -59.783  -19.325 0.0000000000
18900  -35.513  -59.758  -19.460 0.0000000000
18898  -33.979  -59.819  -19.214 0.0000000000
16948  -36.491  -60.904  -23.429 0.0000000000
16947  -35.894  -61.169  -23.428 0.0000000000
16931  -36.373  -61.545  -23.093 0.0000000000
16932  -37.042  -61.351  -23.121 0.0000000000
16949  -37.143  -60.775  -23.294 0.0000000000
16930  -35.809  -61.447  -22.788 0.0000000000
15868  -37.551  -61.718  -22.769 0.0000000000
15867  -36.834  -61.906  -22.697 0.0000000000
16933  -37.798  -61.012  -23.157 0.0000000000
15866  -36.243  -61.801  -22.480 0.0000000000
16915  -35.914  -61.642  -22.005 0.0000000000
15852  -36.215  -61.821  -22.160 0.0000000000
15853  -36.514  -61.935  -22.000 0.0000000000
16916  -36.275  -61.818  -21.794 0.0000000000
16902  -36.453  -61.729  -21.423 0.0000000000
15841  -36.638  -61.921  -21.674 0.0000000000
15842  -36.974  -61.948  -21.657 0.0000000000
16903  -37.302  -61.649  -21.217 0.0000000000
16889  -36.878  -61.278  -20.812 0.0000000000
15854  -37.261  -61.992  -22.179 0.0000000000
15855  -37.954  -61.849  -22.239 0.0000000000
15869  -38.262  -61.535  -22.742 0.0000000000
15843  -37.667  -61.870  -21.680 0.0000000000
15844  -38.266  -61.729  -21.771 0.0000000000
15856  -38.562  -61.620  -22.219 0.0000000000
16904  -38.152  -61.518  -21.206 0.0000000000
16905  -38.882  -61.417  -21.612 0.0000000000
16917  -39.063  -61.232  -22.287 0.0000000000
15870  -38.694  -61.383  -22.582 0.0000000000
16934  -38.806  -60.956  -22.971 0.0000000000
16890  -37.662  -61.178  -20.798 0.0000000000
16891  -38.306  -61.090  -20.747 0.0000000000
16892  -38.845  -61.132  -20.973 0.0000000000
16893  -39.366  -61.064  -21.223 0.0000000000
16906  -39.620  -60.964  -21.758 0.0000000000
16918  -39.584  -60.704  -22.462 0.0000000000
16950  -37.482  -60.670  -23.188 0.0000000000
17966  -38.210  -60.274  -22.944 0.0000000000
17984  -37.670  -60.508  -23.059 0.0000000000
16935  -39.332  -60.548  -22.963 0.0000000000
17967  -39.035  -60.131  -23.039 0.0000000000
17968  -39.750  -60.197  -22.860 0.0000000000
17983  -37.271  -60.423  -23.085 0.0000000000
17965  -37.579  -60.154  -22.858 0.0000000000
18967  -37.912  -59.731  -22.592 0.0000000000
18968  -38.756  -59.446  -22.628 0.0000000000
18969  -39.609  -59.503  -22.913 0.0000000000
17964  -37.117  -60.080  -22.935 0.0000000000
18965  -36.792  -59.746  -22.842 0.0000000000
18966  -37.306  -59.779  -22.655 0.0000000000
18948  -36.993  -59.448  -22.513 0.0000000000
18949  -37.472  -59.395  -22.291 0.0000000000
18950  -38.127  -59.253  -22.181 0.0000000000
18951  -38.661  -59.004  -22.204 0.0000000000
20009  -38.998  -58.929  -22.377 0.0000000000
20010  -39.503  -58.698  -22.614 0.0000000000
19983  -37.001  -59.087  -22.211 0.0000000000
19986  -39.015  -58.500  -22.026 0.0000000000
20077  -28.535  -58.374  -25.601 0.0000000000
21184  -29.000  -57.992  -26.068 0.0000000000
19984  -37.536  -58.840  -21.811 0.0000000000
21096  -37.241  -58.383  -21.529 0.0000000000
21072  -36.905  -57.981  -21.273 0.0000000000
21073  -37.583  -58.130  -21.157 0.0000000000
19963  -37.581  -58.464  -21.486 0.0000000000
22434  -31.575  -57.021  -25.923 0.0000000000
22435  -32.013  -56.922  -25.931 0.0000000000
22436  -32.237  -56.845  -25.919 0.0000000000
22337  -37.209  -57.637  -20.791 0.0000000000
22309  -36.982  -57.240  -20.597 0.0000000000
22310  -37.428  -57.190  -20.419 0.0000000000
21054  -37.905  -57.671  -20.671 0.0000000000
22374  -30.517  -57.694  -22.990 0.0000000000
22389  -30.777  -57.503  -23.283 0.0000000000
22390  -31.254  -57.442  -23.192 0.0000000000
22388  -30.300  -57.649  -23.271 0.0000000000
22402  -30.620  -57.457  -23.720 0.0000000000
21133  -29.723  -57.879  -23.274 0.0000000000
23597  -31.453  -56.139  -25.640 0.0000000000
22426  -31.824  -56.612  -25.831 0.0000000000
23598  -32.150  -56.190  -25.629 0.0000000000
23492  -37.564  -56.688  -20.071 0.0000000000
23469  -37.197  -56.267  -19.892 0.0000000000
22311  -38.243  -57.064  -20.218 0.0000000000
23493  -38.073  -56.579  -19.937 0.0000000000
23470  -37.760  -56.230  -19.729 0.0000000000
23471  -38.456  -56.244  -19.722 0.0000000000
22286  -38.371  -56.655  -19.958 0.0000000000
24624  -37.317  -55.810  -19.511 0.0000000000
25717  -36.901  -55.377  -19.350 0.0000000000
24625  -38.014  -55.701  -19.377 0.0000000000
24603  -37.492  -55.246  -19.129 0.0000000000
25601  -24.081  -54.996  -13.764 0.0000000000
25575  -24.535  -54.596  -13.208 0.0000000000
25576  -25.361  -54.623  -13.151 0.0000000000
25577  -26.208  -54.560  -13.131 0.0000000000
25578  -27.047  -54.440  -13.186 0.0000000000
25579  -27.760  -54.269  -13.404 0.0000000000
26722  -29.643  -53.989  -15.084 0.0000000000
27837  -36.042  -53.266  -18.438 0.0000000000
28903  -31.262  -52.910  -16.411 0.0000000000
28904  -31.749  -52.687  -16.664 0.0000000000
28917  -32.287  -52.443  -16.978 0.0000000000
27809  -33.069  -52.609  -17.600 0.0000000000
28918  -32.827  -52.200  -17.310 0.0000000000
28929  -33.242  -52.360  -17.634 0.0000000000
27820  -34.157  -52.659  -18.215 0.0000000000
28930  -33.715  -52.111  -17.748 0.0000000000
27821  -34.896  -52.636  -18.207 0.0000000000
28931  -34.481  -52.008  -17.911 0.0000000000
27822  -35.630  -52.622  -18.190 0.0000000000
28932  -35.246  -51.952  -17.941 0.0000000000
28919  -33.216  -51.924  -17.475 0.0000000000
26675  -24.978  -54.110  -12.706 0.0000000000
26676  -25.770  -54.059  -12.706 0.0000000000
25574  -23.713  -54.573  -13.265 0.0000000000
26674  -24.166  -54.095  -12.759 0.0000000000
21055  -38.687  -57.606  -20.710 0.0000000000
22312  -39.207  -57.055  -20.485 0.0000000000
22287  -38.724  -56.665  -20.056 0.0000000000
19964  -37.991  -58.457  -21.477 0.0000000000
21074  -38.337  -58.082  -21.092 0.0000000000
21075  -39.202  -57.864  -21.349 0.0000000000
21056  -39.128  -57.521  -20.839 0.0000000000
19985  -38.337  -58.785  -21.830 0.0000000000
19965  -38.584  -58.361  -21.540 0.0000000000
21097  -39.369  -58.109  -21.922 0.0000000000
19987  -39.480  -58.255  -22.238 0.0000000000
22338  -39.349  -57.424  -20.940 0.0000000000
