#!ascii label  , from subject  vox2ras=TkReg
825
15892  -27.531  -61.754  -24.818 0.0000000000
15893  -28.123  -61.959  -24.761 0.0000000000
14869  -27.807  -62.204  -25.275 0.0000000000
15900  -27.259  -61.960  -25.211 0.0000000000
15891  -26.974  -61.509  -24.925 0.0000000000
15882  -27.318  -61.200  -24.514 0.0000000000
15883  -27.836  -61.462  -24.370 0.0000000000
14870  -28.409  -62.336  -25.240 0.0000000000
15894  -28.776  -62.149  -24.752 0.0000000000
15884  -28.427  -61.605  -24.198 0.0000000000
15885  -29.086  -61.930  -24.118 0.0000000000
14858  -29.479  -62.432  -24.711 0.0000000000
14871  -29.060  -62.621  -25.377 0.0000000000
14886  -27.299  -62.353  -25.671 0.0000000000
15899  -26.745  -61.878  -25.374 0.0000000000
14885  -26.555  -62.212  -25.799 0.0000000000
15898  -26.126  -61.720  -25.636 0.0000000000
15890  -26.435  -61.280  -25.187 0.0000000000
14884  -26.172  -62.094  -25.928 0.0000000000
15904  -25.899  -61.935  -26.036 0.0000000000
16967  -25.973  -60.866  -25.666 0.0000000000
15897  -25.733  -61.394  -26.027 0.0000000000
15903  -25.433  -61.913  -26.422 0.0000000000
16966  -25.763  -61.042  -26.077 0.0000000000
16971  -25.558  -60.857  -26.480 0.0000000000
16963  -26.796  -60.766  -24.698 0.0000000000
16962  -26.362  -60.783  -25.128 0.0000000000
15886  -29.643  -62.329  -23.881 0.0000000000
15877  -28.830  -61.406  -23.756 0.0000000000
15878  -29.271  -61.669  -23.353 0.0000000000
16944  -28.312  -60.933  -23.689 0.0000000000
16955  -28.055  -61.224  -24.061 0.0000000000
16954  -27.687  -60.836  -24.061 0.0000000000
16953  -27.244  -60.766  -24.362 0.0000000000
15864  -29.348  -61.763  -22.495 0.0000000000
15879  -29.679  -62.286  -23.055 0.0000000000
16928  -29.116  -61.114  -22.757 0.0000000000
16945  -28.896  -61.003  -23.298 0.0000000000
15850  -29.172  -61.739  -21.701 0.0000000000
15851  -29.346  -62.152  -22.037 0.0000000000
15865  -29.532  -62.342  -22.421 0.0000000000
16913  -29.167  -61.083  -22.088 0.0000000000
14836  -29.245  -62.237  -21.681 0.0000000000
14837  -29.426  -62.675  -21.835 0.0000000000
15840  -29.050  -61.561  -21.044 0.0000000000
14829  -29.142  -62.353  -21.091 0.0000000000
16899  -29.161  -60.993  -21.368 0.0000000000
15833  -29.058  -61.725  -20.390 0.0000000000
16887  -29.177  -61.010  -20.622 0.0000000000
15827  -29.186  -61.914  -19.700 0.0000000000
14823  -29.106  -62.433  -20.130 0.0000000000
16880  -29.327  -61.098  -19.809 0.0000000000
15820  -29.319  -62.167  -19.235 0.0000000000
14816  -29.224  -62.459  -19.526 0.0000000000
16869  -29.401  -61.605  -19.190 0.0000000000
15821  -29.551  -62.118  -18.783 0.0000000000
14807  -29.431  -62.726  -19.065 0.0000000000
14887  -28.224  -62.838  -25.826 0.0000000000
14900  -26.904  -62.693  -25.947 0.0000000000
14901  -27.554  -62.838  -25.940 0.0000000000
14899  -26.114  -62.489  -26.175 0.0000000000
14872  -30.001  -63.035  -25.457 0.0000000000
14888  -29.391  -63.089  -25.963 0.0000000000
14859  -30.044  -62.844  -24.429 0.0000000000
14830  -29.303  -62.780  -21.325 0.0000000000
13791  -29.443  -63.213  -21.285 0.0000000000
13803  -29.828  -63.375  -22.061 0.0000000000
14844  -29.812  -62.847  -22.639 0.0000000000
13790  -29.266  -62.855  -21.064 0.0000000000
13779  -29.244  -63.045  -20.544 0.0000000000
13769  -29.298  -63.012  -19.569 0.0000000000
13754  -29.849  -63.462  -18.841 0.0000000000
13753  -29.459  -63.091  -19.123 0.0000000000
14808  -29.728  -62.691  -18.607 0.0000000000
12787  -29.858  -63.982  -21.354 0.0000000000
12801  -30.234  -64.028  -22.302 0.0000000000
13816  -30.183  -63.509  -22.927 0.0000000000
13780  -29.466  -63.656  -20.721 0.0000000000
13770  -29.450  -63.651  -19.930 0.0000000000
12770  -29.738  -64.195  -20.434 0.0000000000
12750  -29.848  -64.189  -19.619 0.0000000000
11812  -30.294  -64.620  -21.746 0.0000000000
12802  -30.462  -64.509  -22.301 0.0000000000
12815  -30.610  -64.293  -22.911 0.0000000000
12814  -30.354  -63.925  -22.806 0.0000000000
11797  -30.097  -64.726  -20.904 0.0000000000
11778  -30.069  -64.744  -20.066 0.0000000000
12725  -30.115  -64.269  -19.071 0.0000000000
11760  -30.149  -64.640  -19.466 0.0000000000
11798  -30.589  -65.256  -21.312 0.0000000000
11813  -30.758  -65.059  -22.222 0.0000000000
11779  -30.465  -65.266  -20.440 0.0000000000
10810  -30.873  -65.763  -20.764 0.0000000000
10826  -30.963  -65.709  -21.359 0.0000000000
10845  -30.863  -65.461  -21.706 0.0000000000
11761  -30.514  -65.139  -19.586 0.0000000000
10797  -30.891  -65.733  -20.011 0.0000000000
10846  -31.205  -65.751  -21.918 0.0000000000
10827  -31.432  -66.140  -21.062 0.0000000000
10811  -31.254  -66.070  -20.369 0.0000000000
10847  -31.889  -66.266  -21.783 0.0000000000
11814  -31.188  -65.443  -22.616 0.0000000000
10862  -31.613  -65.849  -22.583 0.0000000000
11827  -31.067  -64.960  -23.195 0.0000000000
11828  -31.416  -65.466  -23.120 0.0000000000
11837  -31.485  -65.159  -23.827 0.0000000000
11836  -31.178  -64.820  -23.726 0.0000000000
12822  -30.956  -64.378  -23.882 0.0000000000
10876  -31.807  -65.835  -23.355 0.0000000000
12823  -31.244  -64.746  -23.965 0.0000000000
10887  -31.990  -65.679  -24.135 0.0000000000
11846  -31.801  -65.113  -24.686 0.0000000000
12835  -31.356  -64.624  -24.398 0.0000000000
13817  -30.407  -63.859  -23.056 0.0000000000
13829  -30.478  -63.713  -23.554 0.0000000000
12834  -31.082  -64.101  -24.770 0.0000000000
13840  -30.702  -63.720  -24.431 0.0000000000
12847  -31.440  -64.318  -25.222 0.0000000000
12846  -31.148  -63.985  -25.157 0.0000000000
13855  -30.793  -63.667  -25.409 0.0000000000
11857  -31.923  -64.961  -25.489 0.0000000000
12858  -31.609  -64.473  -25.940 0.0000000000
13856  -31.306  -63.985  -25.835 0.0000000000
13828  -30.249  -63.380  -23.426 0.0000000000
14850  -30.060  -62.962  -23.519 0.0000000000
14851  -30.287  -63.333  -23.666 0.0000000000
14860  -30.367  -63.283  -24.074 0.0000000000
14873  -30.430  -63.265  -24.789 0.0000000000
13872  -30.147  -63.555  -26.116 0.0000000000
13854  -30.376  -63.343  -25.757 0.0000000000
13873  -30.926  -63.813  -26.172 0.0000000000
13874  -31.366  -64.108  -26.281 0.0000000000
12856  -29.976  -64.288  -25.747 0.0000000000
13871  -29.064  -63.791  -25.849 0.0000000000
12867  -30.354  -64.188  -26.336 0.0000000000
13887  -30.658  -63.956  -26.537 0.0000000000
14889  -29.881  -63.162  -25.943 0.0000000000
13888  -31.098  -64.139  -26.517 0.0000000000
12869  -31.352  -64.552  -26.432 0.0000000000
13889  -31.310  -64.256  -26.468 0.0000000000
12868  -30.839  -64.458  -26.429 0.0000000000
14796  -30.059  -62.940  -18.273 0.0000000000
15806  -29.944  -62.164  -18.219 0.0000000000
13870  -27.899  -63.531  -25.595 0.0000000000
13886  -27.792  -63.115  -26.092 0.0000000000
14902  -27.853  -62.906  -26.000 0.0000000000
13883  -25.970  -63.280  -26.316 0.0000000000
14898  -25.244  -62.748  -26.674 0.0000000000
13884  -26.623  -63.113  -26.051 0.0000000000
13885  -27.280  -63.195  -26.032 0.0000000000
14797  -30.413  -62.559  -17.829 0.0000000000
15807  -30.400  -61.925  -17.845 0.0000000000
16853  -30.190  -61.571  -18.098 0.0000000000
16870  -29.854  -61.377  -18.628 0.0000000000
15907  -25.060  -62.210  -26.952 0.0000000000
16975  -24.938  -61.648  -26.964 0.0000000000
14909  -24.925  -62.491  -27.090 0.0000000000
15906  -24.558  -62.195  -27.266 0.0000000000
16854  -30.676  -61.323  -17.795 0.0000000000
16871  -30.318  -61.167  -18.249 0.0000000000
16881  -29.679  -61.089  -19.241 0.0000000000
17884  -30.419  -60.721  -18.685 0.0000000000
17883  -29.965  -60.918  -19.034 0.0000000000
17867  -30.604  -60.967  -18.181 0.0000000000
17899  -29.938  -60.500  -19.612 0.0000000000
17898  -29.517  -60.679  -19.834 0.0000000000
17918  -29.461  -60.554  -20.190 0.0000000000
17937  -29.427  -60.244  -20.967 0.0000000000
17949  -29.230  -60.366  -21.757 0.0000000000
17962  -29.088  -60.522  -22.403 0.0000000000
17979  -28.925  -60.638  -22.871 0.0000000000
16943  -27.944  -60.564  -23.710 0.0000000000
17977  -28.156  -60.257  -23.433 0.0000000000
17978  -28.605  -60.449  -23.160 0.0000000000
17988  -27.272  -60.249  -24.230 0.0000000000
17989  -27.735  -60.196  -23.767 0.0000000000
17995  -26.514  -60.226  -25.146 0.0000000000
17996  -26.860  -60.017  -24.605 0.0000000000
17999  -26.258  -60.132  -25.731 0.0000000000
16972  -25.942  -60.459  -26.039 0.0000000000
16970  -24.440  -61.051  -26.944 0.0000000000
18002  -24.819  -60.221  -26.546 0.0000000000
18003  -25.554  -59.905  -26.490 0.0000000000
18004  -26.085  -60.045  -26.259 0.0000000000
16974  -24.423  -61.675  -27.240 0.0000000000
17868  -31.057  -60.699  -18.055 0.0000000000
17885  -31.239  -60.309  -18.720 0.0000000000
17900  -30.717  -60.247  -19.307 0.0000000000
17869  -31.862  -60.181  -18.104 0.0000000000
17886  -32.011  -60.022  -18.855 0.0000000000
17901  -31.394  -59.985  -19.342 0.0000000000
18841  -32.472  -59.811  -18.420 0.0000000000
18863  -32.460  -59.864  -18.780 0.0000000000
17902  -32.072  -59.841  -19.519 0.0000000000
17887  -32.524  -59.905  -19.096 0.0000000000
17903  -32.726  -59.883  -19.538 0.0000000000
18864  -32.854  -59.746  -18.765 0.0000000000
17888  -33.017  -59.868  -19.149 0.0000000000
17904  -33.457  -59.930  -19.505 0.0000000000
18865  -33.531  -59.691  -18.889 0.0000000000
17919  -29.785  -60.026  -20.420 0.0000000000
18893  -30.443  -60.075  -19.684 0.0000000000
18915  -30.316  -59.821  -20.114 0.0000000000
18894  -30.866  -59.819  -19.772 0.0000000000
18895  -31.477  -59.632  -19.883 0.0000000000
18896  -31.986  -59.607  -20.006 0.0000000000
17920  -32.401  -59.754  -19.909 0.0000000000
17921  -32.917  -59.870  -20.065 0.0000000000
17938  -29.714  -59.835  -20.833 0.0000000000
18931  -30.106  -59.421  -20.923 0.0000000000
18918  -32.341  -59.464  -20.404 0.0000000000
18930  -29.670  -59.744  -21.060 0.0000000000
18943  -29.560  -59.580  -21.523 0.0000000000
18962  -29.180  -59.829  -22.202 0.0000000000
17961  -28.887  -60.114  -22.714 0.0000000000
18980  -28.541  -59.720  -23.036 0.0000000000
18979  -28.036  -59.638  -23.482 0.0000000000
18989  -27.592  -59.629  -23.901 0.0000000000
18988  -27.229  -59.572  -24.353 0.0000000000
18996  -26.994  -59.444  -24.891 0.0000000000
18995  -26.645  -59.731  -25.419 0.0000000000
19005  -26.541  -59.602  -25.898 0.0000000000
18001  -23.883  -60.382  -26.580 0.0000000000
19010  -24.349  -59.836  -26.262 0.0000000000
19011  -25.143  -59.459  -26.117 0.0000000000
19012  -26.028  -59.272  -26.187 0.0000000000
18916  -30.925  -59.326  -20.419 0.0000000000
18917  -31.647  -59.336  -20.322 0.0000000000
18932  -30.644  -59.093  -20.866 0.0000000000
19944  -31.364  -59.072  -20.602 0.0000000000
19959  -31.106  -58.765  -21.089 0.0000000000
19945  -31.789  -59.054  -20.700 0.0000000000
18944  -29.900  -59.209  -21.417 0.0000000000
19958  -30.507  -58.990  -21.096 0.0000000000
19978  -30.245  -58.817  -21.563 0.0000000000
19977  -29.790  -59.115  -21.692 0.0000000000
20003  -29.519  -58.920  -22.271 0.0000000000
18961  -29.013  -59.544  -22.619 0.0000000000
20025  -28.525  -58.946  -23.327 0.0000000000
20024  -27.946  -59.158  -23.674 0.0000000000
20002  -28.919  -59.155  -22.828 0.0000000000
20036  -27.653  -59.036  -24.137 0.0000000000
20035  -27.300  -59.203  -24.520 0.0000000000
19006  -26.952  -59.310  -25.459 0.0000000000
20049  -27.237  -59.143  -24.703 0.0000000000
19007  -27.357  -58.988  -25.030 0.0000000000
18997  -27.260  -59.099  -24.934 0.0000000000
20050  -27.537  -58.901  -24.634 0.0000000000
19013  -26.740  -59.058  -25.918 0.0000000000
19014  -27.290  -58.957  -25.552 0.0000000000
20064  -27.546  -58.856  -24.872 0.0000000000
19015  -27.718  -58.768  -25.120 0.0000000000
19008  -27.712  -58.702  -24.889 0.0000000000
20065  -28.020  -58.557  -24.990 0.0000000000
19009  -23.909  -59.961  -26.346 0.0000000000
19002  -23.773  -59.650  -26.090 0.0000000000
19003  -24.586  -59.356  -25.887 0.0000000000
19004  -24.986  -59.183  -25.854 0.0000000000
20072  -25.206  -59.075  -25.850 0.0000000000
20073  -25.604  -58.889  -25.831 0.0000000000
20074  -26.363  -58.524  -25.780 0.0000000000
20075  -27.157  -58.587  -25.993 0.0000000000
20076  -27.821  -58.642  -25.635 0.0000000000
19946  -32.286  -59.092  -20.814 0.0000000000
19960  -31.973  -58.756  -21.087 0.0000000000
19979  -30.780  -58.482  -21.602 0.0000000000
21069  -31.724  -58.418  -21.456 0.0000000000
21090  -31.245  -58.197  -21.805 0.0000000000
20004  -30.106  -58.467  -22.096 0.0000000000
21089  -30.570  -58.265  -21.991 0.0000000000
20026  -29.102  -58.712  -22.939 0.0000000000
21113  -30.188  -58.009  -22.621 0.0000000000
21112  -29.477  -58.300  -22.857 0.0000000000
20037  -28.221  -58.691  -23.829 0.0000000000
21132  -29.072  -58.269  -23.369 0.0000000000
21131  -28.630  -58.442  -23.663 0.0000000000
20051  -28.270  -58.451  -24.379 0.0000000000
21145  -28.521  -58.324  -23.976 0.0000000000
21161  -28.717  -58.180  -24.203 0.0000000000
20066  -28.925  -58.095  -24.917 0.0000000000
20052  -28.758  -58.149  -24.457 0.0000000000
21162  -29.123  -57.982  -24.323 0.0000000000
20077  -28.535  -58.374  -25.601 0.0000000000
20061  -25.051  -58.824  -25.595 0.0000000000
20062  -25.840  -58.312  -25.400 0.0000000000
20063  -26.287  -58.160  -25.477 0.0000000000
21181  -26.567  -58.030  -25.523 0.0000000000
21182  -27.064  -58.057  -25.978 0.0000000000
21183  -27.950  -57.972  -26.015 0.0000000000
21133  -29.723  -57.879  -23.274 0.0000000000
21146  -28.899  -58.129  -23.884 0.0000000000
21147  -29.418  -57.874  -23.829 0.0000000000
17998  -23.663  -60.032  -26.373 0.0000000000
17997  -23.176  -60.233  -26.312 0.0000000000
19001  -23.014  -59.675  -25.945 0.0000000000
20059  -23.386  -59.122  -25.830 0.0000000000
20060  -24.185  -59.019  -25.646 0.0000000000
17993  -22.852  -60.319  -25.552 0.0000000000
18994  -22.562  -59.541  -25.426 0.0000000000
20058  -22.889  -59.265  -25.764 0.0000000000
17985  -22.892  -60.051  -25.015 0.0000000000
18986  -22.768  -59.574  -24.534 0.0000000000
18985  -22.269  -59.198  -25.001 0.0000000000
18993  -22.352  -59.041  -25.363 0.0000000000
20044  -22.815  -58.733  -25.573 0.0000000000
20043  -21.983  -58.599  -25.167 0.0000000000
17986  -23.399  -60.315  -24.531 0.0000000000
18987  -23.335  -59.779  -24.068 0.0000000000
18977  -23.065  -59.453  -23.881 0.0000000000
20034  -22.660  -59.184  -23.955 0.0000000000
20033  -22.122  -58.912  -24.370 0.0000000000
18978  -23.523  -59.596  -23.452 0.0000000000
20022  -23.015  -59.139  -23.381 0.0000000000
16969  -23.517  -61.246  -26.780 0.0000000000
18000  -23.373  -60.675  -26.554 0.0000000000
16968  -23.053  -60.862  -26.394 0.0000000000
16964  -23.024  -60.729  -25.829 0.0000000000
16959  -23.005  -60.670  -25.512 0.0000000000
16960  -23.328  -60.861  -25.180 0.0000000000
17994  -23.080  -60.407  -25.058 0.0000000000
16951  -23.566  -60.711  -24.668 0.0000000000
16952  -23.996  -60.944  -24.312 0.0000000000
17987  -23.840  -60.450  -24.073 0.0000000000
17975  -23.730  -60.099  -23.823 0.0000000000
17976  -24.139  -60.495  -23.598 0.0000000000
17959  -23.992  -60.038  -23.182 0.0000000000
17960  -24.395  -60.475  -22.881 0.0000000000
18960  -24.180  -60.070  -22.612 0.0000000000
18959  -23.795  -59.578  -22.710 0.0000000000
15905  -24.180  -61.931  -27.303 0.0000000000
16973  -23.990  -61.580  -27.252 0.0000000000
15901  -23.863  -62.179  -27.042 0.0000000000
15895  -23.526  -61.971  -26.262 0.0000000000
16965  -23.271  -61.252  -25.997 0.0000000000
15887  -23.579  -61.663  -25.526 0.0000000000
16961  -23.823  -61.462  -24.919 0.0000000000
15880  -24.326  -61.746  -24.529 0.0000000000
15874  -24.630  -61.542  -23.916 0.0000000000
16941  -24.682  -61.075  -23.279 0.0000000000
15875  -25.253  -61.847  -23.345 0.0000000000
16942  -25.077  -61.447  -22.937 0.0000000000
16927  -24.993  -61.213  -22.656 0.0000000000
16926  -24.748  -60.826  -22.532 0.0000000000
14908  -24.678  -62.662  -27.090 0.0000000000
15902  -24.296  -62.555  -27.163 0.0000000000
14897  -24.358  -62.698  -26.685 0.0000000000
14896  -23.800  -62.487  -26.476 0.0000000000
14881  -23.779  -62.349  -26.147 0.0000000000
15896  -23.880  -62.204  -25.776 0.0000000000
15888  -24.093  -61.993  -25.175 0.0000000000
15881  -24.971  -62.054  -24.188 0.0000000000
15889  -24.692  -62.285  -24.866 0.0000000000
13882  -25.384  -63.123  -26.110 0.0000000000
14883  -24.821  -62.847  -26.015 0.0000000000
14882  -24.121  -62.594  -26.092 0.0000000000
13866  -25.299  -63.080  -25.701 0.0000000000
14866  -25.087  -62.809  -25.261 0.0000000000
14865  -24.417  -62.495  -25.516 0.0000000000
13848  -25.553  -63.121  -25.361 0.0000000000
14867  -25.695  -62.961  -24.900 0.0000000000
14855  -25.311  -62.573  -24.557 0.0000000000
14856  -25.942  -62.784  -24.309 0.0000000000
14847  -25.599  -62.368  -23.912 0.0000000000
14848  -26.180  -62.695  -23.685 0.0000000000
15876  -25.873  -62.343  -23.347 0.0000000000
13869  -27.005  -63.405  -25.595 0.0000000000
13868  -26.332  -63.327  -25.685 0.0000000000
13867  -25.745  -63.271  -25.738 0.0000000000
12855  -29.442  -64.133  -25.693 0.0000000000
12844  -29.345  -64.223  -25.315 0.0000000000
13853  -28.664  -63.938  -24.974 0.0000000000
13852  -27.988  -63.634  -24.836 0.0000000000
13851  -27.342  -63.468  -25.011 0.0000000000
13850  -26.652  -63.323  -25.131 0.0000000000
13849  -26.038  -63.221  -25.249 0.0000000000
13837  -27.618  -63.506  -24.350 0.0000000000
13836  -26.942  -63.279  -24.526 0.0000000000
14868  -26.302  -63.104  -24.701 0.0000000000
12857  -30.522  -64.525  -26.123 0.0000000000
14857  -26.571  -62.978  -24.093 0.0000000000
17947  -24.547  -60.380  -22.104 0.0000000000
18942  -24.134  -59.847  -22.216 0.0000000000
18941  -23.799  -59.458  -22.031 0.0000000000
19976  -23.519  -59.164  -22.419 0.0000000000
20001  -23.510  -59.265  -22.737 0.0000000000
20023  -23.440  -59.303  -23.022 0.0000000000
19957  -23.394  -59.111  -21.922 0.0000000000
19975  -23.028  -58.903  -22.304 0.0000000000
20000  -23.224  -59.055  -22.798 0.0000000000
19999  -22.657  -58.842  -22.880 0.0000000000
20021  -22.336  -58.846  -23.560 0.0000000000
20020  -21.582  -58.554  -23.730 0.0000000000
20032  -21.341  -58.353  -24.518 0.0000000000
20042  -21.629  -58.198  -24.947 0.0000000000
21154  -21.912  -57.912  -25.045 0.0000000000
21155  -22.550  -57.946  -25.273 0.0000000000
21153  -21.464  -57.842  -24.818 0.0000000000
22406  -21.746  -57.553  -24.894 0.0000000000
22407  -22.236  -57.263  -24.928 0.0000000000
22399  -21.464  -57.168  -24.626 0.0000000000
22408  -23.124  -57.284  -25.078 0.0000000000
22400  -21.993  -56.893  -24.668 0.0000000000
23578  -22.341  -56.705  -24.678 0.0000000000
23579  -22.894  -56.712  -24.789 0.0000000000
23573  -21.929  -56.412  -24.461 0.0000000000
23574  -22.659  -56.260  -24.500 0.0000000000
24723  -22.359  -55.787  -24.149 0.0000000000
24724  -23.131  -55.819  -24.204 0.0000000000
23575  -23.273  -56.223  -24.578 0.0000000000
23572  -21.053  -56.358  -24.312 0.0000000000
24722  -21.649  -55.804  -24.163 0.0000000000
22398  -20.439  -57.172  -24.362 0.0000000000
23571  -20.424  -56.530  -24.177 0.0000000000
23560  -20.573  -56.058  -24.045 0.0000000000
24704  -21.048  -55.583  -23.908 0.0000000000
22387  -20.111  -56.794  -24.118 0.0000000000
23559  -20.128  -56.379  -23.818 0.0000000000
24703  -20.419  -55.671  -23.673 0.0000000000
22386  -19.761  -57.198  -23.800 0.0000000000
23558  -19.812  -56.545  -23.282 0.0000000000
24702  -20.056  -55.989  -23.432 0.0000000000
22370  -19.449  -57.239  -22.909 0.0000000000
23543  -19.578  -56.568  -22.744 0.0000000000
24686  -19.814  -55.856  -23.014 0.0000000000
22350  -19.416  -56.971  -22.546 0.0000000000
23525  -19.381  -56.703  -22.358 0.0000000000
24672  -19.434  -56.060  -22.446 0.0000000000
22349  -19.188  -57.299  -22.236 0.0000000000
23524  -19.111  -56.567  -21.969 0.0000000000
22325  -18.828  -57.169  -21.542 0.0000000000
23507  -18.610  -56.490  -21.538 0.0000000000
24671  -18.829  -55.694  -22.037 0.0000000000
22324  -18.346  -57.078  -21.035 0.0000000000
23506  -18.062  -56.399  -21.185 0.0000000000
24654  -18.387  -56.034  -21.591 0.0000000000
21144  -20.929  -57.786  -24.536 0.0000000000
21143  -20.317  -57.954  -24.236 0.0000000000
22397  -19.965  -57.676  -24.205 0.0000000000
21142  -20.033  -57.907  -24.123 0.0000000000
21129  -19.922  -58.007  -23.852 0.0000000000
21111  -19.524  -57.899  -23.159 0.0000000000
21110  -19.317  -57.719  -22.812 0.0000000000
22369  -19.243  -57.595  -22.622 0.0000000000
21087  -19.270  -58.036  -22.422 0.0000000000
21068  -18.870  -57.954  -21.499 0.0000000000
21067  -18.625  -57.545  -21.147 0.0000000000
20031  -20.791  -58.120  -24.307 0.0000000000
20019  -20.675  -58.348  -23.864 0.0000000000
21130  -20.244  -58.177  -23.953 0.0000000000
20018  -20.205  -58.273  -23.728 0.0000000000
19996  -20.102  -58.466  -23.175 0.0000000000
21088  -19.579  -58.329  -22.791 0.0000000000
19971  -19.741  -58.656  -22.241 0.0000000000
19970  -19.131  -58.564  -21.825 0.0000000000
19998  -21.913  -58.673  -22.957 0.0000000000
19997  -21.057  -58.560  -23.053 0.0000000000
19974  -22.341  -58.745  -22.248 0.0000000000
19973  -21.519  -58.664  -22.262 0.0000000000
19972  -20.638  -58.689  -22.297 0.0000000000
19956  -22.863  -58.912  -21.586 0.0000000000
19955  -22.019  -58.765  -21.537 0.0000000000
19954  -21.172  -58.789  -21.509 0.0000000000
19953  -20.320  -58.843  -21.492 0.0000000000
19952  -19.560  -58.829  -21.366 0.0000000000
19951  -18.951  -58.631  -21.178 0.0000000000
18928  -23.588  -59.334  -21.323 0.0000000000
18927  -23.037  -59.064  -20.886 0.0000000000
19943  -22.467  -58.881  -20.968 0.0000000000
19942  -21.731  -58.867  -20.708 0.0000000000
19941  -20.832  -58.936  -20.771 0.0000000000
19940  -20.042  -58.940  -20.715 0.0000000000
19939  -19.303  -58.939  -20.631 0.0000000000
18929  -24.199  -59.796  -21.624 0.0000000000
24653  -18.005  -55.564  -21.636 0.0000000000
24670  -18.457  -55.148  -22.055 0.0000000000
25759  -18.845  -54.740  -22.349 0.0000000000
25760  -19.685  -55.031  -22.694 0.0000000000
25774  -20.003  -55.346  -23.113 0.0000000000
24687  -20.111  -55.551  -23.345 0.0000000000
25775  -20.436  -55.090  -23.260 0.0000000000
25786  -20.738  -55.290  -23.646 0.0000000000
25787  -21.109  -55.086  -23.489 0.0000000000
24705  -21.885  -55.290  -23.512 0.0000000000
24688  -21.974  -55.359  -22.685 0.0000000000
24689  -22.581  -55.593  -22.946 0.0000000000
24706  -22.838  -55.610  -23.614 0.0000000000
25777  -21.569  -55.038  -22.868 0.0000000000
25788  -21.441  -54.965  -23.248 0.0000000000
24690  -23.299  -55.852  -23.076 0.0000000000
24707  -23.628  -55.745  -23.662 0.0000000000
25758  -18.106  -54.649  -22.092 0.0000000000
26837  -18.632  -53.965  -22.363 0.0000000000
26838  -19.365  -54.069  -22.413 0.0000000000
25761  -20.560  -54.672  -22.589 0.0000000000
26839  -20.112  -54.158  -22.272 0.0000000000
25743  -20.657  -54.647  -21.721 0.0000000000
25762  -21.227  -54.969  -22.284 0.0000000000
25776  -21.078  -54.839  -22.990 0.0000000000
25744  -21.092  -55.038  -21.805 0.0000000000
24673  -21.285  -55.238  -21.866 0.0000000000
24674  -21.686  -55.584  -21.995 0.0000000000
25763  -21.607  -55.231  -22.472 0.0000000000
26836  -17.909  -53.831  -22.170 0.0000000000
27882  -18.453  -53.354  -22.121 0.0000000000
27883  -19.083  -53.450  -22.272 0.0000000000
26821  -19.547  -53.616  -21.638 0.0000000000
26822  -20.148  -54.104  -21.755 0.0000000000
27881  -17.719  -53.177  -21.989 0.0000000000
27872  -18.361  -52.949  -21.641 0.0000000000
27873  -18.903  -53.248  -21.868 0.0000000000
26835  -17.141  -53.735  -22.034 0.0000000000
27880  -16.879  -53.073  -21.842 0.0000000000
27871  -17.500  -52.692  -21.531 0.0000000000
26820  -18.930  -53.181  -21.536 0.0000000000
27860  -17.944  -52.933  -21.141 0.0000000000
26808  -18.677  -53.375  -20.966 0.0000000000
27870  -16.573  -52.539  -21.226 0.0000000000
27859  -17.314  -52.750  -20.888 0.0000000000
26807  -17.793  -53.155  -20.611 0.0000000000
27858  -16.641  -52.815  -20.415 0.0000000000
26806  -17.260  -53.012  -20.478 0.0000000000
27846  -16.605  -53.359  -19.995 0.0000000000
26788  -17.211  -53.590  -20.073 0.0000000000
27857  -15.931  -52.831  -20.264 0.0000000000
27845  -16.142  -53.257  -19.943 0.0000000000
28962  -16.084  -52.535  -20.592 0.0000000000
28963  -16.380  -52.452  -20.814 0.0000000000
26787  -16.411  -53.883  -19.590 0.0000000000
27844  -15.546  -53.186  -19.952 0.0000000000
26786  -15.699  -53.687  -19.573 0.0000000000
25757  -17.385  -54.395  -21.898 0.0000000000
25742  -20.140  -54.198  -21.359 0.0000000000
26809  -19.310  -53.695  -20.974 0.0000000000
25727  -19.747  -54.143  -20.806 0.0000000000
25726  -19.088  -53.947  -20.550 0.0000000000
26790  -18.649  -53.832  -20.462 0.0000000000
26789  -18.139  -53.779  -20.307 0.0000000000
25709  -18.621  -54.357  -20.057 0.0000000000
25708  -17.826  -54.492  -19.660 0.0000000000
25707  -17.009  -54.339  -19.458 0.0000000000
26769  -16.248  -54.267  -19.229 0.0000000000
25706  -16.518  -54.377  -19.242 0.0000000000
26768  -15.887  -54.200  -19.178 0.0000000000
25687  -16.177  -54.627  -18.944 0.0000000000
25741  -17.534  -54.991  -21.689 0.0000000000
24656  -21.154  -55.406  -21.362 0.0000000000
25728  -20.389  -54.752  -20.901 0.0000000000
24655  -20.766  -54.979  -21.196 0.0000000000
25711  -19.965  -54.792  -20.340 0.0000000000
24618  -20.545  -55.451  -20.099 0.0000000000
24637  -20.784  -55.220  -20.832 0.0000000000
25710  -19.340  -54.578  -20.205 0.0000000000
24617  -19.709  -55.168  -19.778 0.0000000000
24616  -18.903  -55.043  -19.632 0.0000000000
24615  -18.360  -54.876  -19.581 0.0000000000
25689  -17.360  -54.880  -19.132 0.0000000000
24596  -18.102  -55.567  -18.924 0.0000000000
25688  -16.752  -54.769  -19.010 0.0000000000
24595  -17.065  -55.299  -18.731 0.0000000000
24594  -16.361  -55.123  -18.655 0.0000000000
25686  -15.537  -54.714  -18.741 0.0000000000
24593  -15.936  -54.977  -18.656 0.0000000000
23544  -22.941  -56.124  -22.498 0.0000000000
23545  -23.670  -56.358  -22.689 0.0000000000
24691  -23.913  -56.076  -23.151 0.0000000000
24675  -22.323  -55.798  -22.366 0.0000000000
23527  -22.433  -56.352  -21.672 0.0000000000
24657  -21.529  -55.810  -21.525 0.0000000000
23526  -21.785  -56.013  -21.594 0.0000000000
23509  -21.652  -56.107  -21.071 0.0000000000
24638  -21.020  -55.581  -20.638 0.0000000000
23508  -21.259  -55.780  -20.888 0.0000000000
23505  -17.437  -56.108  -21.049 0.0000000000
24652  -17.186  -55.518  -21.357 0.0000000000
24619  -21.028  -55.737  -20.223 0.0000000000
23484  -21.314  -55.947  -20.459 0.0000000000
23463  -21.171  -56.044  -19.738 0.0000000000
24599  -20.507  -55.761  -19.565 0.0000000000
23462  -20.734  -55.834  -19.635 0.0000000000
24598  -20.110  -55.678  -19.392 0.0000000000
24597  -19.285  -55.653  -19.190 0.0000000000
23448  -20.632  -56.075  -19.147 0.0000000000
23447  -19.890  -56.140  -18.736 0.0000000000
23446  -19.012  -56.199  -18.593 0.0000000000
24581  -17.670  -56.049  -18.392 0.0000000000
23424  -18.018  -56.372  -18.131 0.0000000000
23445  -18.460  -56.243  -18.459 0.0000000000
24580  -17.252  -55.825  -18.388 0.0000000000
24579  -16.562  -55.599  -18.301 0.0000000000
24578  -15.698  -55.382  -18.236 0.0000000000
23423  -17.357  -56.286  -18.000 0.0000000000
23422  -16.775  -56.081  -17.946 0.0000000000
23421  -16.211  -55.902  -17.914 0.0000000000
23528  -23.415  -56.641  -22.081 0.0000000000
22352  -23.311  -56.909  -21.325 0.0000000000
22353  -24.248  -57.028  -21.733 0.0000000000
23529  -24.036  -56.693  -22.335 0.0000000000
23510  -22.401  -56.573  -20.716 0.0000000000
22351  -22.815  -56.718  -21.054 0.0000000000
23486  -22.640  -56.713  -19.793 0.0000000000
22326  -23.178  -56.944  -20.480 0.0000000000
23485  -21.841  -56.335  -20.188 0.0000000000
23465  -22.619  -56.723  -18.947 0.0000000000
22276  -23.157  -56.991  -19.150 0.0000000000
22300  -23.313  -57.036  -19.727 0.0000000000
23464  -21.955  -56.484  -19.337 0.0000000000
23451  -22.697  -56.773  -18.317 0.0000000000
22255  -23.085  -56.958  -18.542 0.0000000000
23450  -22.137  -56.572  -18.540 0.0000000000
23449  -21.381  -56.376  -18.801 0.0000000000
23430  -22.863  -56.832  -17.875 0.0000000000
22233  -23.054  -56.931  -18.107 0.0000000000
23429  -22.441  -56.641  -17.884 0.0000000000
23428  -21.708  -56.540  -17.950 0.0000000000
23427  -20.684  -56.485  -18.083 0.0000000000
23426  -19.613  -56.606  -17.946 0.0000000000
23425  -18.752  -56.574  -17.991 0.0000000000
23406  -22.945  -56.792  -17.358 0.0000000000
22213  -23.230  -56.956  -17.711 0.0000000000
23405  -22.232  -56.598  -17.247 0.0000000000
23404  -21.354  -56.655  -17.146 0.0000000000
23403  -20.190  -56.922  -16.843 0.0000000000
23402  -19.121  -56.937  -17.270 0.0000000000
23401  -18.286  -56.897  -17.464 0.0000000000
23400  -17.544  -56.748  -17.542 0.0000000000
23399  -16.914  -56.536  -17.552 0.0000000000
23398  -16.352  -56.315  -17.544 0.0000000000
23397  -15.675  -56.113  -17.554 0.0000000000
23407  -23.382  -56.949  -17.343 0.0000000000
23382  -22.858  -56.610  -16.644 0.0000000000
23383  -23.643  -56.908  -16.820 0.0000000000
23381  -22.055  -56.554  -16.486 0.0000000000
23380  -21.219  -56.696  -16.250 0.0000000000
22212  -19.728  -57.057  -16.333 0.0000000000
22183  -19.978  -57.009  -16.006 0.0000000000
23379  -20.543  -56.854  -15.885 0.0000000000
22211  -19.302  -57.101  -16.532 0.0000000000
22210  -18.541  -57.147  -16.739 0.0000000000
22209  -17.752  -57.097  -16.893 0.0000000000
22208  -17.008  -56.921  -17.019 0.0000000000
22207  -16.503  -56.676  -17.165 0.0000000000
23378  -16.044  -56.536  -17.144 0.0000000000
23396  -14.910  -56.149  -17.242 0.0000000000
23377  -15.489  -56.531  -16.894 0.0000000000
24565  -15.104  -55.748  -17.766 0.0000000000
23384  -24.225  -57.027  -16.677 0.0000000000
22184  -24.134  -57.101  -17.048 0.0000000000
22214  -23.742  -57.084  -17.503 0.0000000000
23360  -23.532  -56.500  -16.039 0.0000000000
23361  -24.452  -56.823  -16.094 0.0000000000
23359  -22.715  -56.395  -15.903 0.0000000000
23358  -21.926  -56.412  -15.715 0.0000000000
23357  -21.158  -56.489  -15.456 0.0000000000
22150  -20.171  -56.882  -15.627 0.0000000000
23356  -20.403  -56.644  -15.217 0.0000000000
22178  -16.242  -56.908  -16.523 0.0000000000
23376  -14.768  -56.527  -16.658 0.0000000000
22177  -15.333  -56.827  -16.228 0.0000000000
23362  -25.356  -56.780  -15.738 0.0000000000
22151  -25.144  -57.029  -16.297 0.0000000000
22185  -24.693  -57.148  -16.805 0.0000000000
23340  -24.141  -56.305  -15.365 0.0000000000
23341  -24.964  -56.427  -15.280 0.0000000000
23339  -23.330  -56.163  -15.335 0.0000000000
23338  -22.557  -56.144  -15.202 0.0000000000
23337  -21.808  -56.160  -14.997 0.0000000000
23336  -21.039  -56.165  -14.663 0.0000000000
22149  -19.745  -56.932  -15.426 0.0000000000
23355  -19.861  -56.652  -14.930 0.0000000000
23335  -20.261  -56.370  -14.592 0.0000000000
22124  -19.296  -56.814  -14.916 0.0000000000
23334  -19.608  -56.465  -14.498 0.0000000000
24530  -23.885  -55.857  -14.774 0.0000000000
24531  -24.682  -55.972  -14.751 0.0000000000
24529  -23.111  -55.789  -14.734 0.0000000000
24528  -22.390  -55.839  -14.579 0.0000000000
24527  -21.731  -55.833  -14.395 0.0000000000
23315  -20.630  -56.018  -14.204 0.0000000000
23316  -20.999  -55.920  -14.248 0.0000000000
24526  -21.287  -55.811  -14.219 0.0000000000
23314  -20.004  -56.148  -14.092 0.0000000000
23333  -18.922  -56.567  -14.431 0.0000000000
23313  -19.310  -56.176  -14.039 0.0000000000
22123  -18.587  -56.956  -14.884 0.0000000000
23332  -18.158  -56.641  -14.364 0.0000000000
23312  -18.571  -56.190  -13.974 0.0000000000
22122  -17.809  -56.984  -14.917 0.0000000000
23331  -17.343  -56.672  -14.386 0.0000000000
23311  -17.703  -56.118  -13.858 0.0000000000
22121  -17.008  -56.968  -14.983 0.0000000000
23330  -16.539  -56.708  -14.458 0.0000000000
23310  -16.847  -56.321  -13.952 0.0000000000
22120  -16.218  -56.947  -15.028 0.0000000000
23329  -15.778  -56.747  -14.509 0.0000000000
23309  -16.045  -56.408  -14.021 0.0000000000
22119  -15.498  -56.945  -14.999 0.0000000000
23328  -15.289  -56.791  -14.583 0.0000000000
23308  -15.086  -56.489  -14.097 0.0000000000
22118  -14.804  -56.923  -14.778 0.0000000000
24503  -21.027  -55.655  -13.918 0.0000000000
24502  -20.413  -55.715  -13.788 0.0000000000
24501  -19.734  -55.778  -13.682 0.0000000000
24500  -19.025  -55.798  -13.614 0.0000000000
24499  -18.324  -55.757  -13.573 0.0000000000
23296  -17.086  -55.854  -13.568 0.0000000000
23297  -17.505  -55.772  -13.554 0.0000000000
24498  -17.809  -55.685  -13.504 0.0000000000
23295  -16.367  -55.962  -13.601 0.0000000000
23294  -15.671  -56.044  -13.674 0.0000000000
22103  -14.439  -56.762  -14.340 0.0000000000
23307  -14.198  -56.462  -14.109 0.0000000000
24471  -15.005  -55.643  -13.565 0.0000000000
24497  -14.585  -56.092  -13.815 0.0000000000
22102  -14.179  -56.732  -14.330 0.0000000000
22117  -13.946  -56.857  -14.645 0.0000000000
23327  -13.756  -56.570  -14.282 0.0000000000
23306  -13.607  -56.221  -14.084 0.0000000000
24496  -14.104  -55.614  -13.757 0.0000000000
23326  -13.345  -56.548  -14.465 0.0000000000
23305  -13.107  -56.184  -14.279 0.0000000000
24495  -13.296  -55.697  -14.044 0.0000000000
24474  -17.433  -55.399  -13.306 0.0000000000
24473  -16.680  -55.417  -13.310 0.0000000000
24472  -15.902  -55.491  -13.415 0.0000000000
22327  -24.001  -57.223  -20.767 0.0000000000
22301  -23.881  -57.228  -19.951 0.0000000000
22302  -24.649  -57.351  -20.103 0.0000000000
22328  -24.881  -57.294  -20.908 0.0000000000
22277  -23.765  -57.212  -19.249 0.0000000000
22278  -24.455  -57.347  -19.353 0.0000000000
22257  -24.253  -57.288  -18.677 0.0000000000
22258  -24.976  -57.405  -18.701 0.0000000000
22279  -25.227  -57.410  -19.421 0.0000000000
22256  -23.614  -57.136  -18.631 0.0000000000
22236  -24.696  -57.330  -18.051 0.0000000000
22237  -25.446  -57.424  -17.999 0.0000000000
22259  -25.772  -57.450  -18.699 0.0000000000
22235  -24.021  -57.203  -18.070 0.0000000000
22234  -23.450  -57.059  -18.093 0.0000000000
22216  -25.082  -57.300  -17.395 0.0000000000
22217  -25.808  -57.307  -17.305 0.0000000000
22238  -26.316  -57.347  -17.876 0.0000000000
22215  -24.392  -57.223  -17.473 0.0000000000
22186  -25.441  -57.173  -16.770 0.0000000000
22182  -19.432  -57.124  -15.956 0.0000000000
22181  -18.768  -57.210  -16.047 0.0000000000
22180  -17.999  -57.209  -16.171 0.0000000000
22179  -17.183  -57.118  -16.308 0.0000000000
22148  -19.026  -57.097  -15.433 0.0000000000
22147  -18.279  -57.164  -15.487 0.0000000000
22146  -17.486  -57.134  -15.576 0.0000000000
22145  -16.657  -57.067  -15.670 0.0000000000
22144  -15.834  -56.990  -15.658 0.0000000000
22176  -14.615  -56.870  -16.119 0.0000000000
22143  -15.065  -57.005  -15.537 0.0000000000
22142  -14.307  -57.046  -15.464 0.0000000000
24470  -14.551  -55.326  -13.541 0.0000000000
25563  -14.776  -54.891  -13.487 0.0000000000
25564  -15.476  -54.930  -13.366 0.0000000000
25565  -16.266  -54.845  -13.232 0.0000000000
25566  -17.072  -54.793  -13.127 0.0000000000
24475  -18.098  -55.333  -13.258 0.0000000000
25567  -17.810  -54.817  -13.049 0.0000000000
24476  -18.753  -55.371  -13.247 0.0000000000
25568  -18.473  -54.886  -12.996 0.0000000000
24477  -19.458  -55.386  -13.273 0.0000000000
25569  -19.152  -54.926  -12.956 0.0000000000
24478  -20.182  -55.351  -13.360 0.0000000000
25570  -19.880  -54.900  -13.012 0.0000000000
24479  -20.905  -55.342  -13.454 0.0000000000
25571  -20.680  -54.892  -13.056 0.0000000000
24480  -21.333  -55.358  -13.594 0.0000000000
25572  -21.733  -54.854  -13.225 0.0000000000
24504  -21.626  -55.476  -13.867 0.0000000000
25562  -14.369  -55.100  -13.565 0.0000000000
25596  -14.100  -54.861  -13.728 0.0000000000
25595  -13.463  -54.931  -14.003 0.0000000000
25598  -22.026  -55.261  -13.693 0.0000000000
24505  -22.198  -55.506  -14.061 0.0000000000
25599  -22.498  -55.121  -13.696 0.0000000000
24506  -22.856  -55.448  -14.178 0.0000000000
25600  -23.273  -55.010  -13.757 0.0000000000
24507  -23.608  -55.435  -14.236 0.0000000000
25601  -24.081  -54.996  -13.764 0.0000000000
24508  -24.401  -55.498  -14.229 0.0000000000
25597  -14.440  -54.791  -13.596 0.0000000000
26667  -15.121  -54.446  -13.479 0.0000000000
26666  -14.806  -54.553  -13.537 0.0000000000
26691  -14.576  -54.341  -13.748 0.0000000000
26668  -15.860  -54.214  -13.359 0.0000000000
26669  -16.684  -54.176  -13.174 0.0000000000
26670  -17.611  -54.057  -12.974 0.0000000000
25551  -18.212  -54.378  -12.827 0.0000000000
25552  -18.827  -54.427  -12.772 0.0000000000
25553  -19.518  -54.410  -12.748 0.0000000000
25554  -20.276  -54.388  -12.729 0.0000000000
25555  -21.068  -54.365  -12.762 0.0000000000
25556  -21.544  -54.296  -12.831 0.0000000000
26671  -21.890  -54.144  -12.808 0.0000000000
25573  -22.850  -54.641  -13.265 0.0000000000
26672  -22.499  -54.159  -12.853 0.0000000000
25574  -23.713  -54.573  -13.265 0.0000000000
26673  -23.335  -54.114  -12.811 0.0000000000
26690  -13.815  -54.446  -14.020 0.0000000000
26692  -15.377  -53.891  -13.831 0.0000000000
26693  -15.957  -53.691  -13.687 0.0000000000
27735  -16.370  -53.729  -13.434 0.0000000000
27736  -17.032  -53.478  -13.342 0.0000000000
26648  -18.110  -54.028  -12.799 0.0000000000
27716  -18.138  -53.704  -12.783 0.0000000000
27737  -17.986  -53.143  -13.193 0.0000000000
26706  -14.140  -53.892  -14.356 0.0000000000
26707  -14.898  -53.676  -14.303 0.0000000000
26708  -15.482  -53.491  -14.323 0.0000000000
27750  -15.851  -53.504  -14.075 0.0000000000
27751  -16.459  -53.286  -13.947 0.0000000000
26649  -18.504  -53.982  -12.713 0.0000000000
27717  -18.651  -53.447  -12.751 0.0000000000
28976  -16.359  -52.455  -21.026 0.0000000000
28975  -16.126  -52.436  -20.970 0.0000000000
26650  -19.118  -53.898  -12.670 0.0000000000
26651  -19.849  -53.812  -12.620 0.0000000000
26652  -20.642  -53.766  -12.568 0.0000000000
27718  -19.375  -53.288  -12.721 0.0000000000
27719  -20.176  -53.078  -12.642 0.0000000000
