#!ascii label  , from subject  vox2ras=TkReg
750
15148  20.557  -59.725  -20.683 0.0000000000
14239  20.242  -60.278  -20.937 0.0000000000
14238  21.099  -60.497  -20.641 0.0000000000
15147  21.005  -59.508  -20.378 0.0000000000
15149  19.881  -59.609  -20.592 0.0000000000
16126  20.422  -58.911  -20.326 0.0000000000
14240  19.511  -60.416  -20.758 0.0000000000
15150  19.081  -59.654  -20.399 0.0000000000
16127  19.490  -58.777  -20.110 0.0000000000
14241  18.717  -60.353  -20.574 0.0000000000
15151  18.235  -59.675  -20.264 0.0000000000
16128  18.647  -59.074  -20.064 0.0000000000
14242  17.949  -60.425  -20.437 0.0000000000
15152  17.463  -59.849  -20.193 0.0000000000
15134  17.704  -59.277  -19.905 0.0000000000
16129  18.167  -59.186  -19.993 0.0000000000
16125  21.105  -58.696  -20.032 0.0000000000
17129  20.732  -58.016  -20.114 0.0000000000
17130  20.126  -58.114  -20.028 0.0000000000
16106  19.282  -58.333  -19.786 0.0000000000
16107  18.854  -58.485  -19.744 0.0000000000
17131  19.608  -58.027  -19.807 0.0000000000
16108  18.106  -58.719  -19.695 0.0000000000
17128  21.154  -57.851  -19.781 0.0000000000
18158  20.981  -57.266  -19.971 0.0000000000
18159  20.461  -57.336  -19.942 0.0000000000
18160  19.975  -57.581  -19.838 0.0000000000
17114  19.135  -57.960  -19.561 0.0000000000
18150  19.592  -57.340  -19.511 0.0000000000
18151  19.017  -57.558  -19.218 0.0000000000
18132  19.265  -57.138  -19.028 0.0000000000
19183  19.787  -56.579  -19.096 0.0000000000
19193  19.959  -56.840  -19.559 0.0000000000
18149  20.096  -57.105  -19.732 0.0000000000
18133  18.634  -57.341  -18.706 0.0000000000
17115  18.461  -57.976  -19.251 0.0000000000
18157  21.400  -57.107  -19.686 0.0000000000
19200  21.212  -56.445  -19.908 0.0000000000
19201  20.780  -56.849  -19.995 0.0000000000
19192  20.488  -56.445  -19.645 0.0000000000
19184  19.232  -56.784  -18.651 0.0000000000
19182  20.318  -56.065  -19.121 0.0000000000
19162  20.116  -55.965  -18.613 0.0000000000
19163  19.575  -56.296  -18.364 0.0000000000
19164  18.895  -56.540  -18.069 0.0000000000
20297  20.589  -55.891  -19.294 0.0000000000
19191  20.980  -56.030  -19.708 0.0000000000
20296  20.945  -55.624  -19.415 0.0000000000
19199  21.823  -56.388  -19.641 0.0000000000
20305  21.354  -55.718  -19.823 0.0000000000
20304  21.831  -55.856  -20.027 0.0000000000
20288  20.897  -55.376  -19.100 0.0000000000
20289  20.624  -55.488  -18.863 0.0000000000
21424  21.088  -54.970  -18.924 0.0000000000
21435  21.493  -55.095  -19.646 0.0000000000
20303  22.251  -55.691  -19.676 0.0000000000
21441  22.087  -55.059  -19.899 0.0000000000
21442  21.681  -55.395  -19.950 0.0000000000
21425  20.826  -55.019  -18.609 0.0000000000
21402  21.087  -54.645  -18.423 0.0000000000
22584  21.472  -54.386  -18.720 0.0000000000
21423  21.668  -54.547  -19.183 0.0000000000
21403  20.512  -54.964  -18.141 0.0000000000
21434  21.871  -54.679  -19.568 0.0000000000
21440  22.707  -55.072  -19.553 0.0000000000
22604  22.116  -54.469  -19.641 0.0000000000
22603  22.648  -54.495  -19.720 0.0000000000
22564  21.444  -53.913  -18.147 0.0000000000
22583  22.072  -53.867  -18.779 0.0000000000
22602  22.975  -54.618  -19.529 0.0000000000
22594  23.247  -54.101  -19.341 0.0000000000
22595  22.491  -54.017  -19.278 0.0000000000
22596  21.991  -54.296  -19.292 0.0000000000
21439  23.005  -54.757  -19.328 0.0000000000
20294  22.489  -55.626  -19.066 0.0000000000
21433  22.947  -55.004  -19.121 0.0000000000
21432  23.184  -54.625  -19.221 0.0000000000
21422  22.840  -55.045  -18.651 0.0000000000
21421  23.226  -54.584  -18.914 0.0000000000
20286  22.453  -55.417  -18.379 0.0000000000
21400  22.603  -55.036  -18.027 0.0000000000
21399  23.170  -54.555  -18.319 0.0000000000
22581  23.612  -54.094  -18.675 0.0000000000
20270  19.858  -55.638  -18.004 0.0000000000
20269  20.302  -55.528  -18.385 0.0000000000
21404  19.963  -55.091  -17.737 0.0000000000
21382  20.148  -54.636  -17.649 0.0000000000
22543  20.681  -54.116  -17.707 0.0000000000
22565  20.965  -54.434  -18.064 0.0000000000
20267  22.406  -55.329  -18.093 0.0000000000
20268  22.198  -55.560  -17.835 0.0000000000
21401  22.362  -55.139  -17.642 0.0000000000
21380  22.562  -54.844  -17.417 0.0000000000
22562  22.906  -54.488  -17.772 0.0000000000
22561  23.552  -53.916  -17.818 0.0000000000
21383  19.548  -54.825  -17.506 0.0000000000
22544  19.933  -54.112  -17.421 0.0000000000
19198  22.165  -56.048  -19.362 0.0000000000
19189  22.187  -56.035  -19.115 0.0000000000
20295  22.123  -56.093  -18.909 0.0000000000
20287  22.130  -55.898  -18.498 0.0000000000
19181  21.913  -56.501  -18.606 0.0000000000
19161  21.944  -56.363  -17.984 0.0000000000
20271  19.378  -56.053  -17.965 0.0000000000
20244  19.628  -55.309  -17.670 0.0000000000
20245  19.102  -55.633  -17.626 0.0000000000
19137  22.025  -56.170  -17.405 0.0000000000
20243  22.187  -55.710  -17.123 0.0000000000
21381  22.323  -55.257  -17.255 0.0000000000
20246  18.199  -55.576  -17.544 0.0000000000
19138  18.449  -56.194  -17.644 0.0000000000
21384  18.675  -54.666  -17.524 0.0000000000
19127  22.243  -56.275  -16.840 0.0000000000
20227  22.380  -55.679  -16.595 0.0000000000
21364  22.322  -55.398  -16.896 0.0000000000
19126  22.803  -56.227  -16.230 0.0000000000
20226  22.672  -55.518  -16.078 0.0000000000
21363  22.523  -54.983  -16.654 0.0000000000
18148  21.646  -56.968  -19.299 0.0000000000
19190  21.934  -56.458  -19.099 0.0000000000
18131  21.724  -57.097  -18.851 0.0000000000
18105  21.841  -57.120  -18.204 0.0000000000
19165  18.259  -56.703  -17.811 0.0000000000
18106  18.353  -57.053  -18.157 0.0000000000
18088  22.105  -57.005  -17.337 0.0000000000
19139  17.711  -56.399  -17.544 0.0000000000
18070  22.544  -56.807  -16.689 0.0000000000
18069  23.142  -56.968  -16.468 0.0000000000
19125  23.537  -56.625  -16.045 0.0000000000
19108  23.327  -55.976  -15.618 0.0000000000
19109  22.927  -55.809  -15.863 0.0000000000
18068  23.819  -57.099  -16.391 0.0000000000
19124  24.015  -56.837  -16.080 0.0000000000
19107  24.214  -56.507  -15.663 0.0000000000
18067  24.499  -57.096  -16.245 0.0000000000
17113  21.455  -57.684  -19.256 0.0000000000
17092  17.967  -57.780  -18.746 0.0000000000
17091  18.352  -57.709  -18.908 0.0000000000
18134  18.117  -57.383  -18.378 0.0000000000
17090  21.747  -57.834  -18.602 0.0000000000
18107  17.799  -57.162  -17.946 0.0000000000
17070  22.116  -57.910  -17.878 0.0000000000
17056  22.523  -57.733  -17.339 0.0000000000
18087  22.801  -57.349  -16.947 0.0000000000
17055  23.152  -57.948  -17.243 0.0000000000
18086  23.503  -57.486  -16.816 0.0000000000
17054  23.889  -57.981  -17.153 0.0000000000
18085  24.224  -57.551  -16.742 0.0000000000
17053  24.627  -58.048  -17.126 0.0000000000
18084  24.983  -57.610  -16.714 0.0000000000
17052  25.408  -58.110  -17.183 0.0000000000
18083  25.803  -57.595  -16.802 0.0000000000
18066  25.313  -57.186  -16.275 0.0000000000
17051  26.342  -58.218  -17.424 0.0000000000
18082  26.625  -57.459  -16.939 0.0000000000
18065  26.131  -57.037  -16.240 0.0000000000
17050  27.119  -57.803  -17.411 0.0000000000
18081  27.470  -57.285  -17.038 0.0000000000
18064  26.957  -57.024  -16.510 0.0000000000
17049  27.514  -57.625  -17.415 0.0000000000
18104  27.767  -57.508  -17.439 0.0000000000
18063  27.388  -56.975  -16.623 0.0000000000
19136  27.697  -56.903  -16.699 0.0000000000
18080  27.930  -57.298  -17.291 0.0000000000
19135  28.222  -56.898  -17.073 0.0000000000
18103  28.203  -57.400  -17.696 0.0000000000
18039  24.919  -56.867  -15.862 0.0000000000
18038  25.525  -56.847  -15.828 0.0000000000
18037  25.913  -56.777  -15.819 0.0000000000
19123  26.202  -56.685  -15.770 0.0000000000
19122  26.708  -56.694  -15.982 0.0000000000
19121  27.422  -56.631  -16.273 0.0000000000
16124  21.349  -58.345  -19.569 0.0000000000
17116  17.700  -58.292  -19.250 0.0000000000
16104  21.673  -58.587  -19.072 0.0000000000
17071  17.833  -57.516  -18.338 0.0000000000
17072  17.440  -57.655  -18.302 0.0000000000
17093  17.159  -58.161  -18.872 0.0000000000
16089  22.066  -58.544  -18.416 0.0000000000
18108  17.119  -57.237  -17.871 0.0000000000
17073  16.716  -57.734  -18.251 0.0000000000
16077  22.499  -58.600  -18.023 0.0000000000
17069  22.730  -58.233  -17.604 0.0000000000
16076  23.113  -58.731  -17.786 0.0000000000
16052  23.128  -58.348  -17.505 0.0000000000
16051  23.557  -58.414  -17.471 0.0000000000
16050  24.244  -58.497  -17.462 0.0000000000
16049  24.981  -58.566  -17.496 0.0000000000
16048  25.679  -58.616  -17.573 0.0000000000
16072  26.247  -58.955  -18.117 0.0000000000
17068  26.619  -58.528  -17.917 0.0000000000
17067  27.032  -58.259  -17.956 0.0000000000
17066  27.673  -57.836  -17.829 0.0000000000
15133  21.352  -59.438  -19.932 0.0000000000
16105  21.449  -58.894  -19.627 0.0000000000
16109  17.261  -58.767  -19.509 0.0000000000
15132  21.730  -59.413  -19.402 0.0000000000
15124  22.247  -59.301  -18.699 0.0000000000
15104  22.368  -58.917  -18.327 0.0000000000
15103  22.758  -59.147  -18.242 0.0000000000
15102  23.385  -59.291  -18.081 0.0000000000
16075  23.819  -58.933  -17.744 0.0000000000
15101  24.064  -59.488  -18.063 0.0000000000
16074  24.560  -59.053  -17.791 0.0000000000
15100  24.887  -59.695  -18.231 0.0000000000
16073  25.342  -59.081  -17.874 0.0000000000
15099  25.635  -59.479  -18.232 0.0000000000
15121  26.090  -59.629  -18.625 0.0000000000
16088  26.513  -59.284  -18.622 0.0000000000
16087  26.991  -58.882  -18.837 0.0000000000
16071  26.811  -58.642  -18.229 0.0000000000
17089  27.103  -58.521  -18.380 0.0000000000
14221  21.275  -59.905  -20.227 0.0000000000
15135  17.001  -59.398  -19.860 0.0000000000
14220  21.624  -60.193  -19.862 0.0000000000
14198  22.109  -60.038  -19.191 0.0000000000
14197  22.841  -60.052  -18.675 0.0000000000
15123  22.716  -59.527  -18.487 0.0000000000
14170  23.041  -59.577  -18.353 0.0000000000
14193  25.780  -60.178  -18.889 0.0000000000
14192  26.252  -59.964  -19.073 0.0000000000
15120  26.588  -59.550  -19.022 0.0000000000
15122  25.509  -59.881  -18.510 0.0000000000
14218  26.500  -59.893  -19.534 0.0000000000
15131  26.843  -59.369  -19.606 0.0000000000
14169  23.533  -59.815  -18.341 0.0000000000
14168  24.205  -60.001  -18.396 0.0000000000
14167  24.645  -60.117  -18.500 0.0000000000
14194  25.078  -60.296  -18.700 0.0000000000
13235  19.094  -60.889  -20.777 0.0000000000
13236  18.471  -61.058  -20.707 0.0000000000
13234  19.445  -60.850  -20.864 0.0000000000
14260  19.644  -60.828  -20.941 0.0000000000
14259  19.906  -60.818  -21.041 0.0000000000
14258  20.455  -60.862  -21.060 0.0000000000
13233  21.283  -61.403  -20.713 0.0000000000
13232  21.602  -61.195  -20.379 0.0000000000
14237  21.588  -60.716  -20.197 0.0000000000
13250  20.838  -61.426  -21.078 0.0000000000
13215  21.985  -61.000  -19.813 0.0000000000
13192  22.026  -60.481  -19.512 0.0000000000
14219  26.075  -60.335  -19.443 0.0000000000
14236  26.357  -60.173  -20.188 0.0000000000
14235  26.649  -59.765  -19.914 0.0000000000
13191  22.419  -60.673  -19.184 0.0000000000
13190  23.171  -60.874  -18.922 0.0000000000
14196  23.687  -60.383  -18.620 0.0000000000
13189  23.993  -60.967  -18.927 0.0000000000
14195  24.400  -60.458  -18.678 0.0000000000
13188  24.766  -60.903  -19.026 0.0000000000
13187  25.491  -60.701  -19.201 0.0000000000
12262  21.130  -62.159  -21.176 0.0000000000
12246  21.255  -61.763  -20.922 0.0000000000
12263  20.389  -61.984  -21.275 0.0000000000
13251  20.125  -61.365  -21.188 0.0000000000
13252  19.480  -61.211  -21.046 0.0000000000
13253  18.909  -61.282  -20.943 0.0000000000
12245  21.812  -62.011  -20.654 0.0000000000
12228  21.908  -61.501  -20.198 0.0000000000
12227  22.321  -61.729  -19.972 0.0000000000
13214  22.726  -61.318  -19.445 0.0000000000
12226  23.102  -61.911  -19.777 0.0000000000
13213  23.543  -61.442  -19.336 0.0000000000
12225  23.931  -61.913  -19.807 0.0000000000
13212  24.361  -61.414  -19.410 0.0000000000
12224  24.726  -61.767  -19.984 0.0000000000
13211  25.129  -61.218  -19.618 0.0000000000
13231  25.448  -61.412  -20.362 0.0000000000
13210  25.818  -60.842  -19.870 0.0000000000
13230  26.012  -60.817  -20.542 0.0000000000
11338  20.581  -62.622  -21.265 0.0000000000
11339  19.988  -62.396  -21.250 0.0000000000
12264  19.731  -61.874  -21.172 0.0000000000
11337  21.300  -62.866  -21.127 0.0000000000
12261  21.590  -62.463  -21.107 0.0000000000
11336  22.005  -62.813  -20.994 0.0000000000
11322  22.463  -62.606  -20.688 0.0000000000
12244  22.708  -62.253  -20.310 0.0000000000
11321  23.130  -62.705  -20.600 0.0000000000
12243  23.505  -62.325  -20.235 0.0000000000
11320  23.863  -62.650  -20.628 0.0000000000
12242  24.285  -62.246  -20.387 0.0000000000
11319  24.296  -62.530  -20.708 0.0000000000
12260  24.634  -62.360  -20.751 0.0000000000
12241  24.973  -61.984  -20.555 0.0000000000
12259  25.232  -62.184  -21.011 0.0000000000
13249  25.408  -61.746  -20.787 0.0000000000
11325  20.095  -62.729  -20.888 0.0000000000
12247  19.445  -62.392  -20.890 0.0000000000
11324  20.750  -63.015  -20.775 0.0000000000
11323  21.353  -63.351  -20.752 0.0000000000
10428  21.764  -63.280  -21.081 0.0000000000
10427  22.341  -63.351  -21.000 0.0000000000
11335  22.753  -62.991  -20.921 0.0000000000
10426  23.041  -63.382  -20.874 0.0000000000
11334  23.502  -62.994  -20.899 0.0000000000
10425  23.805  -63.384  -20.870 0.0000000000
11333  24.394  -62.806  -20.909 0.0000000000
10424  24.548  -63.378  -20.862 0.0000000000
11332  25.290  -62.879  -20.920 0.0000000000
10423  25.031  -63.373  -20.662 0.0000000000
11318  25.438  -63.149  -20.323 0.0000000000
11331  26.161  -62.803  -20.778 0.0000000000
12258  26.145  -62.201  -21.409 0.0000000000
11317  26.043  -62.893  -20.244 0.0000000000
11316  26.425  -62.742  -20.387 0.0000000000
11330  26.629  -62.666  -20.655 0.0000000000
12257  26.976  -62.438  -21.056 0.0000000000
12240  26.895  -62.512  -20.253 0.0000000000
11312  19.791  -62.603  -20.549 0.0000000000
11311  20.278  -62.761  -20.342 0.0000000000
11310  21.169  -63.169  -19.998 0.0000000000
10410  21.573  -63.489  -20.432 0.0000000000
10419  21.905  -63.538  -20.718 0.0000000000
10414  25.000  -63.404  -20.391 0.0000000000
10405  24.855  -63.402  -20.027 0.0000000000
11306  25.150  -63.081  -19.612 0.0000000000
11305  25.780  -62.903  -19.740 0.0000000000
11304  26.353  -62.712  -19.894 0.0000000000
12231  19.507  -62.288  -20.012 0.0000000000
12230  20.468  -62.616  -19.722 0.0000000000
11309  22.045  -63.383  -19.605 0.0000000000
10409  21.958  -63.588  -20.196 0.0000000000
11300  21.174  -62.826  -19.475 0.0000000000
11299  21.604  -62.958  -19.275 0.0000000000
12229  20.951  -62.751  -19.571 0.0000000000
11308  22.472  -63.406  -19.466 0.0000000000
10408  22.689  -63.626  -19.856 0.0000000000
11298  22.507  -63.075  -19.018 0.0000000000
10401  22.709  -63.425  -19.411 0.0000000000
11307  24.513  -63.288  -19.454 0.0000000000
11295  24.816  -62.926  -18.977 0.0000000000
11294  25.489  -62.781  -19.099 0.0000000000
11293  26.120  -62.593  -19.260 0.0000000000
12223  26.711  -62.350  -19.490 0.0000000000
12215  21.023  -62.305  -19.099 0.0000000000
12214  21.909  -62.551  -18.757 0.0000000000
11297  23.371  -63.144  -18.876 0.0000000000
10400  23.098  -63.468  -19.370 0.0000000000
11288  22.588  -62.683  -18.555 0.0000000000
11287  22.978  -62.734  -18.463 0.0000000000
12213  22.360  -62.646  -18.615 0.0000000000
11296  24.121  -63.085  -18.876 0.0000000000
10399  23.829  -63.472  -19.354 0.0000000000
11286  23.705  -62.770  -18.363 0.0000000000
11285  24.447  -62.714  -18.369 0.0000000000
11284  25.170  -62.623  -18.450 0.0000000000
12212  25.852  -62.466  -18.587 0.0000000000
12211  26.468  -62.223  -18.786 0.0000000000
10418  22.531  -63.621  -20.561 0.0000000000
10417  23.271  -63.637  -20.453 0.0000000000
10416  24.018  -63.629  -20.442 0.0000000000
10415  24.634  -63.541  -20.417 0.0000000000
10407  23.529  -63.666  -19.897 0.0000000000
10406  24.252  -63.594  -19.927 0.0000000000
12198  26.225  -62.094  -18.070 0.0000000000
12197  26.824  -61.894  -18.310 0.0000000000
12210  27.084  -61.967  -18.997 0.0000000000
12199  25.535  -62.264  -17.959 0.0000000000
12222  27.339  -62.075  -19.728 0.0000000000
12216  20.058  -62.118  -19.389 0.0000000000
12217  19.580  -62.043  -19.554 0.0000000000
13216  19.349  -61.976  -19.610 0.0000000000
12248  18.871  -61.988  -20.574 0.0000000000
12232  18.667  -61.850  -19.972 0.0000000000
13217  18.985  -61.838  -19.617 0.0000000000
12239  27.573  -62.115  -20.492 0.0000000000
12265  19.110  -61.761  -21.057 0.0000000000
12256  27.817  -61.882  -21.241 0.0000000000
12273  27.213  -61.803  -21.852 0.0000000000
12274  26.509  -61.409  -21.755 0.0000000000
13248  25.921  -61.327  -21.124 0.0000000000
12266  18.634  -61.528  -20.895 0.0000000000
12272  27.894  -61.649  -21.743 0.0000000000
13262  27.978  -61.081  -21.894 0.0000000000
13263  27.126  -60.888  -21.907 0.0000000000
13264  26.483  -60.693  -21.635 0.0000000000
13195  19.490  -61.678  -19.225 0.0000000000
14257  26.346  -60.203  -21.117 0.0000000000
13254  18.671  -61.264  -20.869 0.0000000000
13247  28.278  -61.419  -21.449 0.0000000000
13261  28.615  -60.979  -21.543 0.0000000000
14271  28.630  -60.365  -21.762 0.0000000000
14272  27.763  -60.248  -21.819 0.0000000000
15145  26.758  -59.527  -20.320 0.0000000000
15146  26.481  -59.848  -20.715 0.0000000000
16103  27.151  -58.911  -19.545 0.0000000000
16123  27.130  -58.957  -20.062 0.0000000000
15164  26.691  -59.582  -20.962 0.0000000000
16144  27.059  -58.925  -20.741 0.0000000000
15165  26.464  -59.857  -20.959 0.0000000000
14256  26.679  -59.799  -21.323 0.0000000000
15180  27.028  -59.503  -21.309 0.0000000000
16157  27.029  -59.219  -21.054 0.0000000000
16102  27.431  -58.619  -19.399 0.0000000000
16086  27.477  -58.513  -19.001 0.0000000000
17088  27.539  -58.265  -18.533 0.0000000000
17112  27.837  -58.178  -19.254 0.0000000000
16122  27.350  -58.699  -19.803 0.0000000000
17126  27.586  -58.332  -19.942 0.0000000000
16110  16.520  -59.005  -19.552 0.0000000000
16090  17.072  -58.491  -19.218 0.0000000000
16091  16.732  -58.567  -19.179 0.0000000000
17117  17.308  -58.418  -19.241 0.0000000000
17127  27.429  -58.580  -20.020 0.0000000000
17144  27.334  -58.624  -20.326 0.0000000000
16156  27.406  -58.919  -21.157 0.0000000000
16143  27.316  -58.728  -21.171 0.0000000000
17143  27.459  -58.264  -20.804 0.0000000000
15179  27.581  -59.516  -21.537 0.0000000000
16155  28.101  -58.830  -21.366 0.0000000000
17150  27.805  -58.499  -21.200 0.0000000000
17087  27.976  -57.877  -18.306 0.0000000000
17065  28.080  -57.688  -18.047 0.0000000000
17094  16.350  -58.202  -18.755 0.0000000000
18109  16.344  -56.996  -17.787 0.0000000000
17074  15.912  -57.733  -18.277 0.0000000000
17095  15.586  -58.208  -18.802 0.0000000000
18110  15.409  -57.111  -18.042 0.0000000000
17075  15.206  -57.736  -18.464 0.0000000000
18130  28.382  -57.538  -18.404 0.0000000000
17111  28.072  -57.887  -18.775 0.0000000000
16092  16.043  -58.663  -19.175 0.0000000000
18146  28.449  -57.406  -19.395 0.0000000000
18147  27.911  -57.888  -19.686 0.0000000000
18156  27.869  -57.707  -20.154 0.0000000000
18170  27.933  -57.552  -20.821 0.0000000000
17142  28.184  -58.154  -21.176 0.0000000000
17149  28.027  -58.477  -21.273 0.0000000000
19160  28.672  -57.007  -17.592 0.0000000000
18102  28.677  -57.138  -18.050 0.0000000000
18089  17.423  -56.937  -17.629 0.0000000000
18090  17.024  -56.729  -17.541 0.0000000000
18091  16.615  -56.468  -17.574 0.0000000000
19166  16.304  -56.429  -17.657 0.0000000000
19167  15.839  -56.218  -17.758 0.0000000000
18129  28.881  -57.040  -18.616 0.0000000000
18145  29.004  -56.906  -19.093 0.0000000000
19187  29.103  -56.603  -19.528 0.0000000000
19188  28.717  -56.834  -19.994 0.0000000000
18155  28.344  -57.199  -20.329 0.0000000000
19197  28.795  -56.768  -20.603 0.0000000000
18169  28.618  -57.340  -20.997 0.0000000000
17141  28.947  -57.973  -21.212 0.0000000000
18168  29.311  -57.361  -21.011 0.0000000000
19209  29.063  -56.993  -20.889 0.0000000000
19103  27.088  -56.406  -15.719 0.0000000000
20212  27.766  -56.101  -15.730 0.0000000000
20225  27.890  -56.396  -16.275 0.0000000000
19120  27.938  -56.621  -16.564 0.0000000000
20224  28.440  -56.241  -16.516 0.0000000000
20242  28.682  -56.483  -17.042 0.0000000000
19134  28.829  -56.663  -17.350 0.0000000000
19140  17.011  -56.133  -17.512 0.0000000000
20247  17.440  -55.572  -17.600 0.0000000000
19141  16.455  -56.030  -17.603 0.0000000000
20248  16.859  -55.622  -17.670 0.0000000000
19142  16.196  -55.804  -17.739 0.0000000000
20249  16.451  -55.607  -17.766 0.0000000000
19159  29.159  -56.624  -17.951 0.0000000000
19180  29.386  -56.430  -18.797 0.0000000000
20293  29.567  -56.063  -19.349 0.0000000000
19196  29.077  -56.413  -20.190 0.0000000000
20302  29.353  -56.101  -19.838 0.0000000000
19208  29.485  -56.591  -20.787 0.0000000000
20311  29.392  -55.963  -20.333 0.0000000000
20223  29.183  -55.673  -16.399 0.0000000000
20211  28.639  -55.701  -15.762 0.0000000000
20241  29.220  -56.132  -17.211 0.0000000000
20266  29.555  -56.159  -17.788 0.0000000000
20240  29.794  -55.510  -16.888 0.0000000000
20265  30.025  -55.658  -17.742 0.0000000000
21385  17.823  -54.959  -17.689 0.0000000000
21386  17.401  -55.092  -17.765 0.0000000000
20272  17.121  -55.217  -17.783 0.0000000000
20273  16.672  -55.176  -17.871 0.0000000000
20274  16.041  -55.397  -17.876 0.0000000000
19158  29.683  -56.117  -18.255 0.0000000000
21407  17.203  -54.591  -17.926 0.0000000000
21408  16.310  -54.635  -18.011 0.0000000000
20285  29.761  -55.975  -18.908 0.0000000000
20292  29.986  -55.666  -19.176 0.0000000000
20301  29.759  -55.630  -19.840 0.0000000000
21431  30.340  -55.154  -19.430 0.0000000000
21438  30.109  -55.125  -20.161 0.0000000000
20310  29.971  -55.749  -20.651 0.0000000000
22545  19.326  -54.243  -17.406 0.0000000000
21406  18.012  -54.238  -17.747 0.0000000000
21405  18.501  -54.059  -17.684 0.0000000000
22567  18.973  -53.804  -17.557 0.0000000000
22568  18.332  -53.547  -17.753 0.0000000000
22569  17.528  -53.687  -17.375 0.0000000000
22570  16.596  -54.067  -17.516 0.0000000000
21409  15.532  -54.832  -17.936 0.0000000000
22571  15.741  -54.175  -17.679 0.0000000000
22542  21.084  -53.692  -17.729 0.0000000000
23633  20.840  -53.526  -17.514 0.0000000000
23634  20.349  -53.530  -17.377 0.0000000000
22547  16.812  -53.831  -16.782 0.0000000000
22548  15.947  -53.865  -16.959 0.0000000000
20284  30.066  -55.672  -18.565 0.0000000000
21420  30.269  -55.406  -18.957 0.0000000000
19179  29.735  -56.047  -18.640 0.0000000000
16142  28.657  -58.507  -21.322 0.0000000000
15178  28.341  -59.599  -21.667 0.0000000000
16154  28.806  -59.036  -21.503 0.0000000000
16141  29.228  -58.567  -21.337 0.0000000000
13246  28.774  -61.097  -20.861 0.0000000000
14255  29.015  -60.630  -21.335 0.0000000000
12255  28.282  -61.533  -21.072 0.0000000000
12238  28.190  -61.649  -20.633 0.0000000000
13229  28.553  -61.326  -20.109 0.0000000000
13228  29.026  -61.028  -20.198 0.0000000000
13245  29.238  -60.805  -20.458 0.0000000000
14254  29.574  -60.315  -20.821 0.0000000000
14234  29.503  -60.712  -19.927 0.0000000000
12221  27.985  -61.737  -19.924 0.0000000000
13208  28.329  -61.302  -19.408 0.0000000000
13207  28.927  -61.023  -19.613 0.0000000000
13209  27.703  -61.634  -19.204 0.0000000000
13185  28.100  -61.221  -18.657 0.0000000000
13184  28.741  -60.934  -18.911 0.0000000000
14217  29.306  -60.676  -19.157 0.0000000000
13171  27.787  -61.219  -17.881 0.0000000000
13170  28.695  -60.818  -18.032 0.0000000000
13186  27.433  -61.587  -18.472 0.0000000000
14191  29.128  -60.647  -18.591 0.0000000000
13155  28.140  -60.982  -17.154 0.0000000000
13154  29.090  -60.750  -17.101 0.0000000000
14155  29.369  -60.575  -17.753 0.0000000000
14166  29.331  -60.542  -18.208 0.0000000000
13173  26.606  -61.845  -17.781 0.0000000000
13172  27.068  -61.548  -17.804 0.0000000000
14154  29.899  -60.641  -17.440 0.0000000000
14165  29.883  -60.481  -18.057 0.0000000000
14164  30.669  -60.670  -17.820 0.0000000000
14189  30.367  -60.412  -18.582 0.0000000000
14190  29.650  -60.468  -18.638 0.0000000000
14188  31.266  -60.608  -18.555 0.0000000000
14215  30.731  -60.337  -19.274 0.0000000000
14216  29.959  -60.452  -19.255 0.0000000000
14214  31.501  -60.382  -19.353 0.0000000000
14232  31.034  -60.166  -19.997 0.0000000000
14233  30.227  -60.303  -19.983 0.0000000000
14231  31.816  -60.198  -20.076 0.0000000000
14252  31.335  -59.948  -20.675 0.0000000000
14253  30.576  -59.990  -20.681 0.0000000000
14270  29.265  -60.237  -21.513 0.0000000000
14213  32.278  -60.595  -19.362 0.0000000000
14230  32.601  -60.515  -20.233 0.0000000000
14251  32.008  -60.053  -20.964 0.0000000000
14229  32.890  -60.780  -19.872 0.0000000000
13226  33.139  -61.121  -20.251 0.0000000000
13227  32.898  -60.745  -20.628 0.0000000000
14250  32.690  -60.528  -21.084 0.0000000000
14212  32.679  -60.696  -19.696 0.0000000000
13205  32.833  -61.030  -19.366 0.0000000000
14187  31.809  -60.624  -18.931 0.0000000000
13182  32.098  -61.084  -18.540 0.0000000000
13206  32.461  -60.949  -19.029 0.0000000000
14163  31.208  -60.842  -18.010 0.0000000000
13183  31.529  -60.994  -18.138 0.0000000000
14153  30.410  -60.852  -17.243 0.0000000000
13169  30.778  -60.982  -17.377 0.0000000000
13168  31.287  -61.207  -17.587 0.0000000000
13153  29.908  -60.959  -16.835 0.0000000000
13152  30.666  -61.315  -16.928 0.0000000000
13244  33.027  -60.947  -20.908 0.0000000000
12220  33.239  -61.816  -19.494 0.0000000000
12237  33.443  -62.080  -20.390 0.0000000000
13243  33.269  -61.511  -21.118 0.0000000000
13181  32.547  -61.158  -18.896 0.0000000000
12208  32.726  -61.604  -18.680 0.0000000000
13167  31.734  -61.269  -18.009 0.0000000000
12195  31.969  -61.820  -17.788 0.0000000000
12209  32.332  -61.561  -18.293 0.0000000000
13151  31.197  -61.622  -17.122 0.0000000000
12196  31.496  -61.688  -17.379 0.0000000000
11303  33.356  -62.777  -19.685 0.0000000000
11315  33.487  -63.030  -20.606 0.0000000000
12254  33.462  -62.345  -21.164 0.0000000000
11291  33.026  -62.493  -18.857 0.0000000000
12194  32.407  -61.802  -18.253 0.0000000000
11282  32.557  -62.223  -18.256 0.0000000000
12179  31.428  -62.153  -17.087 0.0000000000
12178  31.759  -62.137  -17.414 0.0000000000
11270  31.855  -62.444  -17.372 0.0000000000
11283  32.267  -62.666  -17.806 0.0000000000
10404  33.287  -63.660  -19.907 0.0000000000
10413  33.356  -63.790  -20.578 0.0000000000
10422  33.404  -63.549  -21.179 0.0000000000
11329  33.470  -62.948  -21.296 0.0000000000
10397  32.926  -63.534  -19.038 0.0000000000
11292  32.632  -63.002  -18.370 0.0000000000
10371  31.934  -63.088  -17.411 0.0000000000
10389  32.235  -63.441  -17.943 0.0000000000
11271  31.490  -62.864  -16.973 0.0000000000
9590  33.310  -64.302  -20.952 0.0000000000
9594  33.472  -63.985  -21.817 0.0000000000
10431  33.506  -63.208  -21.715 0.0000000000
9586  33.184  -64.360  -20.211 0.0000000000
9582  32.843  -64.323  -19.474 0.0000000000
9577  32.386  -64.186  -18.790 0.0000000000
9576  32.745  -64.028  -19.082 0.0000000000
10398  32.506  -63.611  -18.475 0.0000000000
9564  31.800  -64.097  -18.000 0.0000000000
9563  32.260  -63.852  -18.281 0.0000000000
10390  31.827  -63.605  -17.558 0.0000000000
10372  31.560  -63.454  -17.129 0.0000000000
8848  33.320  -64.885  -21.378 0.0000000000
8851  33.638  -64.704  -21.978 0.0000000000
9593  34.116  -64.245  -22.145 0.0000000000
9596  34.040  -63.603  -22.216 0.0000000000
9597  33.732  -63.328  -22.038 0.0000000000
8850  34.203  -64.915  -21.925 0.0000000000
9592  34.912  -64.270  -21.825 0.0000000000
9595  34.552  -63.769  -22.153 0.0000000000
8849  34.736  -65.057  -21.515 0.0000000000
9589  35.237  -64.636  -21.316 0.0000000000
9591  35.515  -64.170  -21.357 0.0000000000
10429  35.594  -63.667  -21.612 0.0000000000
10430  35.098  -63.438  -21.989 0.0000000000
9588  35.726  -64.412  -20.773 0.0000000000
10421  36.018  -63.781  -21.132 0.0000000000
8844  33.022  -65.171  -20.476 0.0000000000
8847  35.108  -65.098  -20.885 0.0000000000
8846  35.488  -64.888  -20.392 0.0000000000
9585  35.848  -64.573  -20.106 0.0000000000
9587  36.152  -64.193  -20.269 0.0000000000
10420  36.315  -63.828  -20.595 0.0000000000
9584  36.251  -64.257  -19.770 0.0000000000
10412  36.531  -63.815  -20.041 0.0000000000
8837  32.956  -64.802  -19.939 0.0000000000
8842  35.521  -64.954  -19.883 0.0000000000
9581  35.867  -64.650  -19.485 0.0000000000
8838  32.481  -65.195  -19.756 0.0000000000
9583  32.443  -64.642  -19.269 0.0000000000
9578  31.719  -64.597  -18.571 0.0000000000
8828  32.058  -64.859  -19.057 0.0000000000
9543  31.503  -63.899  -17.382 0.0000000000
9544  31.036  -64.403  -17.428 0.0000000000
9565  31.282  -64.651  -18.172 0.0000000000
10373  31.171  -63.850  -16.894 0.0000000000
8087  33.594  -65.292  -21.775 0.0000000000
8086  34.076  -65.494  -21.465 0.0000000000
8085  34.573  -65.531  -21.153 0.0000000000
8083  33.255  -65.800  -21.054 0.0000000000
8081  34.689  -65.672  -20.623 0.0000000000
8843  35.111  -65.266  -20.224 0.0000000000
8075  32.499  -65.852  -20.355 0.0000000000
8074  32.908  -65.609  -20.662 0.0000000000
8845  32.684  -65.424  -20.186 0.0000000000
8072  34.721  -65.719  -19.960 0.0000000000
8836  35.169  -65.264  -19.534 0.0000000000
8835  35.534  -64.963  -19.504 0.0000000000
8066  32.001  -65.697  -19.785 0.0000000000
8065  32.334  -65.592  -19.957 0.0000000000
8839  31.685  -65.308  -19.340 0.0000000000
8829  31.462  -65.001  -18.838 0.0000000000
8082  34.067  -66.026  -20.956 0.0000000000
7345  33.032  -66.783  -20.895 0.0000000000
7344  33.584  -66.441  -21.050 0.0000000000
8084  32.731  -66.273  -20.887 0.0000000000
7334  33.741  -66.621  -20.337 0.0000000000
8073  34.308  -66.070  -20.345 0.0000000000
8076  31.620  -66.176  -20.078 0.0000000000
7336  31.934  -66.524  -20.445 0.0000000000
7346  32.352  -66.687  -20.748 0.0000000000
8064  34.243  -66.161  -19.702 0.0000000000
8067  31.198  -65.737  -19.593 0.0000000000
6608  32.407  -67.277  -20.804 0.0000000000
6609  32.075  -67.134  -20.878 0.0000000000
7347  31.853  -66.934  -20.704 0.0000000000
6607  32.825  -67.375  -20.534 0.0000000000
7335  33.175  -67.101  -20.323 0.0000000000
7337  31.291  -66.830  -20.475 0.0000000000
6594  32.857  -67.457  -19.970 0.0000000000
7325  33.276  -67.056  -19.712 0.0000000000
7324  33.746  -66.608  -19.350 0.0000000000
6596  31.725  -67.506  -20.639 0.0000000000
6595  32.332  -67.680  -20.241 0.0000000000
5900  31.802  -68.054  -20.117 0.0000000000
5901  31.102  -68.202  -20.402 0.0000000000
6597  30.882  -67.516  -20.761 0.0000000000
5899  32.143  -67.957  -19.834 0.0000000000
6580  32.438  -67.755  -19.583 0.0000000000
6579  32.883  -67.420  -19.325 0.0000000000
5880  32.165  -67.992  -19.567 0.0000000000
5866  32.161  -68.035  -19.234 0.0000000000
6564  32.538  -67.686  -18.899 0.0000000000
5882  31.424  -68.415  -19.706 0.0000000000
5883  30.721  -68.628  -19.760 0.0000000000
5902  30.302  -68.499  -20.412 0.0000000000
5918  30.529  -68.071  -20.826 0.0000000000
5881  31.928  -68.185  -19.609 0.0000000000
5869  30.319  -68.543  -19.051 0.0000000000
5868  31.077  -68.494  -19.079 0.0000000000
5884  29.905  -68.633  -19.749 0.0000000000
5867  31.708  -68.307  -19.121 0.0000000000
5855  29.964  -68.112  -18.425 0.0000000000
5854  30.732  -68.265  -18.417 0.0000000000
5870  29.523  -68.361  -19.055 0.0000000000
5853  31.453  -68.242  -18.485 0.0000000000
6565  32.059  -68.046  -18.639 0.0000000000
5885  29.063  -68.513  -19.728 0.0000000000
5903  29.487  -68.539  -20.449 0.0000000000
5919  29.900  -68.187  -20.953 0.0000000000
6610  30.180  -67.528  -20.966 0.0000000000
7338  30.293  -66.900  -20.646 0.0000000000
8077  30.745  -66.209  -20.077 0.0000000000
8840  30.904  -65.318  -19.057 0.0000000000
8068  30.243  -65.608  -19.354 0.0000000000
8830  31.016  -65.022  -18.530 0.0000000000
9579  31.372  -64.828  -18.523 0.0000000000
8816  30.741  -64.931  -17.991 0.0000000000
8831  30.319  -65.302  -18.628 0.0000000000
8841  30.476  -65.379  -19.026 0.0000000000
10432  34.555  -63.191  -22.207 0.0000000000
10433  34.057  -63.000  -22.245 0.0000000000
10434  33.668  -62.812  -22.086 0.0000000000
10348  31.234  -63.356  -16.724 0.0000000000
11314  36.693  -63.517  -20.374 0.0000000000
11327  36.697  -63.181  -20.906 0.0000000000
11328  36.130  -63.316  -21.412 0.0000000000
11341  35.805  -62.948  -21.782 0.0000000000
11342  35.118  -62.717  -22.101 0.0000000000
11343  33.456  -62.589  -21.719 0.0000000000
11344  34.498  -62.572  -22.272 0.0000000000
11345  33.980  -62.431  -22.317 0.0000000000
11254  31.038  -62.974  -16.524 0.0000000000
12164  31.190  -62.599  -16.735 0.0000000000
10411  36.803  -63.512  -20.085 0.0000000000
11313  37.042  -63.173  -20.187 0.0000000000
11326  37.128  -62.827  -20.519 0.0000000000
12252  37.249  -62.338  -20.811 0.0000000000
12253  36.782  -62.577  -21.275 0.0000000000
11340  36.377  -62.886  -21.422 0.0000000000
12267  36.402  -62.364  -21.640 0.0000000000
12268  35.787  -62.161  -21.995 0.0000000000
11346  33.573  -62.226  -22.125 0.0000000000
12271  33.390  -61.938  -21.717 0.0000000000
13242  36.990  -62.003  -21.385 0.0000000000
13256  36.594  -61.570  -21.821 0.0000000000
12277  33.570  -61.703  -22.044 0.0000000000
13260  33.441  -61.219  -21.887 0.0000000000
13241  37.479  -61.613  -21.039 0.0000000000
13255  37.201  -61.455  -21.450 0.0000000000
14249  33.019  -60.931  -21.392 0.0000000000
14267  33.146  -60.289  -21.735 0.0000000000
14268  32.464  -59.958  -21.594 0.0000000000
