#!ascii label  , from subject  vox2ras=TkReg
360
19202  33.916  -56.427  -20.434 0.0000000000
18162  34.153  -56.970  -21.028 0.0000000000
18154  34.275  -56.716  -20.107 0.0000000000
19194  33.873  -56.130  -20.001 0.0000000000
19203  33.472  -56.242  -20.873 0.0000000000
19195  33.688  -56.000  -20.300 0.0000000000
18163  33.239  -56.907  -21.551 0.0000000000
19204  32.818  -56.247  -21.325 0.0000000000
20299  33.281  -55.409  -20.407 0.0000000000
20306  33.074  -55.814  -20.981 0.0000000000
18164  32.395  -57.012  -21.293 0.0000000000
19205  32.041  -56.337  -21.120 0.0000000000
20307  32.555  -55.498  -21.099 0.0000000000
18165  31.628  -57.119  -21.051 0.0000000000
19206  31.227  -56.452  -20.928 0.0000000000
20308  31.606  -55.686  -21.030 0.0000000000
18166  30.827  -57.232  -20.933 0.0000000000
19207  30.394  -56.521  -20.876 0.0000000000
20309  30.801  -55.782  -20.865 0.0000000000
18167  30.022  -57.300  -20.935 0.0000000000
19208  29.485  -56.591  -20.787 0.0000000000
20310  29.971  -55.749  -20.651 0.0000000000
20298  33.741  -55.735  -19.922 0.0000000000
20291  33.691  -55.338  -19.733 0.0000000000
21428  33.522  -54.939  -19.840 0.0000000000
21436  33.266  -54.707  -20.134 0.0000000000
20300  32.898  -55.070  -20.796 0.0000000000
21437  32.965  -54.703  -20.516 0.0000000000
21443  32.538  -54.751  -20.899 0.0000000000
21444  31.885  -54.926  -21.100 0.0000000000
21445  31.126  -55.083  -20.960 0.0000000000
21446  30.446  -55.151  -20.725 0.0000000000
21427  34.065  -54.842  -19.416 0.0000000000
22589  33.593  -54.360  -19.804 0.0000000000
22598  33.152  -54.103  -20.266 0.0000000000
22599  32.698  -54.161  -20.676 0.0000000000
22605  32.112  -54.190  -20.987 0.0000000000
22606  31.361  -54.352  -21.008 0.0000000000
22607  30.689  -54.536  -20.785 0.0000000000
21438  30.109  -55.125  -20.161 0.0000000000
22608  30.342  -54.709  -20.382 0.0000000000
22588  34.281  -53.899  -19.639 0.0000000000
22597  33.629  -53.751  -19.993 0.0000000000
23684  34.078  -53.154  -20.034 0.0000000000
23685  33.154  -53.300  -20.309 0.0000000000
23686  32.875  -53.755  -20.520 0.0000000000
23690  32.482  -53.485  -20.721 0.0000000000
23691  31.598  -53.546  -20.946 0.0000000000
23692  30.878  -53.853  -20.645 0.0000000000
22600  30.610  -54.303  -20.206 0.0000000000
22601  30.422  -54.701  -19.863 0.0000000000
24692  33.703  -52.635  -20.162 0.0000000000
24693  33.052  -52.730  -20.198 0.0000000000
23689  32.764  -53.172  -20.561 0.0000000000
24702  32.893  -53.001  -20.451 0.0000000000
24703  32.580  -52.943  -20.496 0.0000000000
24704  31.981  -53.030  -20.462 0.0000000000
23687  31.368  -53.449  -20.128 0.0000000000
23688  30.907  -53.911  -20.029 0.0000000000
24679  33.240  -52.618  -19.536 0.0000000000
24694  32.492  -52.777  -20.018 0.0000000000
25703  33.497  -52.366  -19.978 0.0000000000
24680  32.505  -53.052  -19.534 0.0000000000
24695  31.983  -53.130  -19.830 0.0000000000
24681  32.126  -53.279  -19.492 0.0000000000
23674  31.752  -53.631  -19.408 0.0000000000
25691  33.725  -52.213  -19.710 0.0000000000
25702  34.016  -52.012  -20.027 0.0000000000
25690  34.168  -51.904  -19.427 0.0000000000
24678  33.733  -52.241  -19.449 0.0000000000
23673  32.317  -53.379  -19.161 0.0000000000
23672  32.871  -53.094  -19.004 0.0000000000
24671  33.446  -52.763  -18.711 0.0000000000
24670  33.828  -52.297  -18.995 0.0000000000
24658  33.535  -52.929  -18.223 0.0000000000
23658  33.128  -53.185  -18.391 0.0000000000
24657  34.083  -52.461  -18.024 0.0000000000
25682  34.366  -51.899  -18.704 0.0000000000
23642  33.420  -53.226  -17.705 0.0000000000
23675  31.194  -53.869  -19.668 0.0000000000
22591  30.843  -54.359  -19.624 0.0000000000
22590  31.305  -54.192  -19.291 0.0000000000
23660  32.110  -53.726  -18.896 0.0000000000
22579  31.705  -54.132  -18.781 0.0000000000
23659  32.568  -53.538  -18.581 0.0000000000
22578  32.167  -53.910  -18.501 0.0000000000
23643  32.907  -53.528  -18.068 0.0000000000
22558  32.456  -53.918  -17.999 0.0000000000
22557  32.928  -53.719  -17.633 0.0000000000
23630  33.608  -53.240  -16.885 0.0000000000
22537  33.104  -53.638  -17.042 0.0000000000
23641  33.923  -52.910  -17.290 0.0000000000
22592  30.601  -54.746  -19.536 0.0000000000
21431  30.340  -55.154  -19.430 0.0000000000
21430  30.806  -54.764  -19.250 0.0000000000
21429  31.050  -54.487  -19.276 0.0000000000
21418  31.177  -54.574  -18.914 0.0000000000
22559  31.946  -54.188  -18.222 0.0000000000
21396  31.394  -54.635  -18.189 0.0000000000
22539  31.991  -54.346  -17.642 0.0000000000
22538  32.547  -54.017  -17.275 0.0000000000
22515  32.031  -54.373  -16.827 0.0000000000
21377  31.391  -54.702  -17.293 0.0000000000
22514  32.649  -53.925  -16.482 0.0000000000
22513  33.266  -53.420  -16.255 0.0000000000
22493  31.984  -54.196  -15.844 0.0000000000
21360  31.378  -54.655  -16.430 0.0000000000
22492  32.768  -53.617  -15.673 0.0000000000
22470  31.434  -54.082  -14.861 0.0000000000
21347  31.185  -54.578  -15.568 0.0000000000
22469  32.222  -53.762  -15.161 0.0000000000
21328  30.768  -54.564  -15.043 0.0000000000
21327  31.142  -54.438  -15.147 0.0000000000
22471  30.679  -54.237  -14.395 0.0000000000
22435  31.026  -53.776  -14.149 0.0000000000
23539  31.548  -53.225  -14.094 0.0000000000
23571  32.059  -53.460  -14.639 0.0000000000
22436  30.506  -53.859  -13.866 0.0000000000
23540  30.837  -53.287  -13.704 0.0000000000
21419  30.639  -55.092  -18.650 0.0000000000
20290  34.107  -55.674  -19.393 0.0000000000
21417  34.335  -55.257  -19.119 0.0000000000
21416  34.823  -54.899  -19.038 0.0000000000
21426  34.535  -54.427  -19.325 0.0000000000
21397  30.650  -55.114  -17.752 0.0000000000
20283  30.350  -55.383  -18.131 0.0000000000
20284  30.066  -55.672  -18.565 0.0000000000
21420  30.269  -55.406  -18.957 0.0000000000
20282  34.576  -55.611  -18.992 0.0000000000
20265  30.025  -55.658  -17.742 0.0000000000
20264  30.343  -55.377  -17.883 0.0000000000
21398  30.306  -55.260  -17.175 0.0000000000
21378  30.790  -54.943  -16.900 0.0000000000
21361  30.752  -54.862  -16.162 0.0000000000
21379  30.265  -55.118  -16.550 0.0000000000
21348  30.625  -54.787  -15.600 0.0000000000
21362  30.230  -54.993  -15.918 0.0000000000
21349  30.179  -54.875  -15.310 0.0000000000
21329  30.028  -54.677  -14.514 0.0000000000
19186  34.380  -56.296  -19.346 0.0000000000
19178  34.433  -55.969  -19.119 0.0000000000
19177  34.805  -56.240  -18.922 0.0000000000
20281  35.167  -55.586  -18.690 0.0000000000
18144  34.302  -56.514  -19.682 0.0000000000
18143  34.667  -56.809  -19.474 0.0000000000
19185  34.648  -56.523  -19.162 0.0000000000
18128  34.960  -56.710  -18.947 0.0000000000
18127  35.146  -56.825  -18.959 0.0000000000
19176  35.601  -56.295  -18.519 0.0000000000
17140  29.648  -58.004  -21.150 0.0000000000
17139  30.421  -58.039  -21.032 0.0000000000
18168  29.311  -57.361  -21.011 0.0000000000
17138  31.234  -57.912  -21.080 0.0000000000
17137  31.994  -57.744  -21.188 0.0000000000
17136  32.685  -57.723  -21.411 0.0000000000
17148  33.300  -57.606  -21.648 0.0000000000
18172  33.779  -57.195  -21.706 0.0000000000
17135  34.333  -57.265  -21.549 0.0000000000
17134  34.771  -57.482  -21.308 0.0000000000
18161  34.673  -57.236  -20.840 0.0000000000
18171  34.110  -57.211  -21.625 0.0000000000
18153  34.810  -57.202  -20.275 0.0000000000
17125  34.923  -57.360  -20.739 0.0000000000
17124  35.364  -57.638  -20.516 0.0000000000
18152  35.224  -57.434  -20.053 0.0000000000
18142  35.321  -57.311  -19.536 0.0000000000
17110  35.441  -57.540  -19.932 0.0000000000
17109  35.899  -57.714  -19.673 0.0000000000
18141  35.726  -57.394  -19.343 0.0000000000
18126  35.974  -57.126  -18.854 0.0000000000
16149  32.932  -58.418  -21.452 0.0000000000
17147  33.964  -57.761  -21.765 0.0000000000
16148  33.818  -58.728  -21.729 0.0000000000
17146  34.610  -58.239  -21.835 0.0000000000
16147  34.514  -58.975  -21.859 0.0000000000
17145  35.007  -58.581  -21.910 0.0000000000
17133  35.521  -58.180  -21.534 0.0000000000
16146  35.267  -59.032  -21.869 0.0000000000
16140  29.927  -58.775  -21.391 0.0000000000
16141  29.228  -58.567  -21.337 0.0000000000
17141  28.947  -57.973  -21.212 0.0000000000
16139  30.869  -58.811  -21.346 0.0000000000
16138  31.654  -58.446  -21.221 0.0000000000
16137  32.331  -58.222  -21.309 0.0000000000
16136  32.646  -58.127  -21.376 0.0000000000
16135  35.834  -58.763  -21.629 0.0000000000
17132  36.029  -58.510  -21.328 0.0000000000
17123  36.281  -58.274  -20.679 0.0000000000
16134  36.424  -58.904  -21.495 0.0000000000
16121  36.984  -58.652  -20.981 0.0000000000
17122  37.258  -58.456  -20.371 0.0000000000
17108  36.827  -58.113  -19.743 0.0000000000
16120  37.682  -58.746  -20.910 0.0000000000
17121  38.094  -58.488  -20.341 0.0000000000
17107  37.716  -58.207  -19.732 0.0000000000
17086  36.579  -57.693  -19.162 0.0000000000
15172  33.089  -59.379  -21.639 0.0000000000
15173  32.386  -59.297  -21.528 0.0000000000
16150  32.067  -58.816  -21.411 0.0000000000
15171  33.846  -59.577  -21.788 0.0000000000
15170  34.614  -59.701  -21.903 0.0000000000
15169  35.375  -59.799  -21.895 0.0000000000
16145  35.824  -59.265  -21.735 0.0000000000
15168  36.209  -59.833  -21.773 0.0000000000
15162  30.229  -59.603  -21.351 0.0000000000
15176  29.690  -59.407  -21.614 0.0000000000
16153  29.361  -59.075  -21.562 0.0000000000
15161  31.063  -59.576  -21.259 0.0000000000
16152  31.118  -59.211  -21.541 0.0000000000
16151  31.445  -59.012  -21.444 0.0000000000
15159  36.878  -59.492  -21.690 0.0000000000
16133  37.260  -59.041  -21.430 0.0000000000
15158  37.530  -59.660  -21.674 0.0000000000
16132  38.026  -59.174  -21.399 0.0000000000
15157  38.227  -60.022  -21.342 0.0000000000
16131  38.742  -59.306  -21.189 0.0000000000
16119  38.436  -58.793  -20.880 0.0000000000
15163  29.655  -59.931  -21.531 0.0000000000
15177  29.124  -59.662  -21.697 0.0000000000
14268  32.464  -59.958  -21.594 0.0000000000
14269  32.100  -59.739  -21.446 0.0000000000
15174  31.719  -59.485  -21.406 0.0000000000
14267  33.146  -60.289  -21.735 0.0000000000
14266  33.973  -60.399  -21.938 0.0000000000
14265  34.765  -60.461  -22.024 0.0000000000
14264  35.579  -60.543  -22.029 0.0000000000
14263  36.428  -60.705  -21.920 0.0000000000
15167  36.999  -60.129  -21.742 0.0000000000
14262  37.331  -60.860  -21.621 0.0000000000
15166  37.610  -60.242  -21.635 0.0000000000
14261  37.840  -60.523  -21.432 0.0000000000
14254  29.574  -60.315  -20.821 0.0000000000
14270  29.265  -60.237  -21.513 0.0000000000
14253  30.576  -59.990  -20.681 0.0000000000
14252  31.335  -59.948  -20.675 0.0000000000
15160  31.523  -59.764  -21.080 0.0000000000
15175  31.321  -59.337  -21.457 0.0000000000
14251  32.008  -60.053  -20.964 0.0000000000
14247  38.053  -60.920  -20.948 0.0000000000
14246  38.546  -60.350  -20.877 0.0000000000
15156  38.989  -59.870  -20.787 0.0000000000
13259  34.157  -61.177  -22.115 0.0000000000
13260  33.441  -61.219  -21.887 0.0000000000
13258  34.943  -61.186  -22.187 0.0000000000
13257  35.736  -61.355  -22.109 0.0000000000
13256  36.594  -61.570  -21.821 0.0000000000
13255  37.201  -61.455  -21.450 0.0000000000
14248  37.541  -61.219  -21.294 0.0000000000
13241  37.479  -61.613  -21.039 0.0000000000
12270  34.461  -61.646  -22.283 0.0000000000
12276  33.945  -61.825  -22.230 0.0000000000
13265  33.717  -61.491  -22.072 0.0000000000
12269  34.986  -61.966  -22.233 0.0000000000
12268  35.787  -62.161  -21.995 0.0000000000
11345  33.980  -62.431  -22.317 0.0000000000
12275  34.355  -62.092  -22.301 0.0000000000
11346  33.573  -62.226  -22.125 0.0000000000
12277  33.570  -61.703  -22.044 0.0000000000
11344  34.498  -62.572  -22.272 0.0000000000
11342  35.118  -62.717  -22.101 0.0000000000
13266  33.544  -61.485  -21.966 0.0000000000
14271  28.630  -60.365  -21.762 0.0000000000
15178  28.341  -59.599  -21.667 0.0000000000
16154  28.806  -59.036  -21.503 0.0000000000
21305  29.919  -54.418  -13.980 0.0000000000
21306  29.467  -54.557  -13.914 0.0000000000
21330  29.212  -54.997  -14.466 0.0000000000
22472  30.217  -54.266  -14.046 0.0000000000
21350  29.596  -55.084  -15.122 0.0000000000
21331  28.589  -55.283  -14.505 0.0000000000
20188  28.956  -55.390  -15.087 0.0000000000
21307  28.522  -54.755  -13.757 0.0000000000
20179  27.911  -55.389  -14.301 0.0000000000
20189  28.218  -55.610  -15.046 0.0000000000
20209  29.813  -55.102  -15.658 0.0000000000
20210  29.330  -55.373  -15.706 0.0000000000
20222  29.762  -55.275  -16.197 0.0000000000
20240  29.794  -55.510  -16.888 0.0000000000
22437  29.865  -53.982  -13.574 0.0000000000
23541  30.317  -53.448  -13.474 0.0000000000
22438  29.117  -54.181  -13.428 0.0000000000
22411  29.356  -53.657  -13.171 0.0000000000
23520  29.808  -53.116  -13.140 0.0000000000
22439  28.596  -54.218  -13.273 0.0000000000
22412  28.815  -53.759  -13.023 0.0000000000
22413  28.170  -53.933  -12.958 0.0000000000
21289  28.299  -54.376  -13.270 0.0000000000
21308  27.513  -54.976  -13.683 0.0000000000
21290  27.836  -54.467  -13.226 0.0000000000
22414  27.380  -53.908  -12.910 0.0000000000
21291  27.033  -54.490  -13.216 0.0000000000
20223  29.183  -55.673  -16.399 0.0000000000
20211  28.639  -55.701  -15.762 0.0000000000
20190  27.430  -55.802  -14.878 0.0000000000
20212  27.766  -56.101  -15.730 0.0000000000
20180  27.057  -55.508  -14.174 0.0000000000
20191  26.557  -56.021  -14.745 0.0000000000
20181  26.207  -55.505  -14.067 0.0000000000
21309  26.652  -55.021  -13.624 0.0000000000
20192  25.745  -55.872  -14.516 0.0000000000
20182  25.396  -55.335  -14.044 0.0000000000
21310  25.856  -54.908  -13.661 0.0000000000
20193  24.955  -55.673  -14.530 0.0000000000
20183  24.691  -55.068  -14.218 0.0000000000
21311  25.127  -54.576  -13.860 0.0000000000
20194  24.088  -55.301  -14.681 0.0000000000
20184  24.309  -54.850  -14.399 0.0000000000
21312  24.501  -54.491  -14.209 0.0000000000
21332  24.015  -54.519  -14.567 0.0000000000
20213  27.067  -56.163  -15.275 0.0000000000
19088  26.046  -56.241  -14.983 0.0000000000
19087  26.359  -56.250  -15.010 0.0000000000
19104  26.479  -56.398  -15.353 0.0000000000
19089  25.355  -56.186  -14.959 0.0000000000
19090  24.569  -56.061  -15.022 0.0000000000
19091  23.864  -55.898  -15.175 0.0000000000
20195  23.343  -55.389  -15.249 0.0000000000
21333  23.487  -54.605  -15.089 0.0000000000
19108  23.327  -55.976  -15.618 0.0000000000
20214  23.211  -55.621  -15.479 0.0000000000
20215  23.012  -55.492  -15.617 0.0000000000
20196  23.040  -55.176  -15.472 0.0000000000
21334  23.148  -54.920  -15.394 0.0000000000
21352  22.865  -54.903  -15.802 0.0000000000
19103  27.088  -56.406  -15.719 0.0000000000
19109  22.927  -55.809  -15.863 0.0000000000
20226  22.672  -55.518  -16.078 0.0000000000
22415  26.573  -53.831  -13.001 0.0000000000
21292  26.247  -54.427  -13.306 0.0000000000
22416  25.839  -53.774  -13.260 0.0000000000
21293  25.630  -54.329  -13.485 0.0000000000
22417  25.247  -53.836  -13.667 0.0000000000
22440  24.765  -53.946  -14.081 0.0000000000
22441  24.335  -53.953  -14.475 0.0000000000
22473  23.836  -53.950  -15.060 0.0000000000
22474  23.526  -54.204  -15.218 0.0000000000
21351  23.154  -54.582  -15.504 0.0000000000
22495  23.373  -54.095  -15.583 0.0000000000
22496  23.038  -54.440  -15.758 0.0000000000
21363  22.523  -54.983  -16.654 0.0000000000
22517  22.952  -54.265  -16.263 0.0000000000
23543  24.590  -53.587  -14.330 0.0000000000
23573  24.488  -53.259  -14.794 0.0000000000
22494  23.719  -53.731  -15.497 0.0000000000
23593  24.065  -53.373  -15.500 0.0000000000
23594  23.681  -53.539  -15.894 0.0000000000
22516  23.376  -53.789  -16.220 0.0000000000
22541  22.868  -54.302  -17.146 0.0000000000
22540  23.320  -53.780  -16.890 0.0000000000
21380  22.562  -54.844  -17.417 0.0000000000
22562  22.906  -54.488  -17.772 0.0000000000
22561  23.552  -53.916  -17.818 0.0000000000
19105  25.796  -56.525  -15.449 0.0000000000
19122  26.708  -56.694  -15.982 0.0000000000
19123  26.202  -56.685  -15.770 0.0000000000
19107  24.214  -56.507  -15.663 0.0000000000
19106  25.061  -56.512  -15.450 0.0000000000
18038  25.525  -56.847  -15.828 0.0000000000
18037  25.913  -56.777  -15.819 0.0000000000
18039  24.919  -56.867  -15.862 0.0000000000
