#!ascii label  , from subject  vox2ras=TkReg
754
25961  -29.392  -58.858  -26.543 0.0000000000
24677  -29.716  -59.313  -26.649 0.0000000000
24659  -29.652  -59.478  -26.196 0.0000000000
25942  -29.329  -59.019  -25.715 0.0000000000
25962  -29.737  -59.164  -26.957 0.0000000000
25960  -28.951  -58.579  -26.020 0.0000000000
27237  -28.674  -58.252  -26.735 0.0000000000
27238  -29.210  -58.542  -26.974 0.0000000000
25977  -29.531  -58.778  -27.195 0.0000000000
24678  -29.876  -59.815  -26.955 0.0000000000
25978  -29.908  -59.157  -27.515 0.0000000000
27259  -29.184  -58.356  -27.448 0.0000000000
25990  -29.657  -58.658  -27.764 0.0000000000
24692  -30.220  -59.772  -27.933 0.0000000000
25991  -30.141  -58.856  -28.397 0.0000000000
27274  -29.438  -58.209  -28.311 0.0000000000
24702  -30.529  -59.694  -28.670 0.0000000000
25992  -30.597  -59.181  -28.968 0.0000000000
27275  -29.884  -58.399  -28.586 0.0000000000
26006  -30.461  -58.729  -29.055 0.0000000000
27291  -30.015  -58.190  -29.106 0.0000000000
24703  -30.742  -59.663  -29.283 0.0000000000
26007  -30.853  -59.007  -29.593 0.0000000000
27292  -30.531  -58.493  -29.343 0.0000000000
24716  -30.881  -59.711  -29.823 0.0000000000
24729  -31.067  -59.520  -30.407 0.0000000000
26019  -31.159  -58.699  -30.453 0.0000000000
27303  -30.588  -58.175  -29.783 0.0000000000
24730  -31.229  -59.202  -30.817 0.0000000000
26020  -31.280  -58.915  -30.918 0.0000000000
26029  -31.379  -58.568  -31.173 0.0000000000
26028  -31.209  -58.284  -30.760 0.0000000000
27308  -30.947  -57.998  -30.493 0.0000000000
24739  -31.279  -59.178  -31.242 0.0000000000
27309  -31.202  -57.917  -30.992 0.0000000000
24746  -31.378  -59.101  -31.722 0.0000000000
26034  -31.590  -58.526  -31.873 0.0000000000
27312  -31.456  -57.909  -31.517 0.0000000000
27218  -28.409  -58.250  -25.764 0.0000000000
27217  -27.860  -57.820  -26.239 0.0000000000
27236  -27.910  -57.765  -27.125 0.0000000000
27258  -28.480  -57.878  -27.770 0.0000000000
27257  -27.928  -57.639  -27.601 0.0000000000
28560  -27.903  -57.521  -27.923 0.0000000000
27273  -28.758  -57.728  -28.582 0.0000000000
28575  -28.139  -57.474  -28.411 0.0000000000
27290  -29.258  -57.817  -28.949 0.0000000000
27289  -28.864  -57.582  -28.968 0.0000000000
28589  -28.427  -57.382  -29.065 0.0000000000
28590  -29.013  -57.460  -29.305 0.0000000000
28591  -29.529  -57.673  -29.391 0.0000000000
27302  -30.204  -58.013  -29.565 0.0000000000
28602  -30.014  -57.669  -29.815 0.0000000000
28603  -30.532  -57.658  -30.253 0.0000000000
28608  -30.802  -57.363  -30.855 0.0000000000
28609  -31.201  -57.473  -31.269 0.0000000000
28559  -27.437  -57.417  -27.589 0.0000000000
28574  -27.521  -57.306  -28.274 0.0000000000
28573  -26.943  -57.143  -28.045 0.0000000000
28587  -27.042  -57.056  -28.761 0.0000000000
28588  -27.712  -57.239  -28.911 0.0000000000
28586  -26.574  -56.956  -28.393 0.0000000000
29913  -26.351  -56.746  -29.027 0.0000000000
29914  -26.956  -56.885  -29.297 0.0000000000
28598  -27.334  -57.014  -29.330 0.0000000000
28599  -27.896  -57.097  -29.576 0.0000000000
28600  -28.650  -57.145  -29.701 0.0000000000
28601  -29.345  -57.265  -29.817 0.0000000000
29924  -27.195  -56.547  -29.960 0.0000000000
29925  -28.258  -56.712  -30.154 0.0000000000
29926  -29.034  -56.829  -30.195 0.0000000000
29927  -29.440  -56.983  -30.202 0.0000000000
28606  -29.733  -57.155  -30.173 0.0000000000
28607  -30.195  -57.213  -30.444 0.0000000000
29900  -26.162  -56.810  -28.247 0.0000000000
29899  -25.553  -56.588  -28.358 0.0000000000
29912  -25.347  -56.539  -29.243 0.0000000000
29923  -26.096  -56.346  -29.813 0.0000000000
29922  -25.248  -56.233  -29.916 0.0000000000
31322  -25.791  -55.788  -30.122 0.0000000000
31323  -26.690  -55.774  -30.094 0.0000000000
29932  -28.007  -56.210  -30.578 0.0000000000
29931  -27.472  -56.103  -30.605 0.0000000000
31331  -27.246  -55.871  -30.383 0.0000000000
29898  -24.586  -56.236  -28.517 0.0000000000
29911  -24.491  -56.217  -29.539 0.0000000000
28572  -26.439  -56.954  -27.868 0.0000000000
29886  -25.986  -56.655  -27.566 0.0000000000
29885  -25.104  -56.081  -27.545 0.0000000000
28557  -26.372  -56.897  -27.585 0.0000000000
29887  -26.354  -56.853  -27.348 0.0000000000
29870  -25.724  -56.067  -26.729 0.0000000000
29871  -26.378  -56.743  -26.901 0.0000000000
28536  -26.775  -57.047  -26.850 0.0000000000
28514  -26.787  -56.983  -26.353 0.0000000000
29854  -26.375  -56.440  -26.116 0.0000000000
28558  -26.728  -57.067  -27.369 0.0000000000
28491  -26.790  -56.842  -25.599 0.0000000000
29839  -26.469  -56.081  -25.255 0.0000000000
29853  -26.067  -55.940  -25.846 0.0000000000
28537  -27.225  -57.382  -26.773 0.0000000000
28515  -27.234  -57.385  -25.882 0.0000000000
27197  -27.765  -57.831  -25.148 0.0000000000
28492  -27.158  -57.256  -25.186 0.0000000000
28470  -27.309  -57.276  -24.501 0.0000000000
28469  -26.878  -56.774  -24.829 0.0000000000
27178  -27.753  -57.796  -24.091 0.0000000000
28443  -27.380  -57.116  -23.632 0.0000000000
28442  -27.061  -56.763  -24.155 0.0000000000
29825  -26.782  -56.228  -24.349 0.0000000000
27160  -27.805  -57.734  -23.217 0.0000000000
28420  -27.519  -57.052  -22.794 0.0000000000
29806  -27.294  -56.752  -23.203 0.0000000000
29805  -27.063  -56.352  -23.501 0.0000000000
27138  -27.896  -57.696  -22.414 0.0000000000
28399  -27.763  -57.083  -21.956 0.0000000000
29767  -27.478  -56.415  -22.311 0.0000000000
29787  -27.289  -56.453  -22.911 0.0000000000
27118  -28.023  -57.747  -21.702 0.0000000000
28377  -28.051  -57.210  -21.062 0.0000000000
29745  -27.772  -56.342  -21.513 0.0000000000
27099  -28.156  -58.020  -21.176 0.0000000000
27085  -28.164  -57.900  -20.494 0.0000000000
28356  -28.266  -57.090  -20.030 0.0000000000
29722  -28.091  -56.309  -20.551 0.0000000000
25941  -28.876  -58.597  -25.355 0.0000000000
27198  -28.420  -58.294  -25.076 0.0000000000
25921  -28.769  -58.576  -24.665 0.0000000000
27179  -28.280  -58.217  -24.452 0.0000000000
25901  -28.621  -58.553  -24.112 0.0000000000
27161  -28.321  -58.287  -23.635 0.0000000000
25885  -28.725  -58.723  -23.702 0.0000000000
25863  -28.722  -58.819  -23.106 0.0000000000
27139  -28.264  -58.237  -22.796 0.0000000000
25841  -28.540  -58.728  -22.364 0.0000000000
27119  -28.216  -58.221  -22.074 0.0000000000
25824  -28.361  -58.714  -21.636 0.0000000000
27100  -28.186  -58.223  -21.575 0.0000000000
25823  -28.211  -58.406  -21.324 0.0000000000
25807  -28.215  -58.651  -20.936 0.0000000000
25793  -27.980  -58.578  -19.988 0.0000000000
27064  -28.127  -57.830  -19.814 0.0000000000
27039  -27.951  -58.084  -19.264 0.0000000000
28337  -28.203  -57.454  -19.328 0.0000000000
25777  -27.723  -58.801  -19.122 0.0000000000
27015  -27.824  -58.192  -18.525 0.0000000000
28325  -28.083  -57.688  -18.806 0.0000000000
24645  -29.531  -59.775  -25.330 0.0000000000
25922  -29.206  -59.044  -24.916 0.0000000000
24629  -29.280  -59.576  -24.390 0.0000000000
25902  -29.003  -58.957  -24.123 0.0000000000
24613  -29.124  -59.425  -23.602 0.0000000000
25886  -28.932  -59.006  -23.559 0.0000000000
25864  -28.978  -59.147  -23.299 0.0000000000
24597  -28.985  -59.385  -22.981 0.0000000000
24596  -28.823  -59.142  -22.587 0.0000000000
24583  -28.676  -59.306  -22.064 0.0000000000
24574  -28.494  -59.186  -21.520 0.0000000000
25808  -28.362  -58.960  -21.295 0.0000000000
24564  -28.363  -59.268  -21.127 0.0000000000
24563  -28.174  -59.322  -20.512 0.0000000000
24551  -27.810  -59.450  -19.754 0.0000000000
24539  -27.433  -59.578  -18.947 0.0000000000
25755  -27.460  -58.917  -18.255 0.0000000000
24745  -31.092  -59.564  -31.664 0.0000000000
24751  -31.237  -59.471  -31.992 0.0000000000
24752  -31.545  -59.207  -32.266 0.0000000000
23466  -30.735  -60.056  -31.551 0.0000000000
24738  -31.057  -59.615  -31.113 0.0000000000
23477  -30.901  -59.970  -32.175 0.0000000000
23452  -30.821  -60.033  -30.956 0.0000000000
23441  -30.808  -60.123  -30.257 0.0000000000
23430  -30.721  -60.178  -29.653 0.0000000000
23418  -30.600  -60.160  -29.108 0.0000000000
23417  -30.278  -60.490  -28.613 0.0000000000
23406  -29.980  -60.595  -27.676 0.0000000000
23393  -29.626  -60.826  -26.767 0.0000000000
24660  -29.701  -60.185  -26.069 0.0000000000
23379  -29.470  -60.666  -25.985 0.0000000000
23368  -29.558  -60.421  -25.754 0.0000000000
24646  -29.604  -60.231  -25.599 0.0000000000
23367  -29.375  -60.537  -25.352 0.0000000000
23348  -29.310  -60.215  -24.598 0.0000000000
23331  -29.215  -60.082  -23.833 0.0000000000
23313  -29.099  -59.885  -23.117 0.0000000000
23296  -28.964  -59.754  -22.740 0.0000000000
24584  -28.875  -59.554  -22.535 0.0000000000
23295  -28.726  -60.150  -22.409 0.0000000000
23278  -28.477  -59.678  -21.592 0.0000000000
23266  -28.287  -59.767  -21.013 0.0000000000
23265  -27.939  -60.135  -20.472 0.0000000000
23255  -27.459  -60.199  -19.586 0.0000000000
23243  -27.197  -60.144  -18.992 0.0000000000
24538  -27.115  -59.927  -18.612 0.0000000000
24526  -27.191  -59.533  -18.353 0.0000000000
23242  -26.816  -60.446  -18.637 0.0000000000
24525  -26.895  -59.887  -18.147 0.0000000000
25754  -27.026  -59.318  -17.819 0.0000000000
23229  -26.535  -60.292  -17.943 0.0000000000
24511  -26.635  -59.759  -17.536 0.0000000000
23478  -31.577  -60.040  -32.346 0.0000000000
22204  -30.879  -60.842  -32.382 0.0000000000
23483  -30.367  -60.586  -32.414 0.0000000000
23476  -30.265  -60.384  -31.980 0.0000000000
23475  -29.715  -60.652  -31.878 0.0000000000
23465  -30.150  -60.549  -31.298 0.0000000000
23482  -29.909  -60.686  -32.322 0.0000000000
22202  -29.135  -60.979  -32.197 0.0000000000
22185  -29.473  -60.882  -31.366 0.0000000000
23464  -29.776  -60.701  -31.534 0.0000000000
23481  -29.565  -60.774  -32.279 0.0000000000
22186  -29.861  -60.823  -30.993 0.0000000000
22171  -30.137  -60.769  -30.622 0.0000000000
23451  -30.513  -60.455  -30.653 0.0000000000
23440  -30.482  -60.571  -30.102 0.0000000000
22155  -29.981  -61.003  -29.945 0.0000000000
23429  -30.392  -60.628  -29.440 0.0000000000
22139  -29.894  -61.076  -29.249 0.0000000000
22116  -29.708  -61.156  -28.397 0.0000000000
22093  -29.462  -61.173  -27.594 0.0000000000
22069  -29.292  -61.219  -27.129 0.0000000000
22068  -28.992  -61.333  -26.746 0.0000000000
23392  -29.254  -61.031  -26.237 0.0000000000
22046  -28.847  -61.286  -25.973 0.0000000000
23378  -29.207  -60.953  -25.754 0.0000000000
22022  -28.917  -61.116  -25.274 0.0000000000
21998  -29.068  -60.774  -24.618 0.0000000000
21981  -29.105  -60.478  -24.138 0.0000000000
23330  -29.050  -60.462  -23.787 0.0000000000
23312  -28.982  -60.416  -23.327 0.0000000000
21980  -28.822  -60.818  -23.882 0.0000000000
21964  -28.569  -60.850  -23.083 0.0000000000
21951  -28.317  -60.785  -22.461 0.0000000000
23294  -28.300  -60.573  -22.071 0.0000000000
23277  -28.220  -60.328  -21.488 0.0000000000
21950  -27.847  -60.944  -21.979 0.0000000000
21935  -27.641  -60.816  -21.038 0.0000000000
21921  -27.398  -60.731  -20.202 0.0000000000
21909  -27.160  -60.722  -19.621 0.0000000000
23254  -27.100  -60.506  -19.208 0.0000000000
21908  -26.769  -60.928  -19.255 0.0000000000
21897  -26.456  -60.963  -18.758 0.0000000000
23241  -26.321  -60.798  -18.242 0.0000000000
21896  -25.920  -61.276  -18.615 0.0000000000
21883  -25.835  -60.979  -17.928 0.0000000000
23228  -26.117  -60.572  -17.720 0.0000000000
23216  -26.271  -60.167  -17.454 0.0000000000
21868  -25.831  -60.728  -17.563 0.0000000000
23215  -25.828  -60.385  -17.239 0.0000000000
24510  -26.107  -59.719  -16.935 0.0000000000
20838  -30.672  -61.892  -32.210 0.0000000000
22203  -30.254  -61.264  -32.520 0.0000000000
20839  -31.299  -61.325  -32.117 0.0000000000
22205  -31.667  -60.739  -32.161 0.0000000000
22218  -30.365  -60.904  -32.520 0.0000000000
20837  -29.815  -61.763  -32.589 0.0000000000
20855  -29.826  -61.241  -32.612 0.0000000000
22217  -30.043  -60.936  -32.533 0.0000000000
20836  -28.902  -61.714  -32.616 0.0000000000
22201  -28.301  -61.305  -32.174 0.0000000000
20854  -29.427  -61.296  -32.645 0.0000000000
22216  -29.630  -60.964  -32.496 0.0000000000
22184  -28.557  -61.035  -31.518 0.0000000000
20835  -28.106  -61.962  -32.206 0.0000000000
22200  -27.605  -61.473  -32.259 0.0000000000
22183  -27.693  -61.007  -31.743 0.0000000000
20834  -27.510  -61.881  -32.061 0.0000000000
22199  -27.286  -61.668  -32.173 0.0000000000
22182  -26.961  -61.375  -31.956 0.0000000000
20833  -27.197  -61.821  -32.001 0.0000000000
22170  -29.672  -61.067  -30.636 0.0000000000
22169  -28.927  -61.144  -30.718 0.0000000000
22168  -27.900  -61.019  -30.792 0.0000000000
23450  -27.372  -60.821  -31.299 0.0000000000
23463  -27.192  -60.918  -31.693 0.0000000000
20812  -27.085  -62.099  -31.678 0.0000000000
20811  -26.276  -61.775  -31.691 0.0000000000
22181  -26.240  -61.122  -31.385 0.0000000000
23462  -26.881  -60.879  -31.435 0.0000000000
20810  -25.836  -61.527  -31.557 0.0000000000
22180  -25.623  -61.335  -31.332 0.0000000000
22165  -25.662  -61.178  -30.741 0.0000000000
22166  -26.514  -60.959  -30.592 0.0000000000
23461  -26.687  -60.858  -31.030 0.0000000000
20792  -25.614  -61.931  -31.107 0.0000000000
22154  -29.397  -61.247  -29.954 0.0000000000
22153  -28.575  -61.294  -29.915 0.0000000000
22167  -27.183  -60.981  -30.453 0.0000000000
22152  -27.746  -61.215  -29.840 0.0000000000
23449  -27.133  -60.846  -30.927 0.0000000000
22151  -26.971  -61.134  -29.832 0.0000000000
23448  -26.864  -60.901  -30.751 0.0000000000
22150  -26.181  -61.089  -29.893 0.0000000000
20791  -25.178  -61.512  -30.855 0.0000000000
22164  -25.017  -61.250  -30.466 0.0000000000
22149  -25.410  -61.134  -29.884 0.0000000000
20780  -24.910  -61.932  -30.448 0.0000000000
22148  -24.649  -61.285  -29.860 0.0000000000
22138  -29.157  -61.377  -29.127 0.0000000000
22137  -28.327  -61.441  -28.957 0.0000000000
22136  -27.530  -61.371  -29.027 0.0000000000
22135  -26.687  -61.285  -29.136 0.0000000000
22134  -25.911  -61.213  -29.140 0.0000000000
22133  -25.144  -61.169  -29.114 0.0000000000
20779  -24.184  -61.871  -29.948 0.0000000000
22147  -23.951  -61.339  -29.582 0.0000000000
22132  -24.392  -61.184  -29.035 0.0000000000
22115  -28.885  -61.472  -28.222 0.0000000000
20770  -27.936  -61.463  -28.697 0.0000000000
20752  -28.258  -61.524  -28.260 0.0000000000
22114  -28.498  -61.483  -28.484 0.0000000000
22113  -27.133  -61.455  -28.453 0.0000000000
20751  -27.701  -61.476  -28.492 0.0000000000
20769  -27.709  -61.417  -28.748 0.0000000000
22112  -26.408  -61.424  -28.422 0.0000000000
22111  -25.657  -61.307  -28.357 0.0000000000
22110  -24.893  -61.227  -28.352 0.0000000000
22131  -23.628  -61.354  -28.873 0.0000000000
22109  -24.198  -61.264  -28.310 0.0000000000
20753  -28.597  -61.530  -27.942 0.0000000000
20730  -28.755  -61.519  -27.765 0.0000000000
22092  -28.969  -61.432  -27.444 0.0000000000
22090  -26.859  -61.561  -27.895 0.0000000000
20728  -27.596  -61.622  -27.731 0.0000000000
22089  -26.221  -61.639  -27.527 0.0000000000
22088  -25.354  -61.459  -27.623 0.0000000000
22087  -24.634  -61.379  -27.697 0.0000000000
22108  -23.671  -61.398  -28.167 0.0000000000
22086  -24.059  -61.422  -27.733 0.0000000000
22107  -23.335  -61.537  -27.971 0.0000000000
22085  -23.644  -61.531  -27.699 0.0000000000
22130  -23.249  -61.510  -28.405 0.0000000000
20729  -28.455  -61.583  -27.524 0.0000000000
22091  -28.769  -61.527  -27.157 0.0000000000
22067  -28.546  -61.560  -26.948 0.0000000000
20727  -26.936  -61.720  -27.369 0.0000000000
22066  -26.204  -61.807  -26.923 0.0000000000
20704  -26.646  -61.845  -26.790 0.0000000000
22065  -25.744  -61.752  -26.795 0.0000000000
22064  -24.973  -61.621  -27.055 0.0000000000
22063  -24.337  -61.587  -27.177 0.0000000000
22062  -23.906  -61.565  -27.382 0.0000000000
20726  -23.666  -61.634  -27.390 0.0000000000
22084  -23.406  -61.589  -27.741 0.0000000000
20725  -23.286  -61.696  -27.536 0.0000000000
22045  -28.402  -61.541  -26.393 0.0000000000
20706  -28.035  -61.693  -26.958 0.0000000000
20703  -26.221  -61.870  -26.569 0.0000000000
22043  -25.829  -61.778  -25.992 0.0000000000
20678  -26.059  -61.860  -26.333 0.0000000000
22042  -25.120  -61.781  -26.322 0.0000000000
22041  -24.636  -61.728  -26.705 0.0000000000
20702  -24.306  -61.744  -26.757 0.0000000000
20701  -23.814  -61.748  -26.933 0.0000000000
22021  -28.153  -61.553  -25.485 0.0000000000
20681  -27.769  -61.752  -26.281 0.0000000000
20679  -26.470  -61.814  -26.009 0.0000000000
22044  -26.195  -61.718  -25.636 0.0000000000
22017  -25.308  -61.770  -25.620 0.0000000000
22018  -25.894  -61.674  -25.272 0.0000000000
20677  -24.904  -61.822  -25.884 0.0000000000
20676  -24.397  -61.844  -26.193 0.0000000000
21997  -28.499  -61.193  -24.580 0.0000000000
20658  -27.467  -61.768  -25.767 0.0000000000
22020  -27.320  -61.684  -25.209 0.0000000000
21996  -27.740  -61.476  -24.531 0.0000000000
20657  -26.934  -61.767  -25.685 0.0000000000
22019  -26.579  -61.668  -25.286 0.0000000000
21995  -27.005  -61.577  -24.578 0.0000000000
20656  -26.660  -61.742  -25.654 0.0000000000
21994  -26.140  -61.585  -24.250 0.0000000000
21993  -25.307  -61.734  -24.854 0.0000000000
20655  -24.751  -61.855  -25.405 0.0000000000
21979  -28.166  -61.232  -23.749 0.0000000000
21978  -27.222  -61.426  -23.636 0.0000000000
20641  -25.243  -61.794  -24.077 0.0000000000
20621  -25.538  -61.799  -23.292 0.0000000000
21977  -26.364  -61.512  -23.000 0.0000000000
20640  -24.515  -61.981  -24.506 0.0000000000
21963  -27.921  -61.179  -22.879 0.0000000000
21962  -27.169  -61.336  -22.495 0.0000000000
20601  -25.734  -61.776  -22.335 0.0000000000
21961  -26.435  -61.445  -21.984 0.0000000000
21949  -27.145  -61.295  -21.530 0.0000000000
20587  -25.844  -61.723  -21.440 0.0000000000
21948  -26.469  -61.444  -21.095 0.0000000000
21934  -27.029  -61.173  -20.676 0.0000000000
20576  -25.923  -61.700  -20.628 0.0000000000
21933  -26.462  -61.413  -20.308 0.0000000000
21920  -26.898  -61.083  -19.938 0.0000000000
20564  -25.972  -61.639  -19.898 0.0000000000
21919  -26.409  -61.311  -19.626 0.0000000000
20552  -25.984  -61.509  -19.266 0.0000000000
21907  -26.316  -61.209  -19.102 0.0000000000
20537  -25.650  -61.647  -18.941 0.0000000000
21895  -25.504  -61.568  -18.614 0.0000000000
21882  -25.223  -61.414  -18.098 0.0000000000
20536  -25.183  -61.852  -18.836 0.0000000000
21867  -25.465  -60.885  -17.436 0.0000000000
20815  -31.033  -62.283  -31.844 0.0000000000
19498  -30.587  -62.741  -31.722 0.0000000000
19519  -30.480  -62.362  -32.104 0.0000000000
19518  -30.130  -62.347  -32.197 0.0000000000
20816  -31.450  -61.895  -31.781 0.0000000000
19517  -29.393  -62.337  -32.310 0.0000000000
19516  -28.718  -62.281  -32.202 0.0000000000
19495  -28.229  -62.482  -31.801 0.0000000000
20814  -28.025  -62.214  -31.991 0.0000000000
20813  -27.759  -62.189  -31.887 0.0000000000
19499  -31.386  -62.507  -31.515 0.0000000000
19494  -27.620  -62.511  -31.495 0.0000000000
19493  -27.170  -62.521  -31.286 0.0000000000
20794  -26.877  -62.409  -31.294 0.0000000000
20793  -26.457  -62.259  -31.264 0.0000000000
19469  -26.820  -62.733  -30.915 0.0000000000
19468  -26.120  -62.591  -30.854 0.0000000000
19467  -25.609  -62.534  -30.708 0.0000000000
20781  -25.326  -62.297  -30.651 0.0000000000
20705  -27.355  -61.791  -26.893 0.0000000000
20680  -27.112  -61.865  -26.229 0.0000000000
20700  -23.013  -61.913  -26.858 0.0000000000
20675  -23.537  -61.960  -26.147 0.0000000000
20654  -24.018  -62.011  -25.380 0.0000000000
20674  -22.717  -62.073  -26.116 0.0000000000
20653  -23.203  -62.105  -25.391 0.0000000000
20639  -23.613  -62.181  -24.623 0.0000000000
20620  -24.725  -62.042  -23.491 0.0000000000
20619  -23.911  -62.385  -23.717 0.0000000000
20600  -24.976  -62.053  -22.583 0.0000000000
20599  -24.180  -62.404  -22.779 0.0000000000
20586  -25.166  -61.984  -21.704 0.0000000000
20585  -24.473  -62.283  -21.884 0.0000000000
20575  -25.304  -61.921  -20.889 0.0000000000
20574  -24.669  -62.175  -21.080 0.0000000000
20563  -25.421  -61.902  -20.129 0.0000000000
20562  -24.834  -62.119  -20.344 0.0000000000
20551  -25.548  -61.833  -19.434 0.0000000000
20550  -24.920  -62.099  -19.573 0.0000000000
19497  -29.791  -62.752  -31.858 0.0000000000
19496  -29.035  -62.745  -31.781 0.0000000000
19474  -31.291  -63.106  -31.201 0.0000000000
19475  -32.178  -62.721  -31.073 0.0000000000
19500  -31.795  -62.232  -31.450 0.0000000000
19473  -30.751  -63.238  -31.198 0.0000000000
18089  -30.154  -63.363  -30.992 0.0000000000
18114  -30.028  -63.026  -31.519 0.0000000000
18113  -29.554  -63.100  -31.398 0.0000000000
18112  -29.005  -63.097  -31.255 0.0000000000
19472  -28.573  -62.913  -31.392 0.0000000000
19471  -28.043  -62.882  -31.212 0.0000000000
19470  -27.455  -62.828  -31.019 0.0000000000
18090  -30.941  -63.496  -30.702 0.0000000000
18091  -31.761  -63.530  -30.604 0.0000000000
18087  -28.543  -63.251  -30.828 0.0000000000
18086  -27.827  -63.202  -30.666 0.0000000000
18085  -27.215  -63.129  -30.572 0.0000000000
18088  -29.295  -63.366  -30.817 0.0000000000
18065  -32.036  -63.603  -29.787 0.0000000000
18064  -31.228  -63.596  -29.933 0.0000000000
18092  -32.798  -63.670  -30.406 0.0000000000
18063  -30.426  -63.592  -30.069 0.0000000000
18062  -29.627  -63.556  -30.147 0.0000000000
18061  -28.864  -63.572  -30.183 0.0000000000
18060  -28.164  -63.549  -30.196 0.0000000000
18059  -27.504  -63.513  -30.171 0.0000000000
18041  -32.220  -63.439  -29.053 0.0000000000
18040  -31.481  -63.406  -29.171 0.0000000000
18066  -32.724  -63.695  -29.514 0.0000000000
18039  -30.695  -63.461  -29.245 0.0000000000
18038  -29.890  -63.552  -29.341 0.0000000000
18037  -29.103  -63.650  -29.439 0.0000000000
18036  -28.415  -63.756  -29.584 0.0000000000
18035  -27.805  -63.810  -29.680 0.0000000000
18014  -32.390  -63.185  -28.388 0.0000000000
18013  -31.717  -63.146  -28.561 0.0000000000
18042  -32.959  -63.552  -28.839 0.0000000000
18012  -30.971  -63.124  -28.417 0.0000000000
18011  -30.141  -63.319  -28.545 0.0000000000
18010  -29.314  -63.546  -28.600 0.0000000000
18009  -28.481  -63.840  -28.772 0.0000000000
16676  -28.031  -63.956  -29.207 0.0000000000
19422  -31.814  -62.947  -28.010 0.0000000000
19423  -32.419  -62.943  -27.720 0.0000000000
18015  -33.165  -63.284  -28.009 0.0000000000
19421  -31.412  -63.011  -28.190 0.0000000000
17987  -30.812  -63.001  -27.923 0.0000000000
17986  -30.396  -63.068  -27.825 0.0000000000
19396  -31.159  -62.927  -27.722 0.0000000000
17985  -29.614  -63.333  -27.786 0.0000000000
19395  -30.742  -62.969  -27.686 0.0000000000
18016  -34.093  -63.763  -27.910 0.0000000000
17988  -33.582  -63.260  -27.071 0.0000000000
19424  -32.915  -62.971  -27.367 0.0000000000
18043  -33.631  -63.704  -28.574 0.0000000000
18067  -33.651  -63.853  -29.459 0.0000000000
19375  -30.623  -62.944  -27.258 0.0000000000
19376  -31.160  -62.854  -26.877 0.0000000000
19397  -31.790  -62.820  -27.343 0.0000000000
19377  -31.832  -62.766  -26.596 0.0000000000
19398  -32.393  -62.816  -27.063 0.0000000000
19378  -32.490  -62.779  -26.418 0.0000000000
19399  -32.915  -62.897  -26.863 0.0000000000
19379  -33.128  -62.936  -26.340 0.0000000000
17963  -33.705  -63.236  -26.176 0.0000000000
19358  -33.285  -62.980  -25.701 0.0000000000
19357  -32.692  -62.772  -25.766 0.0000000000
19356  -31.987  -62.722  -25.844 0.0000000000
19355  -31.218  -62.815  -25.998 0.0000000000
17939  -33.731  -63.244  -25.535 0.0000000000
19339  -33.405  -63.073  -25.226 0.0000000000
19338  -32.949  -62.882  -25.155 0.0000000000
17914  -33.674  -63.254  -25.077 0.0000000000
19315  -33.337  -63.136  -24.675 0.0000000000
17964  -34.233  -63.583  -26.558 0.0000000000
17989  -34.337  -63.713  -27.243 0.0000000000
17940  -34.181  -63.566  -25.830 0.0000000000
17941  -34.730  -63.947  -26.151 0.0000000000
17965  -34.703  -63.983  -26.840 0.0000000000
16605  -35.053  -64.243  -26.149 0.0000000000
16587  -35.078  -64.235  -25.777 0.0000000000
17916  -34.632  -63.875  -25.350 0.0000000000
16624  -35.086  -64.305  -26.538 0.0000000000
17915  -34.039  -63.511  -25.205 0.0000000000
16569  -35.162  -64.224  -25.245 0.0000000000
17889  -34.954  -63.995  -24.570 0.0000000000
17888  -34.236  -63.684  -24.669 0.0000000000
17887  -33.808  -63.398  -24.764 0.0000000000
16570  -35.674  -64.209  -24.974 0.0000000000
17890  -35.720  -63.906  -24.268 0.0000000000
17869  -35.078  -63.759  -23.680 0.0000000000
17868  -34.345  -63.689  -23.919 0.0000000000
17867  -33.734  -63.452  -24.208 0.0000000000
17852  -35.193  -63.441  -22.867 0.0000000000
17851  -34.455  -63.572  -23.064 0.0000000000
17870  -35.829  -63.546  -23.500 0.0000000000
17836  -35.222  -62.985  -22.086 0.0000000000
17835  -34.641  -63.341  -22.354 0.0000000000
17853  -35.884  -63.066  -22.669 0.0000000000
17819  -35.096  -62.865  -21.314 0.0000000000
17818  -34.522  -63.218  -21.489 0.0000000000
19205  -35.512  -62.694  -21.598 0.0000000000
19233  -35.565  -62.825  -21.988 0.0000000000
17837  -35.645  -62.899  -22.212 0.0000000000
17801  -34.968  -63.033  -20.533 0.0000000000
19178  -35.475  -62.654  -20.847 0.0000000000
17769  -34.846  -63.686  -19.871 0.0000000000
17800  -34.261  -63.474  -20.598 0.0000000000
17770  -35.642  -63.199  -19.627 0.0000000000
17802  -35.479  -62.779  -20.268 0.0000000000
16471  -35.558  -64.242  -19.338 0.0000000000
16472  -36.523  -64.052  -19.168 0.0000000000
17771  -36.381  -63.228  -19.259 0.0000000000
19152  -36.151  -62.844  -19.570 0.0000000000
19179  -36.015  -62.404  -20.164 0.0000000000
16606  -35.412  -64.472  -26.169 0.0000000000
16625  -35.622  -64.728  -26.770 0.0000000000
16641  -35.041  -64.370  -27.151 0.0000000000
16588  -35.600  -64.440  -25.617 0.0000000000
16607  -36.051  -64.807  -26.168 0.0000000000
16589  -36.270  -64.444  -25.417 0.0000000000
16571  -36.353  -64.060  -24.766 0.0000000000
15256  -36.316  -65.007  -19.318 0.0000000000
15257  -37.148  -64.956  -19.533 0.0000000000
16473  -37.344  -64.299  -19.338 0.0000000000
16443  -36.771  -63.531  -19.118 0.0000000000
16444  -37.162  -63.808  -19.175 0.0000000000
15255  -35.483  -65.159  -19.297 0.0000000000
16470  -34.760  -64.470  -19.520 0.0000000000
17740  -37.098  -63.363  -19.087 0.0000000000
16445  -37.538  -63.978  -19.253 0.0000000000
17741  -37.708  -63.591  -19.130 0.0000000000
17739  -36.741  -63.167  -19.131 0.0000000000
14064  -36.840  -65.529  -19.719 0.0000000000
14087  -37.518  -65.688  -20.153 0.0000000000
15280  -37.625  -65.148  -19.810 0.0000000000
15258  -37.747  -64.743  -19.615 0.0000000000
14063  -36.251  -65.876  -19.632 0.0000000000
12928  -37.205  -66.290  -20.445 0.0000000000
14086  -36.901  -66.013  -20.057 0.0000000000
14107  -37.521  -66.251  -20.611 0.0000000000
14108  -37.946  -66.176  -20.749 0.0000000000
14088  -38.343  -65.600  -20.412 0.0000000000
15281  -38.063  -65.164  -19.953 0.0000000000
12927  -36.637  -66.608  -20.339 0.0000000000
12948  -37.334  -66.758  -21.074 0.0000000000
11829  -36.395  -67.176  -20.673 0.0000000000
12926  -36.038  -66.978  -20.199 0.0000000000
12947  -36.767  -67.017  -20.902 0.0000000000
12907  -35.955  -66.488  -19.832 0.0000000000
11850  -36.652  -67.518  -21.384 0.0000000000
11851  -37.214  -67.169  -21.507 0.0000000000
12972  -37.425  -67.043  -21.553 0.0000000000
12973  -37.707  -66.965  -21.564 0.0000000000
12949  -38.213  -66.685  -21.251 0.0000000000
12950  -39.029  -66.582  -20.900 0.0000000000
11852  -38.479  -67.390  -21.122 0.0000000000
11873  -38.050  -67.212  -21.642 0.0000000000
14109  -38.664  -66.057  -20.851 0.0000000000
11872  -37.437  -67.433  -21.789 0.0000000000
14089  -39.086  -65.537  -20.480 0.0000000000
15282  -38.739  -65.082  -20.054 0.0000000000
14110  -39.235  -66.030  -20.701 0.0000000000
14090  -39.771  -65.864  -20.279 0.0000000000
15283  -39.574  -64.927  -19.993 0.0000000000
12951  -39.385  -66.217  -20.616 0.0000000000
16474  -37.941  -64.197  -19.361 0.0000000000
15259  -38.352  -64.670  -19.674 0.0000000000
16475  -38.639  -64.171  -19.352 0.0000000000
15260  -38.949  -64.633  -19.712 0.0000000000
16476  -39.390  -64.305  -19.467 0.0000000000
15284  -40.291  -65.245  -19.842 0.0000000000
16498  -39.860  -64.453  -19.698 0.0000000000
16499  -40.296  -64.606  -19.785 0.0000000000
17772  -38.252  -63.889  -19.187 0.0000000000
16446  -38.709  -63.884  -19.135 0.0000000000
16447  -38.987  -63.893  -19.108 0.0000000000
17773  -38.499  -63.883  -19.158 0.0000000000
16448  -39.524  -63.876  -19.083 0.0000000000
16477  -40.090  -64.140  -19.324 0.0000000000
17891  -36.439  -63.663  -24.173 0.0000000000
16590  -37.184  -64.155  -25.162 0.0000000000
16572  -36.832  -63.858  -24.614 0.0000000000
17892  -37.346  -63.474  -24.362 0.0000000000
16608  -36.760  -64.745  -25.897 0.0000000000
17917  -37.464  -63.814  -24.849 0.0000000000
16609  -37.571  -64.711  -26.077 0.0000000000
16591  -38.145  -64.249  -25.539 0.0000000000
17918  -37.862  -63.803  -24.982 0.0000000000
19134  -36.946  -63.045  -19.143 0.0000000000
19153  -36.707  -62.703  -19.438 0.0000000000
19135  -37.283  -62.999  -19.112 0.0000000000
19136  -37.922  -62.877  -18.991 0.0000000000
17742  -38.478  -63.555  -18.991 0.0000000000
17743  -39.161  -63.423  -18.826 0.0000000000
19137  -38.642  -62.841  -18.787 0.0000000000
17744  -39.949  -63.523  -18.788 0.0000000000
19138  -39.432  -62.696  -18.561 0.0000000000
17774  -40.548  -63.875  -19.012 0.0000000000
19139  -40.200  -62.929  -18.402 0.0000000000
17745  -40.661  -63.467  -18.633 0.0000000000
19234  -35.910  -62.729  -22.057 0.0000000000
19261  -35.915  -62.931  -22.433 0.0000000000
17871  -36.599  -63.158  -23.465 0.0000000000
17854  -36.332  -63.025  -22.951 0.0000000000
19262  -36.329  -62.757  -22.476 0.0000000000
19289  -36.700  -62.808  -22.929 0.0000000000
17872  -37.163  -63.079  -23.731 0.0000000000
19290  -37.213  -62.784  -23.240 0.0000000000
19316  -37.535  -62.975  -23.769 0.0000000000
17893  -38.355  -63.405  -24.612 0.0000000000
19317  -38.110  -63.016  -23.996 0.0000000000
17919  -38.687  -63.838  -25.168 0.0000000000
17894  -39.209  -63.459  -24.740 0.0000000000
19318  -38.914  -63.019  -24.176 0.0000000000
17990  -34.673  -64.057  -27.360 0.0000000000
18017  -34.480  -63.943  -27.617 0.0000000000
19154  -37.393  -62.489  -19.295 0.0000000000
19155  -37.855  -62.302  -19.173 0.0000000000
20538  -38.247  -62.372  -18.961 0.0000000000
20539  -38.759  -62.091  -18.898 0.0000000000
19119  -39.621  -62.307  -18.497 0.0000000000
19120  -39.895  -62.384  -18.351 0.0000000000
20540  -39.458  -61.992  -18.645 0.0000000000
19140  -40.875  -62.958  -18.263 0.0000000000
19121  -40.448  -62.407  -18.146 0.0000000000
19180  -36.593  -62.242  -19.888 0.0000000000
20553  -37.069  -62.143  -19.736 0.0000000000
20554  -37.637  -62.027  -19.538 0.0000000000
20555  -38.217  -61.880  -19.336 0.0000000000
19206  -35.981  -62.349  -21.235 0.0000000000
20566  -36.746  -61.974  -20.401 0.0000000000
20565  -36.285  -62.133  -20.830 0.0000000000
20577  -36.273  -62.183  -21.135 0.0000000000
19235  -36.493  -62.283  -21.841 0.0000000000
19207  -36.322  -62.200  -21.365 0.0000000000
20578  -36.663  -62.021  -21.270 0.0000000000
20588  -36.852  -62.081  -21.741 0.0000000000
19263  -37.069  -62.363  -22.451 0.0000000000
19236  -37.020  -62.110  -21.939 0.0000000000
20589  -37.254  -61.971  -21.848 0.0000000000
20602  -37.352  -62.152  -22.260 0.0000000000
19264  -37.559  -62.462  -22.901 0.0000000000
20603  -37.751  -62.103  -22.442 0.0000000000
19291  -37.885  -62.637  -23.365 0.0000000000
20622  -37.868  -62.358  -22.951 0.0000000000
19292  -38.618  -62.600  -23.579 0.0000000000
20623  -38.288  -62.236  -23.011 0.0000000000
19293  -39.432  -62.588  -23.717 0.0000000000
20624  -39.073  -62.112  -23.090 0.0000000000
19319  -39.723  -63.019  -24.319 0.0000000000
19294  -40.255  -62.601  -23.873 0.0000000000
20625  -39.975  -62.113  -23.211 0.0000000000
20556  -38.549  -61.829  -19.165 0.0000000000
21898  -39.056  -61.771  -18.916 0.0000000000
21911  -38.708  -61.557  -19.303 0.0000000000
20522  -39.769  -62.112  -18.466 0.0000000000
20523  -40.028  -61.858  -18.375 0.0000000000
20541  -39.691  -61.634  -18.649 0.0000000000
21899  -39.365  -61.520  -18.920 0.0000000000
21900  -39.980  -61.253  -18.793 0.0000000000
20567  -37.526  -61.713  -20.087 0.0000000000
20568  -37.862  -61.759  -19.704 0.0000000000
21910  -38.338  -61.629  -19.506 0.0000000000
21923  -38.118  -61.480  -19.886 0.0000000000
20579  -37.355  -61.611  -20.947 0.0000000000
21922  -37.808  -61.541  -20.139 0.0000000000
21936  -37.807  -61.463  -20.442 0.0000000000
20590  -38.046  -61.479  -21.586 0.0000000000
20580  -37.854  -61.398  -20.922 0.0000000000
21937  -38.306  -61.239  -20.690 0.0000000000
21952  -38.693  -61.200  -21.246 0.0000000000
20604  -38.594  -61.772  -22.418 0.0000000000
20591  -38.904  -61.328  -21.832 0.0000000000
21953  -39.252  -61.064  -21.367 0.0000000000
20605  -39.559  -61.497  -22.410 0.0000000000
20592  -39.386  -61.208  -21.828 0.0000000000
21954  -39.867  -61.016  -21.660 0.0000000000
21965  -40.292  -61.187  -22.194 0.0000000000
20606  -40.486  -61.554  -22.787 0.0000000000
21912  -39.441  -61.119  -19.437 0.0000000000
21884  -40.461  -61.409  -18.350 0.0000000000
21901  -40.630  -61.018  -18.600 0.0000000000
21913  -40.009  -60.902  -19.286 0.0000000000
23244  -40.379  -60.834  -18.997 0.0000000000
21885  -41.064  -61.260  -18.212 0.0000000000
23230  -41.008  -60.882  -18.493 0.0000000000
23245  -40.941  -60.579  -18.881 0.0000000000
21924  -38.816  -61.154  -20.016 0.0000000000
21925  -39.471  -60.884  -20.152 0.0000000000
23256  -39.874  -60.816  -19.717 0.0000000000
23257  -40.427  -60.583  -19.542 0.0000000000
21938  -39.022  -61.007  -20.724 0.0000000000
23267  -40.065  -60.650  -20.194 0.0000000000
21939  -39.726  -60.790  -20.861 0.0000000000
23279  -40.307  -60.589  -20.688 0.0000000000
21940  -40.268  -60.707  -21.186 0.0000000000
21955  -40.662  -60.785  -21.717 0.0000000000
23280  -40.849  -60.453  -20.976 0.0000000000
23231  -41.443  -60.760  -18.395 0.0000000000
23258  -41.200  -60.198  -19.588 0.0000000000
23268  -40.681  -60.395  -20.228 0.0000000000
20524  -40.740  -61.848  -18.094 0.0000000000
10784  -37.928  -67.703  -21.636 0.0000000000
10783  -37.391  -68.295  -21.809 0.0000000000
11871  -37.023  -67.860  -21.918 0.0000000000
10782  -36.545  -68.343  -22.023 0.0000000000
11830  -38.425  -67.586  -20.429 0.0000000000
10735  -38.001  -68.060  -20.693 0.0000000000
10760  -37.975  -68.056  -21.340 0.0000000000
11831  -38.812  -67.240  -20.617 0.0000000000
11853  -38.920  -66.943  -20.819 0.0000000000
10759  -37.608  -68.489  -21.118 0.0000000000
9714  -37.130  -69.111  -21.465 0.0000000000
9736  -36.813  -69.099  -22.173 0.0000000000
