#!ascii label  , from subject  vox2ras=TkReg
314
22141  -35.867  -61.628  -28.960 0.0000000000
22142  -36.218  -61.859  -28.786 0.0000000000
20771  -36.196  -61.967  -29.017 0.0000000000
20783  -35.979  -62.093  -29.440 0.0000000000
22157  -35.689  -61.691  -29.431 0.0000000000
22140  -35.351  -61.049  -28.729 0.0000000000
22118  -35.759  -61.457  -28.241 0.0000000000
22119  -36.281  -61.838  -28.373 0.0000000000
22156  -35.303  -61.266  -29.565 0.0000000000
20772  -36.489  -62.073  -28.754 0.0000000000
20782  -35.575  -61.820  -29.721 0.0000000000
20798  -35.156  -61.935  -30.126 0.0000000000
22175  -34.675  -61.226  -30.220 0.0000000000
23431  -34.907  -60.577  -29.157 0.0000000000
23442  -34.741  -60.551  -29.870 0.0000000000
20797  -34.409  -61.949  -30.445 0.0000000000
22174  -34.003  -61.238  -30.660 0.0000000000
23455  -34.283  -60.463  -30.480 0.0000000000
23420  -34.809  -60.521  -28.418 0.0000000000
24705  -34.633  -60.205  -28.891 0.0000000000
24718  -34.511  -59.950  -29.425 0.0000000000
24732  -34.412  -59.991  -30.198 0.0000000000
23454  -33.660  -60.525  -31.037 0.0000000000
24741  -34.287  -60.043  -30.502 0.0000000000
24740  -34.087  -59.691  -30.785 0.0000000000
24704  -34.257  -59.814  -28.544 0.0000000000
24717  -34.078  -59.364  -29.285 0.0000000000
24731  -34.184  -59.378  -29.983 0.0000000000
26022  -33.715  -58.639  -29.668 0.0000000000
26030  -34.003  -58.773  -30.494 0.0000000000
23469  -33.579  -59.897  -31.337 0.0000000000
24748  -33.743  -59.391  -31.403 0.0000000000
26036  -33.916  -58.809  -31.259 0.0000000000
24747  -33.265  -59.514  -31.744 0.0000000000
26035  -33.618  -59.009  -31.687 0.0000000000
26009  -33.769  -59.012  -28.759 0.0000000000
26021  -33.322  -58.170  -29.498 0.0000000000
26008  -33.297  -58.367  -28.967 0.0000000000
27304  -33.326  -57.846  -29.973 0.0000000000
27305  -33.695  -58.219  -30.324 0.0000000000
27311  -33.787  -58.118  -30.935 0.0000000000
26041  -33.286  -58.748  -32.140 0.0000000000
26042  -33.709  -58.572  -31.753 0.0000000000
27313  -33.806  -58.171  -31.536 0.0000000000
24754  -32.796  -59.419  -32.173 0.0000000000
26040  -32.749  -58.884  -32.473 0.0000000000
26045  -32.993  -58.464  -32.638 0.0000000000
27317  -33.702  -58.119  -32.021 0.0000000000
27316  -33.345  -58.008  -32.487 0.0000000000
26044  -32.459  -58.526  -32.744 0.0000000000
27320  -32.871  -57.962  -32.899 0.0000000000
27293  -33.038  -57.769  -29.318 0.0000000000
28605  -32.811  -57.142  -29.829 0.0000000000
27310  -33.551  -57.763  -30.541 0.0000000000
28610  -33.192  -57.188  -30.552 0.0000000000
28611  -33.571  -57.532  -30.947 0.0000000000
28615  -33.718  -57.650  -31.431 0.0000000000
28619  -33.762  -57.811  -31.777 0.0000000000
28618  -33.662  -57.342  -32.100 0.0000000000
28621  -33.207  -57.358  -32.807 0.0000000000
27319  -32.262  -57.877  -32.862 0.0000000000
28620  -32.691  -57.366  -32.998 0.0000000000
28593  -32.662  -57.283  -29.157 0.0000000000
28604  -32.512  -56.883  -29.506 0.0000000000
29929  -32.207  -56.280  -29.908 0.0000000000
29930  -32.745  -56.739  -30.322 0.0000000000
29938  -32.797  -56.343  -30.941 0.0000000000
28614  -33.440  -57.028  -31.298 0.0000000000
29944  -33.254  -56.385  -31.906 0.0000000000
29947  -33.256  -56.772  -32.603 0.0000000000
28617  -32.208  -57.208  -32.747 0.0000000000
29946  -32.695  -56.718  -32.895 0.0000000000
29948  -32.929  -57.100  -32.975 0.0000000000
29949  -33.078  -56.943  -32.880 0.0000000000
29916  -31.871  -56.525  -28.895 0.0000000000
28592  -32.319  -56.858  -29.114 0.0000000000
29928  -31.588  -55.840  -29.724 0.0000000000
29915  -31.527  -56.030  -29.222 0.0000000000
31329  -31.401  -55.584  -30.226 0.0000000000
31330  -31.946  -55.689  -30.617 0.0000000000
29937  -32.323  -55.931  -30.682 0.0000000000
31338  -32.170  -55.695  -31.261 0.0000000000
31339  -32.717  -55.887  -31.657 0.0000000000
31346  -32.809  -55.895  -32.196 0.0000000000
31349  -32.981  -56.260  -32.535 0.0000000000
29945  -32.067  -56.614  -32.515 0.0000000000
31348  -32.434  -56.139  -32.493 0.0000000000
31316  -31.091  -55.670  -29.559 0.0000000000
31328  -30.583  -55.505  -30.041 0.0000000000
31336  -30.699  -55.500  -30.738 0.0000000000
31337  -31.409  -55.564  -31.033 0.0000000000
31335  -30.009  -55.531  -30.496 0.0000000000
31342  -30.075  -55.736  -31.047 0.0000000000
31343  -30.750  -55.818  -31.331 0.0000000000
31344  -31.489  -55.853  -31.761 0.0000000000
31345  -32.244  -55.706  -32.029 0.0000000000
29941  -30.162  -56.271  -31.234 0.0000000000
29940  -29.458  -56.070  -31.220 0.0000000000
31341  -29.512  -55.730  -30.816 0.0000000000
29942  -30.893  -56.551  -31.527 0.0000000000
29943  -31.540  -56.547  -32.082 0.0000000000
31347  -31.904  -56.098  -32.267 0.0000000000
29939  -29.150  -55.876  -30.966 0.0000000000
31340  -29.066  -55.767  -30.710 0.0000000000
31334  -29.360  -55.592  -30.352 0.0000000000
29933  -28.849  -56.266  -30.738 0.0000000000
31333  -28.624  -55.659  -30.432 0.0000000000
31327  -29.852  -55.533  -29.850 0.0000000000
31326  -29.092  -55.417  -29.762 0.0000000000
29932  -28.007  -56.210  -30.578 0.0000000000
31332  -27.838  -55.700  -30.396 0.0000000000
31325  -28.272  -55.348  -29.837 0.0000000000
29931  -27.472  -56.103  -30.605 0.0000000000
31331  -27.246  -55.871  -30.383 0.0000000000
31324  -27.475  -55.478  -29.968 0.0000000000
31315  -30.401  -55.544  -29.320 0.0000000000
31314  -29.630  -55.440  -29.107 0.0000000000
31313  -28.761  -55.125  -28.923 0.0000000000
31312  -27.823  -55.154  -29.319 0.0000000000
31323  -26.690  -55.774  -30.094 0.0000000000
31311  -27.017  -55.263  -29.508 0.0000000000
31300  -30.934  -55.754  -28.815 0.0000000000
28616  -31.775  -57.156  -32.334 0.0000000000
28613  -31.388  -57.201  -31.736 0.0000000000
28612  -30.989  -57.101  -31.341 0.0000000000
29936  -30.754  -56.948  -31.203 0.0000000000
29935  -30.420  -56.804  -30.973 0.0000000000
29934  -29.674  -56.656  -30.609 0.0000000000
28608  -30.802  -57.363  -30.855 0.0000000000
28607  -30.195  -57.213  -30.444 0.0000000000
28606  -29.733  -57.155  -30.173 0.0000000000
29927  -29.440  -56.983  -30.202 0.0000000000
29926  -29.034  -56.829  -30.195 0.0000000000
29925  -28.258  -56.712  -30.154 0.0000000000
29902  -31.816  -56.634  -28.113 0.0000000000
28576  -32.171  -56.941  -28.487 0.0000000000
29901  -31.414  -56.166  -28.401 0.0000000000
27315  -31.916  -57.614  -32.590 0.0000000000
27314  -31.701  -57.842  -32.152 0.0000000000
27312  -31.456  -57.909  -31.517 0.0000000000
28609  -31.201  -57.473  -31.269 0.0000000000
28577  -32.484  -57.234  -28.688 0.0000000000
27277  -32.832  -57.782  -28.433 0.0000000000
26043  -32.013  -58.427  -32.780 0.0000000000
27318  -31.897  -58.044  -32.597 0.0000000000
26039  -31.794  -58.484  -32.394 0.0000000000
26034  -31.590  -58.526  -31.873 0.0000000000
24753  -32.185  -59.262  -32.532 0.0000000000
24756  -32.127  -58.765  -32.714 0.0000000000
24755  -31.880  -58.841  -32.641 0.0000000000
24752  -31.545  -59.207  -32.266 0.0000000000
25994  -33.817  -59.303  -28.051 0.0000000000
25993  -33.344  -58.660  -28.023 0.0000000000
23480  -32.844  -59.859  -31.885 0.0000000000
23479  -32.359  -60.205  -32.044 0.0000000000
23478  -31.577  -60.040  -32.346 0.0000000000
23468  -32.986  -60.330  -31.559 0.0000000000
24693  -34.079  -59.834  -27.535 0.0000000000
23419  -34.469  -60.253  -27.914 0.0000000000
23467  -32.591  -60.465  -31.755 0.0000000000
22188  -32.452  -60.873  -31.647 0.0000000000
22206  -32.069  -60.759  -31.947 0.0000000000
22205  -31.667  -60.739  -32.161 0.0000000000
23453  -33.228  -60.761  -31.249 0.0000000000
22189  -32.940  -60.917  -31.349 0.0000000000
22173  -33.297  -61.256  -31.029 0.0000000000
23408  -34.820  -60.681  -27.659 0.0000000000
22117  -35.248  -61.071  -27.987 0.0000000000
22187  -31.841  -61.223  -31.857 0.0000000000
22172  -32.734  -61.355  -31.265 0.0000000000
20817  -32.196  -61.771  -31.462 0.0000000000
20816  -31.450  -61.895  -31.781 0.0000000000
20839  -31.299  -61.325  -32.117 0.0000000000
20796  -33.668  -61.997  -30.750 0.0000000000
20795  -32.878  -61.987  -31.023 0.0000000000
22096  -36.098  -61.721  -27.839 0.0000000000
20732  -36.678  -61.993  -27.642 0.0000000000
20754  -36.834  -62.196  -28.342 0.0000000000
22095  -35.700  -61.466  -27.526 0.0000000000
22094  -35.195  -61.107  -27.296 0.0000000000
20731  -36.130  -61.763  -27.382 0.0000000000
19475  -32.178  -62.721  -31.073 0.0000000000
19500  -31.795  -62.232  -31.450 0.0000000000
19478  -34.815  -62.573  -30.351 0.0000000000
19479  -35.356  -62.644  -30.115 0.0000000000
20799  -35.610  -62.228  -29.878 0.0000000000
19477  -34.131  -62.684  -30.557 0.0000000000
19476  -33.264  -62.783  -30.745 0.0000000000
19460  -36.369  -62.672  -29.334 0.0000000000
19459  -35.860  -62.704  -29.785 0.0000000000
20784  -36.387  -62.255  -29.083 0.0000000000
19444  -36.863  -62.522  -28.794 0.0000000000
19426  -37.329  -62.493  -28.267 0.0000000000
19425  -37.019  -62.385  -28.488 0.0000000000
20755  -37.091  -62.217  -27.969 0.0000000000
18069  -35.449  -63.430  -29.932 0.0000000000
18095  -35.085  -62.977  -30.232 0.0000000000
18094  -34.666  -63.195  -30.302 0.0000000000
18093  -33.869  -63.463  -30.382 0.0000000000
18092  -32.798  -63.670  -30.406 0.0000000000
18045  -36.857  -63.316  -29.118 0.0000000000
18070  -36.179  -63.188  -29.600 0.0000000000
19445  -37.402  -62.982  -28.662 0.0000000000
19400  -37.892  -62.568  -27.882 0.0000000000
19427  -37.965  -62.921  -28.286 0.0000000000
20733  -37.487  -62.272  -27.567 0.0000000000
19401  -38.430  -62.744  -27.826 0.0000000000
20734  -38.246  -62.392  -27.423 0.0000000000
18068  -34.556  -63.815  -29.909 0.0000000000
18067  -33.651  -63.853  -29.459 0.0000000000
18044  -36.122  -63.744  -29.363 0.0000000000
16697  -35.672  -63.975  -29.514 0.0000000000
16696  -35.176  -64.152  -29.502 0.0000000000
16695  -34.518  -64.109  -29.273 0.0000000000
16680  -36.683  -64.084  -28.837 0.0000000000
16681  -37.245  -63.812  -28.736 0.0000000000
18046  -37.501  -63.450  -28.741 0.0000000000
16679  -35.847  -64.343  -28.970 0.0000000000
16678  -35.000  -64.405  -28.770 0.0000000000
16677  -34.275  -64.058  -28.587 0.0000000000
16663  -37.394  -64.343  -28.333 0.0000000000
18018  -37.760  -63.805  -28.545 0.0000000000
16662  -36.532  -64.710  -28.206 0.0000000000
16661  -35.641  -64.710  -28.159 0.0000000000
16660  -34.755  -64.281  -27.909 0.0000000000
16659  -34.379  -64.036  -28.145 0.0000000000
18016  -34.093  -63.763  -27.910 0.0000000000
18043  -33.631  -63.704  -28.574 0.0000000000
16644  -37.207  -64.792  -27.835 0.0000000000
16645  -37.947  -64.644  -27.573 0.0000000000
16664  -38.209  -64.105  -28.181 0.0000000000
16643  -36.819  -64.929  -27.774 0.0000000000
15398  -36.463  -65.042  -27.512 0.0000000000
15418  -36.133  -64.934  -27.916 0.0000000000
15417  -35.912  -64.951  -27.660 0.0000000000
16642  -35.478  -64.702  -27.475 0.0000000000
16641  -35.041  -64.370  -27.151 0.0000000000
17990  -34.673  -64.057  -27.360 0.0000000000
18017  -34.480  -63.943  -27.617 0.0000000000
16627  -37.985  -64.871  -26.765 0.0000000000
15387  -37.480  -64.984  -27.184 0.0000000000
15400  -37.432  -64.891  -27.529 0.0000000000
16628  -38.784  -64.553  -26.918 0.0000000000
16646  -38.915  -64.176  -27.653 0.0000000000
15399  -37.064  -65.004  -27.484 0.0000000000
15397  -35.931  -65.034  -27.173 0.0000000000
16625  -35.622  -64.728  -26.770 0.0000000000
16610  -38.527  -64.632  -26.158 0.0000000000
16611  -39.487  -64.343  -26.218 0.0000000000
16629  -39.616  -64.115  -27.033 0.0000000000
16609  -37.571  -64.711  -26.077 0.0000000000
15372  -37.397  -64.996  -26.684 0.0000000000
16593  -39.483  -64.234  -25.689 0.0000000000
16592  -38.995  -64.292  -25.634 0.0000000000
17942  -39.843  -64.115  -25.700 0.0000000000
16612  -39.994  -64.042  -26.580 0.0000000000
17943  -40.276  -63.878  -26.063 0.0000000000
16591  -38.145  -64.249  -25.539 0.0000000000
17920  -39.511  -63.930  -25.282 0.0000000000
17919  -38.687  -63.838  -25.168 0.0000000000
15386  -36.954  -65.093  -27.009 0.0000000000
15385  -36.355  -65.057  -26.752 0.0000000000
15384  -35.968  -65.007  -26.842 0.0000000000
15371  -36.936  -65.023  -26.428 0.0000000000
15370  -36.522  -64.967  -26.295 0.0000000000
16607  -36.051  -64.807  -26.168 0.0000000000
16626  -36.009  -64.966  -26.616 0.0000000000
16608  -36.760  -64.745  -25.897 0.0000000000
16630  -39.998  -63.928  -26.805 0.0000000000
17967  -40.335  -63.574  -26.773 0.0000000000
16647  -39.453  -63.878  -27.489 0.0000000000
17966  -39.974  -63.805  -26.992 0.0000000000
17992  -39.888  -63.549  -27.328 0.0000000000
16665  -38.718  -63.756  -28.079 0.0000000000
17991  -39.249  -63.545  -27.783 0.0000000000
18019  -38.244  -63.474  -28.396 0.0000000000
18020  -38.788  -63.357  -28.096 0.0000000000
17895  -40.006  -63.523  -24.781 0.0000000000
17894  -39.209  -63.459  -24.740 0.0000000000
17921  -40.250  -63.786  -25.362 0.0000000000
17896  -40.687  -63.338  -24.948 0.0000000000
17922  -40.900  -63.414  -25.575 0.0000000000
17944  -40.788  -63.419  -26.233 0.0000000000
17968  -40.849  -63.099  -26.586 0.0000000000
17993  -40.287  -63.255  -27.166 0.0000000000
19380  -40.585  -62.870  -27.009 0.0000000000
19403  -39.670  -63.034  -27.611 0.0000000000
19402  -39.035  -62.962  -27.797 0.0000000000
19404  -40.136  -62.935  -27.346 0.0000000000
18047  -37.833  -63.501  -28.573 0.0000000000
19428  -38.517  -63.069  -28.132 0.0000000000
19446  -37.822  -63.253  -28.598 0.0000000000
20735  -38.911  -62.512  -27.400 0.0000000000
20736  -39.534  -62.592  -27.411 0.0000000000
20737  -39.905  -62.682  -27.419 0.0000000000
19320  -40.476  -63.021  -24.422 0.0000000000
17897  -41.073  -63.139  -25.097 0.0000000000
19321  -41.234  -62.845  -24.576 0.0000000000
19319  -39.723  -63.019  -24.319 0.0000000000
19294  -40.255  -62.601  -23.873 0.0000000000
19295  -40.877  -62.691  -24.032 0.0000000000
20626  -40.991  -62.110  -23.494 0.0000000000
20642  -41.301  -62.514  -24.000 0.0000000000
20625  -39.975  -62.113  -23.211 0.0000000000
20607  -41.223  -61.412  -22.918 0.0000000000
20606  -40.486  -61.554  -22.787 0.0000000000
20627  -41.740  -61.538  -23.301 0.0000000000
20643  -41.890  -62.081  -24.121 0.0000000000
21966  -40.918  -61.102  -22.375 0.0000000000
21967  -41.548  -61.008  -22.561 0.0000000000
20608  -41.682  -61.237  -22.904 0.0000000000
21965  -40.292  -61.187  -22.194 0.0000000000
21955  -40.662  -60.785  -21.717 0.0000000000
21956  -41.338  -60.732  -22.023 0.0000000000
