#!ascii label  , from subject  vox2ras=TkReg
509
27822  27.642  -56.188  -30.403 0.0000000000
26281  27.693  -57.193  -30.587 0.0000000000
26269  27.731  -56.787  -29.873 0.0000000000
27810  27.577  -55.978  -29.588 0.0000000000
27823  27.140  -56.463  -30.980 0.0000000000
29338  27.520  -55.446  -30.191 0.0000000000
29339  27.107  -55.615  -30.740 0.0000000000
26282  26.948  -57.353  -31.030 0.0000000000
27824  26.492  -56.751  -30.915 0.0000000000
29340  26.413  -56.012  -30.864 0.0000000000
29325  27.525  -55.284  -29.694 0.0000000000
30824  27.481  -55.017  -30.036 0.0000000000
30825  27.145  -54.842  -30.455 0.0000000000
30809  27.406  -54.734  -29.681 0.0000000000
29313  27.320  -55.307  -29.071 0.0000000000
30792  27.202  -54.629  -29.132 0.0000000000
32315  27.291  -54.426  -29.409 0.0000000000
30810  27.303  -54.419  -30.108 0.0000000000
32316  27.150  -54.089  -29.645 0.0000000000
30793  27.016  -54.886  -28.655 0.0000000000
32296  26.816  -54.146  -28.846 0.0000000000
32295  27.152  -54.301  -29.238 0.0000000000
27800  27.321  -56.100  -28.809 0.0000000000
29298  27.116  -55.620  -28.542 0.0000000000
29314  27.083  -55.284  -28.619 0.0000000000
27784  27.040  -56.078  -27.972 0.0000000000
29299  26.851  -55.335  -28.183 0.0000000000
26256  27.580  -56.846  -29.178 0.0000000000
26238  27.361  -56.779  -28.447 0.0000000000
26220  27.349  -56.892  -27.638 0.0000000000
27767  27.046  -56.428  -27.077 0.0000000000
27768  26.755  -55.797  -27.238 0.0000000000
27785  26.780  -55.591  -27.725 0.0000000000
27752  26.721  -56.114  -26.508 0.0000000000
29265  26.269  -55.549  -26.685 0.0000000000
29281  26.408  -55.192  -27.510 0.0000000000
26200  27.449  -57.046  -26.684 0.0000000000
27751  27.061  -56.579  -26.385 0.0000000000
27736  26.890  -56.369  -25.782 0.0000000000
29250  26.377  -55.894  -25.842 0.0000000000
27735  27.344  -56.820  -25.858 0.0000000000
27718  27.298  -56.552  -25.146 0.0000000000
29231  26.679  -56.108  -24.952 0.0000000000
26180  27.796  -57.343  -25.853 0.0000000000
27717  27.646  -56.981  -25.299 0.0000000000
27702  27.850  -56.859  -24.546 0.0000000000
27703  27.279  -56.323  -24.397 0.0000000000
26159  28.025  -57.283  -25.116 0.0000000000
27687  27.695  -56.377  -23.694 0.0000000000
27688  27.233  -56.170  -23.908 0.0000000000
29215  26.836  -56.020  -24.097 0.0000000000
26142  28.247  -57.250  -24.652 0.0000000000
27701  28.310  -57.095  -24.345 0.0000000000
27686  28.490  -56.842  -23.825 0.0000000000
26141  28.684  -57.431  -24.380 0.0000000000
29197  27.110  -55.999  -23.437 0.0000000000
27668  28.243  -56.385  -23.164 0.0000000000
27669  27.841  -56.272  -23.161 0.0000000000
29196  27.560  -56.137  -23.138 0.0000000000
26123  29.023  -57.199  -23.938 0.0000000000
27685  29.255  -56.874  -23.507 0.0000000000
27667  28.933  -56.482  -23.096 0.0000000000
26122  29.529  -57.350  -23.810 0.0000000000
27684  29.931  -56.888  -23.408 0.0000000000
27666  29.645  -56.492  -23.005 0.0000000000
26121  30.203  -57.330  -23.734 0.0000000000
27683  30.607  -56.844  -23.435 0.0000000000
27665  30.339  -56.449  -23.013 0.0000000000
29170  27.935  -56.039  -22.721 0.0000000000
29169  28.645  -56.085  -22.626 0.0000000000
29168  29.354  -56.102  -22.573 0.0000000000
29167  30.058  -56.042  -22.594 0.0000000000
24845  26.635  -58.332  -31.122 0.0000000000
24844  27.541  -58.115  -31.111 0.0000000000
26283  26.102  -57.413  -30.768 0.0000000000
24843  28.030  -57.967  -30.613 0.0000000000
26280  28.020  -57.596  -30.320 0.0000000000
26268  27.943  -57.397  -29.922 0.0000000000
24836  28.182  -57.955  -30.049 0.0000000000
26255  27.816  -57.196  -29.528 0.0000000000
24819  28.026  -57.761  -29.103 0.0000000000
24820  27.649  -57.196  -28.747 0.0000000000
24803  27.692  -57.358  -28.224 0.0000000000
24787  27.755  -57.513  -27.381 0.0000000000
24765  27.910  -57.669  -26.580 0.0000000000
24739  28.125  -57.799  -26.009 0.0000000000
26179  28.213  -57.712  -25.451 0.0000000000
24738  28.430  -58.130  -25.755 0.0000000000
24711  28.638  -58.043  -25.131 0.0000000000
26158  28.392  -57.604  -24.891 0.0000000000
24687  28.700  -57.818  -24.716 0.0000000000
24686  29.225  -58.070  -24.596 0.0000000000
26140  29.164  -57.555  -24.155 0.0000000000
24664  29.414  -57.703  -24.127 0.0000000000
24663  29.801  -57.763  -24.069 0.0000000000
24662  30.444  -57.749  -24.062 0.0000000000
26120  30.906  -57.268  -23.839 0.0000000000
26139  30.967  -57.692  -24.202 0.0000000000
26138  31.479  -57.322  -24.224 0.0000000000
26119  31.316  -57.068  -23.854 0.0000000000
27682  31.240  -56.748  -23.573 0.0000000000
23428  25.934  -59.026  -30.668 0.0000000000
23427  26.610  -59.191  -31.168 0.0000000000
24846  25.753  -58.194  -30.726 0.0000000000
23443  27.257  -58.977  -31.359 0.0000000000
24859  27.223  -58.474  -31.338 0.0000000000
23426  28.095  -58.467  -30.927 0.0000000000
23442  27.948  -58.844  -31.309 0.0000000000
24858  27.500  -58.595  -31.337 0.0000000000
23425  28.446  -58.612  -30.476 0.0000000000
23413  28.402  -58.503  -29.757 0.0000000000
23393  28.434  -58.718  -29.134 0.0000000000
23374  28.316  -58.561  -28.429 0.0000000000
24802  28.033  -57.987  -27.992 0.0000000000
23353  28.399  -58.567  -27.641 0.0000000000
24786  28.187  -58.059  -27.149 0.0000000000
23331  28.536  -58.605  -26.859 0.0000000000
24764  28.317  -58.132  -26.407 0.0000000000
23310  28.679  -58.575  -26.074 0.0000000000
23285  28.772  -58.420  -25.504 0.0000000000
24710  28.973  -58.355  -25.169 0.0000000000
23284  29.287  -58.879  -25.471 0.0000000000
23259  29.802  -58.628  -24.774 0.0000000000
24685  30.060  -58.201  -24.361 0.0000000000
23258  30.438  -58.688  -24.589 0.0000000000
24684  30.724  -58.167  -24.337 0.0000000000
23257  31.103  -58.583  -24.563 0.0000000000
24683  31.322  -58.035  -24.447 0.0000000000
23256  31.473  -58.433  -24.624 0.0000000000
24709  31.706  -58.242  -24.709 0.0000000000
24682  31.743  -57.792  -24.639 0.0000000000
22077  27.144  -59.740  -31.182 0.0000000000
22076  27.841  -59.596  -31.281 0.0000000000
22075  28.574  -59.486  -31.025 0.0000000000
23441  28.352  -58.885  -30.931 0.0000000000
22060  28.572  -59.069  -30.748 0.0000000000
22061  26.557  -59.652  -30.700 0.0000000000
22059  28.859  -59.312  -30.456 0.0000000000
23424  28.668  -58.936  -30.068 0.0000000000
22047  28.867  -59.271  -29.942 0.0000000000
23412  28.658  -59.026  -29.620 0.0000000000
22029  28.962  -59.432  -29.529 0.0000000000
23392  28.725  -59.202  -29.186 0.0000000000
23373  28.673  -59.145  -28.643 0.0000000000
22013  29.063  -59.538  -28.954 0.0000000000
23352  28.623  -59.028  -28.035 0.0000000000
21998  29.154  -59.586  -28.098 0.0000000000
23330  28.802  -59.107  -27.378 0.0000000000
23309  28.984  -59.100  -26.520 0.0000000000
21984  29.308  -59.616  -27.137 0.0000000000
21969  29.556  -59.620  -26.276 0.0000000000
21949  29.953  -59.503  -25.649 0.0000000000
23283  30.127  -59.143  -25.068 0.0000000000
21948  30.617  -59.613  -25.451 0.0000000000
23282  30.893  -59.131  -24.911 0.0000000000
21947  31.381  -59.533  -25.358 0.0000000000
23281  31.676  -58.817  -24.980 0.0000000000
21946  32.063  -59.360  -25.551 0.0000000000
23280  32.335  -58.881  -25.595 0.0000000000
24708  32.142  -58.087  -25.095 0.0000000000
21945  32.317  -59.256  -25.764 0.0000000000
21965  32.519  -59.501  -26.209 0.0000000000
23308  32.624  -58.854  -26.005 0.0000000000
24737  32.648  -58.179  -25.920 0.0000000000
20763  27.074  -60.069  -30.749 0.0000000000
20783  27.363  -60.088  -30.959 0.0000000000
20782  27.688  -60.116  -31.088 0.0000000000
20781  28.332  -60.283  -31.008 0.0000000000
20780  29.119  -60.283  -30.842 0.0000000000
22074  28.974  -59.745  -30.715 0.0000000000
20760  29.236  -59.915  -30.420 0.0000000000
20744  29.135  -59.653  -29.962 0.0000000000
20727  29.331  -59.855  -29.428 0.0000000000
20710  29.489  -60.023  -28.791 0.0000000000
20693  29.667  -60.184  -28.192 0.0000000000
21997  29.609  -60.053  -27.624 0.0000000000
20692  30.199  -60.618  -27.762 0.0000000000
21983  29.888  -60.122  -26.956 0.0000000000
20675  30.555  -60.532  -26.883 0.0000000000
21968  30.337  -60.044  -26.157 0.0000000000
20660  30.964  -60.377  -26.383 0.0000000000
21967  31.111  -60.024  -25.861 0.0000000000
20659  31.576  -60.332  -26.299 0.0000000000
21966  31.836  -59.869  -25.873 0.0000000000
20658  32.208  -60.114  -26.353 0.0000000000
20657  32.450  -59.930  -26.481 0.0000000000
20672  32.657  -60.171  -26.897 0.0000000000
21982  32.715  -59.726  -26.654 0.0000000000
21981  33.000  -59.500  -26.872 0.0000000000
21964  32.835  -59.292  -26.459 0.0000000000
23307  32.894  -58.833  -26.394 0.0000000000
19538  28.943  -60.920  -30.875 0.0000000000
19537  29.416  -60.872  -30.870 0.0000000000
20779  29.597  -60.653  -30.807 0.0000000000
20759  29.624  -60.433  -30.464 0.0000000000
19522  29.881  -61.088  -30.525 0.0000000000
20743  29.522  -60.154  -29.943 0.0000000000
19505  29.969  -60.726  -29.959 0.0000000000
20726  29.796  -60.357  -29.362 0.0000000000
19488  30.298  -60.963  -29.318 0.0000000000
20709  30.006  -60.533  -28.674 0.0000000000
19469  30.586  -61.050  -28.565 0.0000000000
19450  30.827  -61.110  -27.934 0.0000000000
20691  30.831  -60.928  -27.375 0.0000000000
19449  31.459  -61.201  -27.633 0.0000000000
20674  31.310  -60.785  -26.858 0.0000000000
19433  31.880  -60.957  -27.138 0.0000000000
20673  32.027  -60.594  -26.704 0.0000000000
19432  32.377  -60.719  -27.132 0.0000000000
19431  32.612  -60.541  -27.162 0.0000000000
19447  32.840  -60.716  -27.466 0.0000000000
20690  32.916  -60.371  -27.296 0.0000000000
20689  33.258  -60.190  -27.558 0.0000000000
20671  32.982  -59.978  -27.077 0.0000000000
18334  29.423  -61.251  -30.751 0.0000000000
18323  29.859  -61.764  -30.376 0.0000000000
19521  30.285  -61.562  -30.441 0.0000000000
19504  30.531  -61.384  -30.000 0.0000000000
18322  30.553  -61.922  -30.150 0.0000000000
18306  31.157  -62.084  -29.826 0.0000000000
19487  31.024  -61.531  -29.242 0.0000000000
18289  31.573  -61.979  -29.383 0.0000000000
19486  31.604  -61.788  -28.911 0.0000000000
19468  31.240  -61.424  -28.430 0.0000000000
18288  32.171  -62.094  -29.095 0.0000000000
19467  32.004  -61.612  -28.317 0.0000000000
18267  32.601  -61.725  -28.608 0.0000000000
19466  32.725  -61.360  -28.058 0.0000000000
19448  32.221  -61.157  -27.585 0.0000000000
18266  33.094  -61.482  -28.508 0.0000000000
19465  33.395  -60.909  -28.170 0.0000000000
18265  33.336  -61.309  -28.486 0.0000000000
18286  33.526  -61.497  -28.714 0.0000000000
19485  33.614  -61.105  -28.534 0.0000000000
19446  33.171  -60.623  -27.720 0.0000000000
20708  33.481  -60.451  -27.986 0.0000000000
19484  33.939  -60.872  -28.641 0.0000000000
19464  33.688  -60.672  -28.372 0.0000000000
20707  33.741  -60.200  -28.257 0.0000000000
18324  29.125  -61.335  -30.482 0.0000000000
18335  29.180  -61.162  -30.721 0.0000000000
18307  29.899  -62.097  -29.616 0.0000000000
17118  30.459  -62.255  -29.949 0.0000000000
18308  29.277  -61.680  -29.836 0.0000000000
17117  30.852  -62.269  -30.016 0.0000000000
17103  31.059  -62.595  -29.731 0.0000000000
17102  31.534  -62.517  -29.819 0.0000000000
18305  31.751  -62.293  -29.607 0.0000000000
17087  31.826  -62.723  -29.285 0.0000000000
17086  32.735  -62.587  -29.091 0.0000000000
18287  32.943  -61.950  -28.894 0.0000000000
17085  33.456  -62.268  -28.943 0.0000000000
17084  33.817  -61.969  -28.808 0.0000000000
18285  34.173  -61.666  -28.793 0.0000000000
17063  34.019  -62.369  -28.426 0.0000000000
18264  34.452  -61.965  -28.418 0.0000000000
18284  34.651  -61.584  -28.515 0.0000000000
19483  34.599  -61.112  -28.812 0.0000000000
18263  34.793  -61.818  -27.981 0.0000000000
19463  35.024  -61.139  -28.272 0.0000000000
17062  34.458  -62.181  -28.118 0.0000000000
17040  34.476  -62.452  -27.554 0.0000000000
18251  35.148  -61.847  -27.182 0.0000000000
19445  35.196  -61.407  -27.687 0.0000000000
17017  34.876  -62.539  -26.539 0.0000000000
18236  35.337  -62.009  -26.596 0.0000000000
18235  35.449  -61.615  -26.819 0.0000000000
18250  35.388  -61.577  -27.058 0.0000000000
19444  35.502  -61.234  -27.166 0.0000000000
17104  30.448  -62.492  -29.330 0.0000000000
17089  30.447  -62.498  -28.619 0.0000000000
17088  31.009  -62.733  -28.970 0.0000000000
18290  29.966  -62.201  -28.873 0.0000000000
17068  30.437  -62.447  -28.093 0.0000000000
17067  30.851  -62.679  -28.265 0.0000000000
18268  30.036  -62.226  -28.144 0.0000000000
17066  31.508  -62.871  -28.452 0.0000000000
17065  32.339  -62.986  -28.544 0.0000000000
17064  33.206  -62.831  -28.487 0.0000000000
17046  30.235  -62.327  -27.749 0.0000000000
17045  30.593  -62.518  -27.692 0.0000000000
17044  31.165  -62.769  -27.729 0.0000000000
17043  31.906  -62.935  -27.766 0.0000000000
17042  32.747  -63.072  -27.743 0.0000000000
17041  33.650  -62.944  -27.679 0.0000000000
17021  31.433  -62.771  -27.038 0.0000000000
17022  30.746  -62.576  -27.112 0.0000000000
17020  32.233  -62.914  -26.955 0.0000000000
17019  33.112  -63.079  -26.838 0.0000000000
17018  34.043  -63.028  -26.742 0.0000000000
16996  31.652  -62.765  -26.222 0.0000000000
16997  30.881  -62.674  -26.403 0.0000000000
16995  32.525  -62.898  -26.057 0.0000000000
16994  33.494  -63.267  -25.796 0.0000000000
16993  34.380  -63.120  -25.852 0.0000000000
16992  34.984  -62.660  -25.648 0.0000000000
18224  35.327  -62.147  -26.031 0.0000000000
16972  32.719  -62.888  -25.142 0.0000000000
16973  31.865  -62.749  -25.371 0.0000000000
16971  33.442  -63.144  -24.908 0.0000000000
15731  33.890  -63.248  -25.216 0.0000000000
15751  34.014  -63.277  -25.553 0.0000000000
15750  34.237  -63.197  -25.347 0.0000000000
16970  34.567  -62.966  -25.205 0.0000000000
16969  34.853  -62.509  -24.978 0.0000000000
18207  35.165  -62.037  -25.363 0.0000000000
16948  33.783  -62.971  -24.328 0.0000000000
15715  33.894  -63.150  -24.793 0.0000000000
16949  32.947  -62.855  -24.295 0.0000000000
15730  34.213  -63.117  -24.945 0.0000000000
16947  34.445  -62.812  -24.545 0.0000000000
16946  34.726  -62.412  -24.595 0.0000000000
18189  34.785  -61.912  -24.706 0.0000000000
15714  34.096  -63.035  -24.640 0.0000000000
16922  33.374  -62.697  -23.615 0.0000000000
16921  34.165  -62.484  -23.801 0.0000000000
16920  34.549  -62.292  -24.303 0.0000000000
16901  33.727  -62.345  -23.181 0.0000000000
18165  34.033  -61.793  -23.322 0.0000000000
18164  34.369  -61.721  -24.051 0.0000000000
19462  35.420  -60.936  -27.796 0.0000000000
20706  34.986  -60.658  -28.713 0.0000000000
20724  34.594  -60.400  -29.103 0.0000000000
20725  34.152  -60.158  -28.855 0.0000000000
21996  33.368  -59.468  -27.483 0.0000000000
20688  33.568  -60.012  -27.893 0.0000000000
21995  33.613  -59.615  -27.926 0.0000000000
22012  33.806  -59.435  -28.432 0.0000000000
22028  34.016  -59.529  -28.954 0.0000000000
22027  34.341  -59.779  -29.351 0.0000000000
23329  33.118  -58.747  -26.936 0.0000000000
23351  33.308  -58.939  -27.368 0.0000000000
23350  33.520  -59.099  -27.759 0.0000000000
29134  29.773  -55.686  -22.124 0.0000000000
29135  29.066  -55.748  -22.099 0.0000000000
29136  28.351  -55.745  -22.128 0.0000000000
29137  27.640  -55.711  -22.144 0.0000000000
29171  27.296  -55.870  -22.737 0.0000000000
29138  26.889  -55.574  -22.117 0.0000000000
29172  26.672  -55.700  -22.896 0.0000000000
29139  26.175  -55.476  -22.447 0.0000000000
29173  26.087  -55.544  -23.062 0.0000000000
29198  26.471  -55.762  -23.582 0.0000000000
29140  25.788  -55.381  -22.689 0.0000000000
30657  25.563  -55.332  -23.083 0.0000000000
29199  25.875  -55.557  -23.693 0.0000000000
29216  26.240  -55.773  -24.303 0.0000000000
30681  25.345  -55.234  -23.769 0.0000000000
29217  25.659  -55.458  -24.383 0.0000000000
29232  25.981  -55.605  -25.122 0.0000000000
30703  25.193  -55.068  -24.461 0.0000000000
29233  25.489  -55.263  -24.940 0.0000000000
29251  25.896  -55.416  -25.961 0.0000000000
30721  25.588  -55.225  -25.457 0.0000000000
30722  25.109  -54.854  -25.256 0.0000000000
30740  25.464  -54.980  -25.999 0.0000000000
29266  25.826  -55.085  -26.602 0.0000000000
29282  26.108  -55.137  -27.007 0.0000000000
30753  25.418  -54.579  -26.645 0.0000000000
30764  25.944  -54.696  -27.189 0.0000000000
30763  26.216  -54.584  -27.699 0.0000000000
30779  26.619  -54.673  -28.137 0.0000000000
30636  25.402  -55.028  -22.202 0.0000000000
30658  25.043  -54.981  -23.135 0.0000000000
30637  24.776  -54.748  -22.660 0.0000000000
32153  24.434  -54.554  -23.255 0.0000000000
30682  24.851  -54.864  -23.867 0.0000000000
32171  24.437  -54.563  -24.042 0.0000000000
30704  24.732  -54.720  -24.553 0.0000000000
32191  24.307  -54.336  -24.605 0.0000000000
30723  24.619  -54.507  -25.072 0.0000000000
30741  25.079  -54.569  -25.997 0.0000000000
32211  24.751  -54.454  -25.553 0.0000000000
32212  24.330  -54.041  -25.358 0.0000000000
32233  24.746  -54.171  -26.028 0.0000000000
30754  25.069  -54.282  -26.438 0.0000000000
32248  25.223  -54.195  -26.784 0.0000000000
32266  25.506  -54.041  -27.328 0.0000000000
32249  24.870  -53.865  -26.705 0.0000000000
32265  25.963  -54.332  -27.570 0.0000000000
32282  26.124  -54.024  -28.052 0.0000000000
32326  26.899  -54.146  -30.369 0.0000000000
32135  24.413  -54.211  -22.110 0.0000000000
32154  23.869  -53.950  -23.099 0.0000000000
32172  24.022  -54.178  -23.928 0.0000000000
32136  23.807  -53.704  -22.504 0.0000000000
33673  23.425  -53.191  -22.948 0.0000000000
33688  23.529  -53.534  -23.915 0.0000000000
32192  23.864  -53.864  -24.648 0.0000000000
33709  23.489  -53.195  -24.790 0.0000000000
32213  23.891  -53.599  -25.206 0.0000000000
32234  24.416  -53.752  -26.082 0.0000000000
33733  24.111  -53.580  -25.657 0.0000000000
33734  23.764  -53.229  -25.543 0.0000000000
33757  24.110  -53.300  -26.121 0.0000000000
32250  24.436  -53.443  -26.554 0.0000000000
32267  25.019  -53.535  -27.284 0.0000000000
33775  24.653  -53.340  -27.003 0.0000000000
33776  24.195  -52.874  -26.793 0.0000000000
32283  25.661  -53.630  -27.930 0.0000000000
33787  25.301  -53.443  -27.691 0.0000000000
33788  24.818  -52.887  -27.580 0.0000000000
33798  25.875  -53.520  -28.241 0.0000000000
33816  26.171  -53.361  -28.694 0.0000000000
33799  25.505  -53.073  -28.243 0.0000000000
33837  26.700  -53.415  -29.401 0.0000000000
33847  26.771  -53.556  -30.099 0.0000000000
33658  23.763  -53.295  -21.925 0.0000000000
35175  23.354  -52.721  -22.303 0.0000000000
33689  23.169  -52.967  -23.745 0.0000000000
33674  23.084  -52.783  -23.277 0.0000000000
35176  23.040  -52.419  -22.852 0.0000000000
35190  22.936  -52.414  -23.587 0.0000000000
33710  23.299  -53.082  -24.239 0.0000000000
35205  23.092  -52.568  -24.494 0.0000000000
35204  23.318  -52.825  -24.879 0.0000000000
35222  23.337  -52.724  -25.366 0.0000000000
33758  23.740  -52.892  -26.085 0.0000000000
35243  23.455  -52.426  -26.123 0.0000000000
33777  23.764  -52.637  -26.462 0.0000000000
33789  24.379  -52.605  -27.312 0.0000000000
35268  23.738  -52.292  -26.797 0.0000000000
35267  24.129  -52.415  -27.177 0.0000000000
33800  25.111  -52.532  -28.163 0.0000000000
35286  24.382  -52.219  -27.656 0.0000000000
35285  24.792  -52.326  -27.974 0.0000000000
33817  25.831  -52.709  -28.765 0.0000000000
35302  25.429  -52.389  -28.557 0.0000000000
35303  24.949  -52.038  -28.395 0.0000000000
35321  26.171  -52.759  -29.281 0.0000000000
35322  25.635  -52.162  -29.067 0.0000000000
35335  26.460  -52.935  -29.922 0.0000000000
35158  23.453  -52.566  -21.673 0.0000000000
35159  23.130  -52.144  -22.117 0.0000000000
36656  22.751  -51.793  -22.530 0.0000000000
36671  22.708  -51.849  -23.205 0.0000000000
36688  22.735  -51.794  -23.927 0.0000000000
36704  22.834  -51.777  -24.654 0.0000000000
35223  23.015  -52.154  -25.211 0.0000000000
35244  23.166  -52.280  -25.712 0.0000000000
36723  22.815  -51.649  -25.226 0.0000000000
36744  22.972  -51.863  -25.804 0.0000000000
36743  23.208  -52.141  -26.014 0.0000000000
36770  23.278  -51.977  -26.404 0.0000000000
35287  23.938  -52.082  -27.312 0.0000000000
36790  23.478  -51.587  -27.236 0.0000000000
35304  24.609  -52.038  -28.068 0.0000000000
36789  24.025  -51.864  -27.605 0.0000000000
36806  24.276  -51.631  -28.189 0.0000000000
35323  25.323  -52.038  -28.727 0.0000000000
36689  22.417  -51.304  -23.437 0.0000000000
38214  22.573  -51.302  -23.833 0.0000000000
38226  22.627  -51.283  -24.231 0.0000000000
36672  22.092  -51.575  -22.842 0.0000000000
36690  21.600  -51.630  -23.602 0.0000000000
38215  22.192  -51.043  -23.833 0.0000000000
36673  21.695  -51.832  -23.083 0.0000000000
35178  21.429  -52.168  -23.097 0.0000000000
35191  21.180  -52.353  -23.542 0.0000000000
35206  21.029  -52.273  -24.140 0.0000000000
36705  21.293  -51.527  -24.499 0.0000000000
38216  21.710  -51.111  -24.115 0.0000000000
38246  22.608  -51.236  -24.852 0.0000000000
35224  20.870  -52.139  -24.731 0.0000000000
36724  20.834  -51.665  -25.296 0.0000000000
38228  21.684  -50.940  -24.573 0.0000000000
38248  21.433  -50.974  -25.099 0.0000000000
38265  22.588  -51.244  -25.625 0.0000000000
36771  22.893  -51.526  -26.411 0.0000000000
38279  22.502  -51.016  -26.406 0.0000000000
36791  22.893  -51.246  -26.850 0.0000000000
36807  23.632  -51.356  -27.809 0.0000000000
38291  22.658  -50.948  -27.368 0.0000000000
38290  23.311  -51.218  -27.639 0.0000000000
38227  22.202  -50.937  -24.399 0.0000000000
38247  22.127  -50.883  -25.025 0.0000000000
38266  21.981  -50.744  -25.715 0.0000000000
38267  21.115  -50.885  -25.821 0.0000000000
38280  21.822  -50.638  -26.525 0.0000000000
33690  20.858  -52.862  -23.815 0.0000000000
33711  20.738  -52.777  -24.232 0.0000000000
35207  20.672  -52.609  -24.529 0.0000000000
33675  21.071  -52.843  -23.047 0.0000000000
33712  20.292  -53.286  -24.383 0.0000000000
33691  20.538  -53.419  -23.417 0.0000000000
33657  24.181  -53.651  -21.551 0.0000000000
33642  24.146  -53.198  -21.057 0.0000000000
33643  23.742  -52.891  -21.397 0.0000000000
32116  24.538  -53.817  -21.169 0.0000000000
32134  24.996  -54.572  -21.709 0.0000000000
32115  24.947  -54.256  -21.271 0.0000000000
30614  25.358  -54.654  -21.329 0.0000000000
30635  26.344  -55.271  -21.832 0.0000000000
30613  26.019  -54.922  -21.295 0.0000000000
30634  26.755  -55.372  -21.714 0.0000000000
30612  26.870  -55.166  -21.276 0.0000000000
29116  26.971  -55.434  -21.659 0.0000000000
30591  25.709  -54.511  -20.739 0.0000000000
30592  25.286  -54.335  -20.933 0.0000000000
30590  26.524  -54.698  -20.505 0.0000000000
29115  27.341  -55.498  -21.607 0.0000000000
30611  27.691  -55.192  -21.091 0.0000000000
30589  27.338  -54.868  -20.569 0.0000000000
29114  28.041  -55.499  -21.578 0.0000000000
30610  28.450  -55.183  -21.040 0.0000000000
30588  28.109  -54.880  -20.524 0.0000000000
30570  27.764  -54.645  -19.998 0.0000000000
30571  27.073  -54.608  -20.041 0.0000000000
29113  28.771  -55.501  -21.552 0.0000000000
