#!ascii label  , from subject  vox2ras=TkReg
633
19369  28.496  -61.180  -23.041 0.0000000000
19339  28.832  -60.862  -22.469 0.0000000000
19368  29.361  -61.259  -23.020 0.0000000000
19340  27.951  -60.831  -22.475 0.0000000000
19370  27.678  -61.185  -23.068 0.0000000000
19387  28.972  -61.497  -23.610 0.0000000000
19388  28.162  -61.464  -23.618 0.0000000000
19341  27.015  -60.976  -22.450 0.0000000000
19371  27.027  -61.262  -23.157 0.0000000000
19389  27.412  -61.494  -23.632 0.0000000000
19372  26.396  -61.198  -22.908 0.0000000000
19390  26.630  -61.389  -23.751 0.0000000000
19342  26.168  -60.992  -22.146 0.0000000000
19373  25.722  -61.056  -22.604 0.0000000000
19391  25.887  -60.947  -23.431 0.0000000000
19343  25.442  -60.906  -21.699 0.0000000000
19374  25.189  -60.721  -22.479 0.0000000000
19392  25.509  -60.830  -22.958 0.0000000000
19344  24.654  -60.532  -21.758 0.0000000000
20604  24.843  -60.079  -22.454 0.0000000000
20619  25.436  -60.354  -23.222 0.0000000000
19386  29.786  -61.599  -23.581 0.0000000000
18169  29.413  -61.867  -24.159 0.0000000000
18170  28.580  -61.805  -24.163 0.0000000000
18171  27.819  -61.767  -24.139 0.0000000000
18172  27.164  -61.692  -24.165 0.0000000000
18173  26.789  -61.515  -24.275 0.0000000000
19402  26.524  -61.129  -24.529 0.0000000000
19403  26.177  -61.080  -24.003 0.0000000000
20618  25.722  -60.549  -23.650 0.0000000000
20630  25.977  -60.519  -24.166 0.0000000000
18196  26.976  -61.658  -24.668 0.0000000000
19413  27.114  -61.329  -25.302 0.0000000000
20629  26.339  -60.620  -24.675 0.0000000000
20643  26.664  -60.529  -25.195 0.0000000000
18213  27.260  -61.768  -25.012 0.0000000000
18212  27.692  -61.851  -25.337 0.0000000000
19412  27.496  -61.500  -25.626 0.0000000000
19424  27.417  -61.251  -25.776 0.0000000000
20662  27.264  -60.640  -26.100 0.0000000000
19423  27.836  -61.486  -26.091 0.0000000000
20587  24.571  -60.212  -22.027 0.0000000000
20605  24.541  -59.979  -22.111 0.0000000000
21895  24.483  -59.646  -22.246 0.0000000000
21894  24.735  -59.508  -22.704 0.0000000000
21913  25.090  -59.630  -23.124 0.0000000000
20588  24.334  -59.982  -21.786 0.0000000000
20631  25.696  -60.283  -23.729 0.0000000000
21930  25.599  -59.678  -23.905 0.0000000000
20644  26.301  -60.232  -24.757 0.0000000000
21929  26.054  -59.863  -24.544 0.0000000000
21951  26.369  -59.621  -25.291 0.0000000000
21950  26.768  -60.078  -25.731 0.0000000000
20661  27.736  -61.005  -26.522 0.0000000000
21970  26.721  -59.528  -26.378 0.0000000000
20676  27.693  -60.639  -27.020 0.0000000000
20677  27.189  -60.020  -27.075 0.0000000000
19435  28.157  -61.236  -26.906 0.0000000000
19453  28.085  -60.842  -27.730 0.0000000000
20694  27.538  -60.225  -27.888 0.0000000000
21985  26.734  -59.439  -27.349 0.0000000000
20695  27.044  -59.729  -27.763 0.0000000000
19472  27.925  -60.577  -28.390 0.0000000000
20712  27.513  -60.199  -28.864 0.0000000000
21999  27.084  -59.757  -28.409 0.0000000000
22000  26.527  -59.322  -28.109 0.0000000000
20711  28.000  -60.634  -28.921 0.0000000000
22014  27.045  -59.806  -28.984 0.0000000000
20728  27.796  -60.526  -29.340 0.0000000000
20729  27.368  -60.225  -29.677 0.0000000000
22030  27.177  -59.978  -29.267 0.0000000000
19490  28.233  -60.930  -29.426 0.0000000000
19491  27.857  -60.612  -29.779 0.0000000000
19508  27.714  -60.495  -30.271 0.0000000000
20745  27.215  -60.247  -30.314 0.0000000000
20730  26.925  -59.991  -30.016 0.0000000000
22031  26.722  -59.728  -29.513 0.0000000000
20746  26.816  -59.992  -30.398 0.0000000000
22048  26.512  -59.733  -30.144 0.0000000000
20762  27.591  -60.335  -30.708 0.0000000000
20763  27.074  -60.069  -30.749 0.0000000000
22061  26.557  -59.652  -30.700 0.0000000000
19525  27.788  -60.480  -30.554 0.0000000000
19524  28.047  -60.607  -30.655 0.0000000000
20761  27.915  -60.361  -30.901 0.0000000000
20782  27.688  -60.116  -31.088 0.0000000000
20783  27.363  -60.088  -30.959 0.0000000000
23221  24.449  -58.938  -22.606 0.0000000000
23220  24.837  -59.228  -23.007 0.0000000000
21875  24.066  -59.326  -21.764 0.0000000000
23236  25.023  -58.938  -23.432 0.0000000000
23260  25.920  -59.258  -24.669 0.0000000000
23261  25.407  -58.588  -24.446 0.0000000000
23286  25.810  -58.694  -25.339 0.0000000000
21971  26.202  -58.990  -25.949 0.0000000000
23311  26.153  -58.897  -26.565 0.0000000000
23332  26.329  -59.030  -27.156 0.0000000000
23312  25.616  -58.471  -26.244 0.0000000000
23354  26.404  -59.144  -27.631 0.0000000000
22015  26.620  -59.477  -28.833 0.0000000000
22016  26.157  -59.208  -28.666 0.0000000000
22001  26.094  -59.112  -28.307 0.0000000000
23355  25.890  -58.956  -27.889 0.0000000000
23375  25.769  -59.055  -28.555 0.0000000000
22032  26.008  -59.333  -29.242 0.0000000000
23394  25.845  -59.164  -28.893 0.0000000000
22049  26.010  -59.441  -29.856 0.0000000000
22050  25.711  -59.314  -29.621 0.0000000000
22033  25.577  -59.223  -29.430 0.0000000000
23395  25.460  -59.093  -29.086 0.0000000000
23415  25.297  -59.071  -29.876 0.0000000000
22062  26.110  -59.501  -30.346 0.0000000000
23414  25.788  -59.317  -30.214 0.0000000000
23428  25.934  -59.026  -30.668 0.0000000000
23207  24.060  -58.868  -22.047 0.0000000000
24638  24.015  -58.426  -22.185 0.0000000000
24650  24.207  -58.058  -22.778 0.0000000000
23237  24.662  -58.375  -23.192 0.0000000000
24665  24.861  -58.222  -23.837 0.0000000000
24666  24.406  -57.887  -23.490 0.0000000000
24688  24.868  -57.968  -24.458 0.0000000000
23287  25.467  -58.355  -25.074 0.0000000000
24713  25.053  -58.016  -25.120 0.0000000000
24712  25.435  -58.272  -25.425 0.0000000000
24740  25.540  -58.349  -25.722 0.0000000000
23333  25.687  -58.668  -27.104 0.0000000000
23334  24.894  -58.395  -26.935 0.0000000000
23313  25.079  -58.218  -26.380 0.0000000000
24741  25.137  -58.117  -25.872 0.0000000000
23356  25.031  -58.699  -27.730 0.0000000000
23376  25.177  -58.915  -28.454 0.0000000000
23377  24.384  -58.724  -28.331 0.0000000000
23396  24.631  -58.842  -29.117 0.0000000000
23397  23.914  -58.441  -28.826 0.0000000000
23416  24.641  -58.505  -29.693 0.0000000000
24821  24.303  -58.093  -29.282 0.0000000000
23429  25.393  -58.542  -30.415 0.0000000000
24837  24.999  -58.112  -30.044 0.0000000000
24838  24.600  -58.089  -29.667 0.0000000000
24847  25.362  -58.138  -30.426 0.0000000000
24846  25.753  -58.194  -30.726 0.0000000000
23208  23.682  -58.757  -21.630 0.0000000000
24639  23.458  -58.010  -21.940 0.0000000000
24651  23.890  -58.022  -22.360 0.0000000000
24689  24.494  -57.787  -24.109 0.0000000000
24822  23.957  -57.834  -28.843 0.0000000000
26258  24.277  -57.226  -28.935 0.0000000000
26272  24.652  -57.619  -29.540 0.0000000000
26271  25.128  -57.202  -29.897 0.0000000000
26284  25.453  -57.677  -30.405 0.0000000000
26259  23.812  -57.428  -28.605 0.0000000000
26239  23.850  -56.920  -28.454 0.0000000000
27786  24.177  -56.407  -28.513 0.0000000000
27802  24.647  -56.459  -29.006 0.0000000000
26257  24.769  -57.003  -29.354 0.0000000000
27801  25.087  -56.485  -29.493 0.0000000000
27812  25.508  -56.513  -30.012 0.0000000000
26270  25.623  -57.071  -30.329 0.0000000000
26283  26.102  -57.413  -30.768 0.0000000000
29315  24.973  -55.736  -29.173 0.0000000000
29327  25.392  -55.966  -29.674 0.0000000000
29316  24.506  -55.878  -28.696 0.0000000000
27811  25.979  -56.582  -30.530 0.0000000000
29326  25.849  -55.789  -30.191 0.0000000000
30795  24.558  -55.188  -28.712 0.0000000000
30794  25.015  -54.877  -29.201 0.0000000000
30812  25.449  -55.294  -29.634 0.0000000000
29340  26.413  -56.012  -30.864 0.0000000000
30811  25.865  -54.928  -30.113 0.0000000000
30826  26.391  -55.259  -30.564 0.0000000000
32298  24.504  -54.313  -28.876 0.0000000000
32297  25.013  -54.302  -29.335 0.0000000000
32318  25.388  -54.477  -29.712 0.0000000000
32317  25.778  -54.205  -30.209 0.0000000000
32327  26.316  -54.523  -30.546 0.0000000000
29339  27.107  -55.615  -30.740 0.0000000000
30825  27.145  -54.842  -30.455 0.0000000000
33819  24.817  -53.873  -29.459 0.0000000000
33818  25.137  -54.085  -29.634 0.0000000000
33839  25.354  -53.693  -30.004 0.0000000000
33838  25.752  -53.856  -30.260 0.0000000000
33848  26.121  -53.701  -30.440 0.0000000000
32326  26.899  -54.146  -30.369 0.0000000000
33820  24.199  -53.684  -29.276 0.0000000000
33840  24.571  -53.293  -29.738 0.0000000000
33849  25.652  -53.114  -30.255 0.0000000000
35337  25.079  -52.671  -29.981 0.0000000000
33841  23.837  -53.201  -29.597 0.0000000000
35338  24.158  -52.666  -29.886 0.0000000000
33847  26.771  -53.556  -30.099 0.0000000000
35344  26.507  -53.227  -30.371 0.0000000000
35345  26.076  -52.901  -30.346 0.0000000000
35346  25.650  -52.698  -30.188 0.0000000000
35336  25.772  -52.373  -29.807 0.0000000000
36833  25.076  -51.827  -29.656 0.0000000000
36834  24.342  -51.991  -29.762 0.0000000000
35339  23.420  -52.715  -29.864 0.0000000000
36835  23.733  -52.204  -29.723 0.0000000000
35335  26.460  -52.935  -29.922 0.0000000000
36832  25.459  -51.917  -29.345 0.0000000000
36821  25.068  -51.802  -28.914 0.0000000000
36822  24.345  -51.545  -29.122 0.0000000000
36823  23.666  -51.664  -29.326 0.0000000000
35324  23.106  -52.166  -29.514 0.0000000000
35322  25.635  -52.162  -29.067 0.0000000000
36820  25.407  -51.919  -29.101 0.0000000000
36824  22.805  -51.543  -28.983 0.0000000000
38312  23.858  -51.348  -29.044 0.0000000000
38313  23.446  -51.233  -28.849 0.0000000000
36806  24.276  -51.631  -28.189 0.0000000000
38301  23.910  -51.252  -28.689 0.0000000000
35323  25.323  -52.038  -28.727 0.0000000000
35303  24.949  -52.038  -28.395 0.0000000000
36805  24.788  -51.792  -28.509 0.0000000000
35321  26.171  -52.759  -29.281 0.0000000000
27824  26.492  -56.751  -30.915 0.0000000000
23195  23.261  -58.615  -21.234 0.0000000000
21857  23.433  -59.227  -20.958 0.0000000000
21876  23.754  -59.175  -21.414 0.0000000000
24624  23.340  -58.353  -21.513 0.0000000000
23196  22.891  -58.700  -20.801 0.0000000000
24625  22.863  -58.053  -21.321 0.0000000000
21856  23.783  -59.398  -21.314 0.0000000000
20562  23.831  -59.850  -21.133 0.0000000000
21838  23.031  -59.328  -20.446 0.0000000000
20548  23.262  -59.834  -20.401 0.0000000000
20563  23.526  -59.640  -20.822 0.0000000000
21858  22.994  -59.065  -20.582 0.0000000000
20549  22.845  -59.486  -20.173 0.0000000000
21839  22.530  -59.043  -20.187 0.0000000000
20781  28.332  -60.283  -31.008 0.0000000000
19471  28.402  -61.052  -28.551 0.0000000000
19345  24.244  -60.240  -21.436 0.0000000000
20547  23.722  -60.337  -20.585 0.0000000000
19321  24.189  -60.512  -21.026 0.0000000000
20538  22.557  -59.707  -19.656 0.0000000000
20537  22.986  -60.290  -19.748 0.0000000000
19315  23.404  -60.509  -20.097 0.0000000000
19314  24.064  -60.731  -20.139 0.0000000000
19308  22.593  -60.325  -19.124 0.0000000000
19309  22.068  -60.028  -19.050 0.0000000000
20539  21.811  -59.562  -19.236 0.0000000000
21823  22.076  -59.202  -19.640 0.0000000000
19307  23.346  -60.714  -19.307 0.0000000000
19507  28.170  -60.841  -30.123 0.0000000000
19523  28.546  -61.011  -30.540 0.0000000000
19539  28.437  -60.767  -30.862 0.0000000000
19506  28.689  -61.231  -29.963 0.0000000000
18324  29.125  -61.335  -30.482 0.0000000000
19538  28.943  -60.920  -30.875 0.0000000000
19489  28.843  -61.393  -29.233 0.0000000000
18308  29.277  -61.680  -29.836 0.0000000000
19470  29.022  -61.568  -28.469 0.0000000000
18291  29.394  -61.876  -29.083 0.0000000000
19452  28.694  -61.404  -27.669 0.0000000000
19451  29.190  -61.783  -27.901 0.0000000000
18269  29.520  -61.982  -28.363 0.0000000000
19434  28.647  -61.721  -26.900 0.0000000000
18254  29.120  -61.882  -27.332 0.0000000000
18253  29.597  -62.078  -27.687 0.0000000000
19422  28.298  -61.639  -26.524 0.0000000000
18226  28.611  -62.039  -26.206 0.0000000000
18239  29.053  -62.051  -26.791 0.0000000000
18227  28.116  -61.944  -25.765 0.0000000000
19385  30.287  -61.674  -23.573 0.0000000000
18168  30.295  -61.944  -24.066 0.0000000000
19367  30.353  -61.415  -23.051 0.0000000000
18147  30.681  -61.798  -23.578 0.0000000000
19338  29.692  -61.030  -22.378 0.0000000000
19366  31.169  -61.429  -22.626 0.0000000000
18146  31.196  -61.829  -23.214 0.0000000000
19337  30.536  -61.030  -22.293 0.0000000000
19365  31.631  -61.352  -22.406 0.0000000000
18145  32.029  -61.775  -22.761 0.0000000000
19336  31.276  -61.002  -22.173 0.0000000000
19335  32.037  -61.106  -22.162 0.0000000000
19320  24.955  -60.837  -20.852 0.0000000000
19319  25.365  -60.822  -21.186 0.0000000000
20560  25.704  -60.632  -21.012 0.0000000000
20586  25.947  -60.817  -21.632 0.0000000000
20585  26.481  -60.645  -21.684 0.0000000000
20584  27.381  -60.527  -21.796 0.0000000000
20583  28.297  -60.487  -21.905 0.0000000000
20582  29.154  -60.510  -21.935 0.0000000000
20581  29.972  -60.550  -21.888 0.0000000000
20580  30.751  -60.525  -21.842 0.0000000000
20579  31.502  -60.476  -21.804 0.0000000000
19334  32.942  -61.107  -22.173 0.0000000000
18125  32.543  -61.471  -22.361 0.0000000000
20578  32.293  -60.340  -21.727 0.0000000000
19313  24.709  -60.615  -19.852 0.0000000000
20546  25.259  -60.552  -20.300 0.0000000000
20561  25.305  -60.715  -20.722 0.0000000000
19306  24.268  -60.525  -19.151 0.0000000000
19305  24.662  -60.483  -19.428 0.0000000000
20535  25.010  -60.227  -19.277 0.0000000000
19296  21.862  -60.485  -18.518 0.0000000000
20528  21.445  -60.056  -18.839 0.0000000000
19295  22.735  -60.549  -18.467 0.0000000000
19294  23.618  -60.395  -18.405 0.0000000000
19293  24.057  -60.370  -18.681 0.0000000000
20526  24.299  -60.119  -18.487 0.0000000000
20536  24.528  -60.321  -18.965 0.0000000000
19283  22.040  -60.600  -17.756 0.0000000000
19284  21.192  -60.827  -17.833 0.0000000000
19297  20.975  -60.540  -18.394 0.0000000000
19282  22.954  -60.358  -17.676 0.0000000000
19281  23.397  -60.285  -17.954 0.0000000000
20513  23.617  -60.033  -17.780 0.0000000000
20527  23.840  -60.195  -18.226 0.0000000000
19276  21.319  -60.937  -17.113 0.0000000000
19277  20.555  -61.408  -17.310 0.0000000000
19285  20.481  -61.143  -18.014 0.0000000000
19275  22.232  -60.501  -16.941 0.0000000000
19274  22.731  -60.335  -17.225 0.0000000000
20501  23.006  -60.095  -17.055 0.0000000000
20514  23.194  -60.180  -17.504 0.0000000000
19266  21.324  -61.212  -16.239 0.0000000000
19267  20.784  -61.413  -16.687 0.0000000000
19265  21.954  -60.700  -16.113 0.0000000000
20493  22.470  -60.352  -16.441 0.0000000000
20502  22.566  -60.321  -16.814 0.0000000000
18071  20.464  -62.014  -16.775 0.0000000000
18070  20.790  -61.933  -16.302 0.0000000000
18056  21.108  -61.976  -15.886 0.0000000000
19254  21.344  -61.605  -15.734 0.0000000000
19253  21.764  -61.318  -15.538 0.0000000000
20483  22.387  -60.579  -15.538 0.0000000000
18055  21.476  -62.051  -15.509 0.0000000000
18042  22.055  -62.107  -15.085 0.0000000000
19242  22.322  -61.300  -15.009 0.0000000000
18041  22.803  -61.907  -14.652 0.0000000000
19241  22.793  -61.199  -14.741 0.0000000000
20472  22.573  -60.869  -14.990 0.0000000000
18024  23.017  -61.503  -14.553 0.0000000000
19224  23.164  -61.143  -14.504 0.0000000000
20471  22.992  -60.505  -14.849 0.0000000000
18023  23.370  -61.763  -14.393 0.0000000000
19223  23.654  -61.155  -14.306 0.0000000000
20453  23.351  -60.779  -14.466 0.0000000000
18022  24.126  -61.840  -14.238 0.0000000000
19222  24.311  -61.049  -14.135 0.0000000000
20452  23.736  -60.371  -14.411 0.0000000000
18021  24.886  -61.665  -14.125 0.0000000000
19221  25.054  -60.962  -14.075 0.0000000000
20451  24.553  -60.341  -14.201 0.0000000000
18020  25.607  -61.564  -14.142 0.0000000000
19220  25.764  -60.903  -14.085 0.0000000000
20450  25.265  -60.279  -14.041 0.0000000000
19240  26.271  -61.469  -14.327 0.0000000000
19219  26.448  -60.877  -14.144 0.0000000000
20449  25.975  -60.292  -13.887 0.0000000000
18290  29.966  -62.201  -28.873 0.0000000000
18307  29.899  -62.097  -29.616 0.0000000000
18268  30.036  -62.226  -28.144 0.0000000000
18238  29.582  -62.197  -27.075 0.0000000000
18237  29.812  -62.193  -27.391 0.0000000000
18252  29.960  -62.218  -27.630 0.0000000000
17023  30.106  -62.321  -27.213 0.0000000000
17046  30.235  -62.327  -27.749 0.0000000000
18225  29.358  -62.325  -26.461 0.0000000000
16999  29.821  -62.370  -26.769 0.0000000000
17024  29.837  -62.288  -27.006 0.0000000000
18211  28.467  -62.155  -25.397 0.0000000000
18210  29.423  -62.435  -25.624 0.0000000000
16976  29.809  -62.505  -26.281 0.0000000000
18195  27.476  -61.907  -24.655 0.0000000000
18194  28.145  -62.050  -24.717 0.0000000000
18193  28.974  -62.130  -24.787 0.0000000000
18209  30.307  -62.544  -25.279 0.0000000000
16975  30.262  -62.612  -25.945 0.0000000000
18192  29.859  -62.228  -24.774 0.0000000000
18208  30.666  -62.585  -25.167 0.0000000000
16974  30.958  -62.691  -25.496 0.0000000000
18191  30.747  -62.433  -24.759 0.0000000000
18190  31.324  -62.489  -24.503 0.0000000000
16951  31.366  -62.635  -24.898 0.0000000000
18167  31.239  -62.175  -23.984 0.0000000000
16950  31.962  -62.622  -24.420 0.0000000000
18166  31.755  -62.126  -23.444 0.0000000000
16924  31.847  -62.364  -23.820 0.0000000000
16923  32.445  -62.422  -23.497 0.0000000000
18144  32.874  -61.731  -22.565 0.0000000000
16903  32.618  -62.088  -22.930 0.0000000000
18143  33.530  -61.851  -22.791 0.0000000000
16902  33.103  -62.260  -23.033 0.0000000000
18124  32.800  -61.464  -22.335 0.0000000000
19364  33.314  -61.484  -22.504 0.0000000000
16818  20.872  -62.504  -16.077 0.0000000000
16819  20.605  -62.604  -16.459 0.0000000000
16803  21.212  -62.630  -15.759 0.0000000000
16802  21.694  -62.695  -15.426 0.0000000000
16782  22.146  -62.808  -15.185 0.0000000000
16781  22.613  -62.652  -14.883 0.0000000000
16780  23.336  -62.580  -14.566 0.0000000000
18040  23.200  -62.119  -14.455 0.0000000000
16758  23.429  -62.191  -14.410 0.0000000000
16757  23.696  -62.225  -14.370 0.0000000000
16779  24.258  -62.647  -14.560 0.0000000000
18039  24.791  -62.227  -14.421 0.0000000000
18038  25.446  -62.150  -14.450 0.0000000000
18037  26.099  -62.019  -14.538 0.0000000000
16998  30.263  -62.531  -26.618 0.0000000000
17022  30.746  -62.576  -27.112 0.0000000000
17045  30.593  -62.518  -27.692 0.0000000000
16997  30.881  -62.674  -26.403 0.0000000000
16973  31.865  -62.749  -25.371 0.0000000000
16996  31.652  -62.765  -26.222 0.0000000000
16949  32.947  -62.855  -24.295 0.0000000000
16972  32.719  -62.888  -25.142 0.0000000000
16922  33.374  -62.697  -23.615 0.0000000000
16901  33.727  -62.345  -23.181 0.0000000000
15611  20.972  -63.327  -16.259 0.0000000000
15593  21.450  -63.135  -15.726 0.0000000000
15592  21.980  -63.359  -15.512 0.0000000000
15567  22.464  -63.166  -15.145 0.0000000000
15566  23.044  -63.214  -15.021 0.0000000000
15565  23.854  -63.283  -14.989 0.0000000000
15564  24.734  -63.283  -15.052 0.0000000000
16778  25.232  -62.782  -14.844 0.0000000000
15563  25.217  -63.202  -15.125 0.0000000000
16801  25.455  -63.142  -15.168 0.0000000000
16800  25.905  -63.034  -15.216 0.0000000000
16777  26.017  -62.529  -14.843 0.0000000000
16799  26.885  -62.712  -15.374 0.0000000000
16776  26.461  -62.346  -14.833 0.0000000000
18036  26.736  -61.995  -14.784 0.0000000000
15610  21.539  -63.557  -15.876 0.0000000000
14434  21.823  -63.754  -15.830 0.0000000000
14433  22.216  -63.948  -15.789 0.0000000000
15591  22.663  -63.623  -15.422 0.0000000000
14432  22.918  -64.134  -15.815 0.0000000000
15590  23.403  -63.756  -15.440 0.0000000000
14431  23.595  -64.211  -15.893 0.0000000000
15589  24.350  -63.914  -15.670 0.0000000000
14445  24.068  -64.525  -16.362 0.0000000000
15609  24.585  -64.307  -16.190 0.0000000000
15588  25.401  -63.518  -15.539 0.0000000000
15608  25.114  -64.158  -16.146 0.0000000000
15607  26.023  -63.970  -16.311 0.0000000000
15587  26.361  -63.373  -15.707 0.0000000000
14443  25.459  -64.455  -16.707 0.0000000000
14463  26.101  -64.452  -17.200 0.0000000000
15628  26.643  -64.018  -16.809 0.0000000000
15606  26.932  -63.498  -16.305 0.0000000000
14444  24.797  -64.580  -16.622 0.0000000000
21741  25.510  -59.622  -13.849 0.0000000000
21742  24.812  -59.620  -14.225 0.0000000000
21743  24.224  -59.829  -14.406 0.0000000000
20470  23.392  -60.029  -14.786 0.0000000000
21750  23.791  -59.538  -14.843 0.0000000000
21751  23.225  -59.821  -15.215 0.0000000000
20482  22.863  -60.094  -15.518 0.0000000000
21760  23.153  -59.702  -15.904 0.0000000000
20492  22.807  -60.055  -16.178 0.0000000000
21772  23.218  -59.744  -16.604 0.0000000000
21786  23.290  -59.801  -16.945 0.0000000000
20500  23.423  -59.900  -17.337 0.0000000000
21785  23.669  -59.595  -17.158 0.0000000000
21800  23.827  -59.734  -17.600 0.0000000000
20512  24.037  -59.917  -18.045 0.0000000000
21799  24.225  -59.626  -17.840 0.0000000000
21811  24.508  -59.808  -18.296 0.0000000000
20525  24.783  -60.028  -18.762 0.0000000000
21810  24.991  -59.650  -18.579 0.0000000000
21822  25.246  -59.883  -19.062 0.0000000000
20534  25.529  -60.042  -19.568 0.0000000000
20545  25.845  -60.138  -20.088 0.0000000000
21821  25.689  -59.696  -19.377 0.0000000000
21812  21.202  -59.610  -19.073 0.0000000000
21824  21.347  -59.019  -19.559 0.0000000000
21837  26.281  -59.723  -19.974 0.0000000000
20544  26.432  -59.878  -20.350 0.0000000000
20559  26.746  -60.146  -20.935 0.0000000000
21836  26.925  -59.608  -20.321 0.0000000000
21855  27.475  -59.786  -20.809 0.0000000000
20558  27.797  -60.153  -21.285 0.0000000000
20553  31.645  -59.888  -21.435 0.0000000000
20554  30.964  -59.988  -21.468 0.0000000000
20555  30.228  -60.041  -21.490 0.0000000000
20556  29.453  -60.030  -21.536 0.0000000000
20557  28.650  -60.104  -21.434 0.0000000000
23063  25.179  -58.912  -14.136 0.0000000000
23064  24.666  -59.063  -14.409 0.0000000000
21749  24.346  -59.363  -14.518 0.0000000000
23076  24.392  -58.883  -14.915 0.0000000000
23077  23.925  -59.047  -15.365 0.0000000000
21759  23.550  -59.381  -15.598 0.0000000000
23090  23.884  -58.993  -16.002 0.0000000000
21771  23.540  -59.400  -16.332 0.0000000000
23105  23.902  -59.138  -16.702 0.0000000000
23118  23.916  -59.289  -17.020 0.0000000000
21784  24.025  -59.454  -17.398 0.0000000000
23117  24.188  -59.163  -17.194 0.0000000000
23129  24.601  -59.104  -17.689 0.0000000000
21798  24.736  -59.330  -18.028 0.0000000000
23128  25.112  -58.927  -18.024 0.0000000000
23137  25.458  -59.021  -18.527 0.0000000000
21809  25.628  -59.231  -18.905 0.0000000000
23152  26.162  -59.040  -19.202 0.0000000000
21820  26.533  -59.310  -19.707 0.0000000000
21840  21.954  -58.931  -19.869 0.0000000000
23173  27.277  -59.040  -19.978 0.0000000000
21835  27.737  -59.369  -20.483 0.0000000000
23175  21.825  -58.528  -20.177 0.0000000000
23174  22.435  -58.555  -20.541 0.0000000000
21854  28.195  -59.730  -20.937 0.0000000000
23062  25.796  -58.963  -13.645 0.0000000000
24486  25.730  -58.092  -14.162 0.0000000000
24487  25.119  -58.457  -14.398 0.0000000000
23075  24.838  -58.702  -14.539 0.0000000000
24500  24.951  -58.281  -14.969 0.0000000000
24501  24.547  -58.532  -15.279 0.0000000000
23089  24.278  -58.710  -15.602 0.0000000000
24514  24.666  -58.350  -15.695 0.0000000000
23104  24.426  -58.647  -16.420 0.0000000000
24525  24.875  -58.213  -16.193 0.0000000000
23103  24.950  -58.276  -16.672 0.0000000000
23116  24.857  -58.609  -17.264 0.0000000000
24535  25.382  -58.088  -17.038 0.0000000000
24547  25.528  -58.318  -17.691 0.0000000000
23127  25.732  -58.587  -18.274 0.0000000000
23136  25.930  -58.809  -18.743 0.0000000000
23151  26.858  -58.718  -19.395 0.0000000000
23135  26.449  -58.593  -18.931 0.0000000000
23172  28.062  -58.854  -20.163 0.0000000000
23150  27.627  -58.503  -19.645 0.0000000000
24605  22.626  -58.360  -20.840 0.0000000000
24499  25.569  -57.687  -15.246 0.0000000000
24513  25.134  -57.975  -15.762 0.0000000000
24512  25.639  -57.604  -16.087 0.0000000000
24524  25.278  -57.956  -16.419 0.0000000000
24523  25.770  -57.735  -16.745 0.0000000000
24534  26.037  -57.868  -17.345 0.0000000000
24546  26.226  -58.095  -18.032 0.0000000000
35325  22.341  -52.203  -29.338 0.0000000000
36825  21.926  -51.724  -28.927 0.0000000000
36808  22.685  -51.198  -28.609 0.0000000000
36809  22.252  -51.251  -28.559 0.0000000000
38314  23.007  -51.139  -28.599 0.0000000000
38302  23.387  -51.153  -28.173 0.0000000000
36807  23.632  -51.356  -27.809 0.0000000000
38290  23.311  -51.218  -27.639 0.0000000000
38291  22.658  -50.948  -27.368 0.0000000000
38303  22.666  -51.041  -28.228 0.0000000000
38304  21.947  -50.930  -28.007 0.0000000000
36810  21.490  -51.347  -28.447 0.0000000000
38305  21.071  -51.007  -27.889 0.0000000000
38292  21.521  -50.672  -27.310 0.0000000000
36811  20.633  -51.482  -28.343 0.0000000000
38306  20.211  -51.076  -27.841 0.0000000000
38293  20.623  -50.751  -27.297 0.0000000000
38281  20.958  -50.734  -26.619 0.0000000000
38282  20.212  -50.918  -26.704 0.0000000000
38294  19.837  -50.836  -27.298 0.0000000000
38280  21.822  -50.638  -26.525 0.0000000000
38268  20.516  -51.118  -26.140 0.0000000000
38269  19.953  -51.295  -26.268 0.0000000000
38283  19.428  -51.084  -26.679 0.0000000000
38267  21.115  -50.885  -25.821 0.0000000000
36746  20.234  -51.753  -25.781 0.0000000000
36747  19.394  -51.749  -26.118 0.0000000000
36745  20.686  -51.353  -25.764 0.0000000000
35246  19.736  -52.538  -25.629 0.0000000000
35247  18.895  -52.413  -25.928 0.0000000000
36748  18.626  -51.870  -26.237 0.0000000000
36772  18.906  -51.411  -26.456 0.0000000000
36725  20.407  -52.030  -25.412 0.0000000000
35245  20.195  -52.211  -25.487 0.0000000000
36724  20.834  -51.665  -25.296 0.0000000000
35225  20.360  -52.512  -25.100 0.0000000000
33759  19.025  -52.977  -25.631 0.0000000000
33760  18.358  -52.885  -25.753 0.0000000000
35248  18.169  -52.355  -26.027 0.0000000000
35226  19.943  -52.909  -25.247 0.0000000000
33736  19.494  -53.411  -25.120 0.0000000000
33735  20.059  -53.065  -24.996 0.0000000000
35207  20.672  -52.609  -24.529 0.0000000000
33712  20.292  -53.286  -24.383 0.0000000000
35224  20.870  -52.139  -24.731 0.0000000000
33737  18.541  -53.416  -25.397 0.0000000000
33738  17.808  -53.246  -25.506 0.0000000000
33761  17.685  -52.778  -25.854 0.0000000000
32215  18.620  -53.945  -24.940 0.0000000000
32216  17.888  -53.765  -25.105 0.0000000000
24566  26.198  -58.423  -18.546 0.0000000000
24533  26.485  -57.789  -17.648 0.0000000000
24545  26.950  -57.687  -17.967 0.0000000000
24565  26.751  -58.155  -18.630 0.0000000000
25994  26.710  -57.473  -17.250 0.0000000000
26011  26.982  -57.481  -17.639 0.0000000000
24544  27.715  -57.489  -18.137 0.0000000000
24564  27.497  -57.839  -18.612 0.0000000000
26010  27.318  -57.363  -17.656 0.0000000000
24543  28.067  -57.409  -18.164 0.0000000000
24563  28.369  -57.546  -18.532 0.0000000000
26009  28.122  -57.246  -17.792 0.0000000000
25995  26.170  -57.609  -16.980 0.0000000000
25984  26.199  -57.443  -16.539 0.0000000000
25973  26.177  -57.329  -15.757 0.0000000000
25961  26.163  -57.366  -14.879 0.0000000000
23171  28.854  -58.801  -20.226 0.0000000000
21834  28.518  -59.268  -20.591 0.0000000000
23149  28.440  -58.398  -19.753 0.0000000000
23170  29.579  -58.749  -20.289 0.0000000000
21833  29.280  -59.194  -20.668 0.0000000000
23148  29.246  -58.392  -19.821 0.0000000000
23169  30.255  -58.595  -20.318 0.0000000000
21832  30.005  -59.103  -20.724 0.0000000000
23147  29.823  -58.398  -19.962 0.0000000000
24585  26.813  -58.412  -19.036 0.0000000000
24584  27.233  -58.227  -19.128 0.0000000000
24583  27.994  -58.026  -19.203 0.0000000000
24582  28.875  -57.991  -19.285 0.0000000000
24581  29.878  -57.933  -19.469 0.0000000000
24604  30.132  -58.265  -19.950 0.0000000000
21853  28.975  -59.657  -21.045 0.0000000000
21852  29.736  -59.573  -21.123 0.0000000000
21851  30.468  -59.521  -21.129 0.0000000000
21850  31.153  -59.458  -21.109 0.0000000000
23194  30.702  -59.021  -20.760 0.0000000000
26032  28.635  -57.292  -18.107 0.0000000000
24562  29.316  -57.663  -18.907 0.0000000000
26031  29.146  -57.339  -18.337 0.0000000000
25951  26.304  -57.492  -14.233 0.0000000000
25960  26.747  -57.096  -14.576 0.0000000000
25972  26.812  -57.041  -15.433 0.0000000000
25971  27.372  -56.748  -15.003 0.0000000000
25982  27.703  -56.826  -16.022 0.0000000000
25983  26.844  -57.179  -16.341 0.0000000000
25993  27.523  -57.140  -17.000 0.0000000000
25992  28.479  -56.909  -16.886 0.0000000000
26008  28.904  -57.131  -17.719 0.0000000000
