#!ascii label  , from subject  vox2ras=TkReg
588
10338  -21.493  -73.866  -20.471 0.0000000000
10339  -21.894  -73.805  -20.213 0.0000000000
9540  -21.186  -74.278  -20.418 0.0000000000
10353  -21.373  -73.512  -20.764 0.0000000000
10324  -22.098  -73.888  -19.808 0.0000000000
9528  -22.011  -74.275  -19.543 0.0000000000
9541  -21.582  -74.461  -19.953 0.0000000000
10325  -22.377  -73.586  -19.663 0.0000000000
10340  -22.531  -73.084  -20.303 0.0000000000
10354  -22.153  -73.125  -20.797 0.0000000000
11143  -22.823  -72.596  -19.610 0.0000000000
11159  -23.027  -72.367  -20.634 0.0000000000
10355  -22.656  -72.863  -20.802 0.0000000000
9554  -20.796  -73.956  -20.805 0.0000000000
10352  -20.641  -73.438  -21.059 0.0000000000
11176  -21.055  -72.919  -21.151 0.0000000000
11177  -21.728  -72.746  -21.222 0.0000000000
11178  -22.589  -72.590  -21.308 0.0000000000
11128  -22.862  -72.643  -18.665 0.0000000000
10310  -22.674  -73.378  -18.978 0.0000000000
11988  -22.955  -71.858  -18.968 0.0000000000
12012  -23.009  -71.869  -19.592 0.0000000000
12029  -23.068  -71.978  -20.053 0.0000000000
11179  -23.351  -72.124  -21.482 0.0000000000
11160  -23.400  -71.913  -20.964 0.0000000000
12030  -23.392  -71.576  -20.488 0.0000000000
12043  -23.619  -71.505  -21.230 0.0000000000
11175  -20.437  -72.785  -21.326 0.0000000000
11191  -21.095  -72.238  -21.578 0.0000000000
11192  -22.041  -72.182  -21.795 0.0000000000
11193  -22.829  -72.151  -21.966 0.0000000000
11194  -23.336  -72.000  -22.035 0.0000000000
12059  -23.735  -71.528  -22.034 0.0000000000
11190  -20.165  -72.215  -21.760 0.0000000000
12055  -20.655  -71.657  -22.119 0.0000000000
12056  -21.551  -71.612  -22.204 0.0000000000
12057  -22.408  -71.710  -22.389 0.0000000000
12058  -23.153  -71.897  -22.471 0.0000000000
11989  -23.112  -71.425  -19.419 0.0000000000
12013  -23.199  -71.539  -19.880 0.0000000000
12905  -23.421  -70.870  -19.830 0.0000000000
12923  -23.789  -70.799  -20.843 0.0000000000
12939  -23.866  -71.085  -21.510 0.0000000000
12054  -19.900  -71.766  -22.217 0.0000000000
12071  -20.221  -71.358  -22.668 0.0000000000
12072  -21.033  -71.206  -22.698 0.0000000000
12073  -21.965  -71.169  -23.044 0.0000000000
12074  -22.833  -71.512  -22.981 0.0000000000
12075  -23.539  -71.578  -22.817 0.0000000000
12953  -24.024  -71.010  -21.880 0.0000000000
12076  -24.088  -71.163  -22.611 0.0000000000
12060  -24.055  -71.107  -22.164 0.0000000000
12954  -24.237  -70.674  -22.171 0.0000000000
12070  -19.425  -71.636  -22.779 0.0000000000
12966  -19.825  -71.205  -23.204 0.0000000000
12967  -20.547  -70.978  -23.190 0.0000000000
12968  -21.236  -70.918  -23.269 0.0000000000
12086  -22.679  -71.158  -23.691 0.0000000000
12085  -22.143  -70.972  -23.620 0.0000000000
12980  -21.676  -70.810  -23.794 0.0000000000
12087  -23.325  -71.470  -23.412 0.0000000000
12088  -23.893  -71.331  -23.260 0.0000000000
12969  -24.312  -70.605  -22.755 0.0000000000
12982  -24.211  -70.887  -23.167 0.0000000000
12981  -22.218  -70.869  -24.013 0.0000000000
12099  -23.361  -71.310  -23.943 0.0000000000
12098  -22.995  -71.112  -24.152 0.0000000000
12995  -22.654  -70.840  -24.416 0.0000000000
12100  -23.691  -71.337  -23.649 0.0000000000
12997  -24.091  -71.017  -23.911 0.0000000000
12996  -23.383  -70.968  -24.502 0.0000000000
12889  -23.120  -71.050  -18.796 0.0000000000
13808  -23.469  -70.246  -19.163 0.0000000000
13823  -23.667  -70.084  -19.747 0.0000000000
13839  -23.753  -70.320  -20.274 0.0000000000
12940  -24.110  -70.611  -21.514 0.0000000000
12924  -24.081  -70.410  -21.095 0.0000000000
13840  -24.093  -70.058  -20.746 0.0000000000
13851  -24.236  -70.127  -21.283 0.0000000000
13863  -24.357  -70.083  -21.804 0.0000000000
13876  -24.497  -70.042  -22.512 0.0000000000
12965  -19.432  -71.412  -23.251 0.0000000000
12977  -19.320  -71.263  -23.725 0.0000000000
12978  -20.120  -70.900  -23.763 0.0000000000
12979  -20.899  -70.778  -23.787 0.0000000000
13885  -24.459  -70.250  -23.356 0.0000000000
12084  -19.144  -71.542  -23.285 0.0000000000
12083  -18.670  -71.647  -23.640 0.0000000000
12976  -18.922  -71.370  -23.915 0.0000000000
12990  -18.773  -71.194  -24.339 0.0000000000
12991  -19.663  -70.832  -24.357 0.0000000000
12992  -20.504  -70.618  -24.420 0.0000000000
12993  -21.259  -70.598  -24.380 0.0000000000
12994  -21.931  -70.599  -24.573 0.0000000000
12097  -18.401  -71.529  -24.130 0.0000000000
12096  -18.083  -71.415  -24.506 0.0000000000
12989  -18.381  -71.157  -24.644 0.0000000000
13006  -18.273  -70.795  -24.907 0.0000000000
13007  -19.191  -70.566  -24.933 0.0000000000
13008  -20.015  -70.406  -24.893 0.0000000000
13009  -20.509  -70.351  -24.868 0.0000000000
13892  -20.941  -70.320  -24.841 0.0000000000
13893  -21.522  -70.353  -24.866 0.0000000000
13894  -21.798  -70.403  -24.909 0.0000000000
13010  -22.436  -70.496  -24.959 0.0000000000
13910  -21.949  -70.059  -25.116 0.0000000000
13011  -23.046  -70.583  -24.996 0.0000000000
13012  -23.516  -70.572  -24.882 0.0000000000
13895  -23.922  -70.523  -24.613 0.0000000000
13896  -24.346  -70.257  -24.146 0.0000000000
12109  -17.726  -71.117  -24.814 0.0000000000
13005  -17.505  -70.744  -24.887 0.0000000000
13905  -17.832  -69.986  -25.020 0.0000000000
13906  -18.726  -69.919  -25.181 0.0000000000
13907  -19.606  -69.849  -25.213 0.0000000000
13908  -20.475  -69.888  -25.139 0.0000000000
13911  -22.760  -69.953  -25.205 0.0000000000
13912  -23.575  -70.023  -25.050 0.0000000000
13824  -23.914  -69.853  -20.164 0.0000000000
14765  -24.231  -69.393  -20.378 0.0000000000
14777  -24.462  -69.438  -21.252 0.0000000000
14792  -24.594  -69.583  -22.066 0.0000000000
14807  -24.645  -69.642  -22.404 0.0000000000
13886  -24.681  -69.753  -22.939 0.0000000000
13877  -24.663  -69.684  -22.631 0.0000000000
14808  -24.886  -69.283  -22.607 0.0000000000
14818  -24.892  -69.454  -23.607 0.0000000000
14817  -24.590  -69.931  -23.867 0.0000000000
13909  -21.238  -69.858  -25.136 0.0000000000
13913  -24.155  -69.962  -24.672 0.0000000000
14827  -24.560  -69.675  -24.335 0.0000000000
14837  -18.385  -69.194  -25.126 0.0000000000
14838  -19.176  -69.123  -25.208 0.0000000000
14839  -20.029  -69.112  -25.222 0.0000000000
14840  -20.847  -69.164  -25.222 0.0000000000
14841  -21.607  -69.221  -25.227 0.0000000000
14842  -22.373  -69.246  -25.193 0.0000000000
14843  -23.202  -69.234  -25.186 0.0000000000
14844  -24.150  -69.219  -24.961 0.0000000000
15673  -24.589  -68.855  -20.686 0.0000000000
15689  -24.673  -68.925  -21.124 0.0000000000
14793  -24.809  -69.008  -21.795 0.0000000000
14778  -24.716  -68.956  -21.361 0.0000000000
15690  -24.959  -68.470  -21.244 0.0000000000
15706  -25.291  -68.341  -22.247 0.0000000000
15725  -25.302  -68.657  -23.207 0.0000000000
15735  -25.270  -68.760  -23.949 0.0000000000
14828  -24.919  -69.007  -24.530 0.0000000000
15748  -25.382  -68.465  -24.451 0.0000000000
14845  -24.627  -68.749  -24.948 0.0000000000
15765  -25.091  -68.289  -25.029 0.0000000000
15757  -18.800  -68.555  -24.878 0.0000000000
15758  -19.605  -68.315  -24.940 0.0000000000
15759  -20.458  -68.456  -25.029 0.0000000000
15760  -21.221  -68.509  -25.062 0.0000000000
15761  -21.975  -68.528  -25.077 0.0000000000
15762  -22.761  -68.511  -25.085 0.0000000000
15763  -23.577  -68.494  -25.117 0.0000000000
15764  -24.322  -68.405  -25.107 0.0000000000
15674  -24.899  -68.267  -20.328 0.0000000000
16617  -25.389  -67.752  -20.743 0.0000000000
16634  -25.545  -67.812  -21.642 0.0000000000
16651  -25.671  -67.832  -22.135 0.0000000000
15726  -25.760  -68.002  -22.892 0.0000000000
15707  -25.711  -67.868  -22.387 0.0000000000
16652  -26.219  -67.383  -22.250 0.0000000000
15736  -25.832  -68.169  -23.884 0.0000000000
16667  -26.252  -67.630  -23.340 0.0000000000
16676  -26.285  -67.727  -23.914 0.0000000000
15749  -25.764  -68.052  -24.744 0.0000000000
16691  -26.268  -67.686  -24.428 0.0000000000
15766  -25.584  -67.874  -25.146 0.0000000000
16704  -26.097  -67.436  -25.160 0.0000000000
15747  -19.087  -68.056  -24.514 0.0000000000
16686  -19.640  -67.443  -24.321 0.0000000000
16696  -20.198  -67.857  -24.749 0.0000000000
16697  -20.856  -67.875  -24.795 0.0000000000
16698  -21.585  -67.877  -24.859 0.0000000000
16699  -22.325  -67.846  -24.954 0.0000000000
16700  -23.152  -67.736  -25.008 0.0000000000
16701  -23.921  -67.858  -25.103 0.0000000000
16702  -24.592  -67.777  -25.194 0.0000000000
16703  -25.281  -67.550  -25.232 0.0000000000
16635  -25.974  -67.309  -21.202 0.0000000000
17643  -26.394  -66.965  -21.497 0.0000000000
17664  -26.603  -66.887  -21.829 0.0000000000
16668  -26.703  -67.164  -23.093 0.0000000000
16653  -26.730  -66.976  -22.604 0.0000000000
17665  -26.942  -66.643  -22.191 0.0000000000
17685  -27.071  -66.737  -22.884 0.0000000000
16677  -26.744  -67.378  -23.921 0.0000000000
17703  -27.168  -66.858  -23.535 0.0000000000
16692  -26.784  -67.261  -24.740 0.0000000000
17718  -27.309  -66.839  -24.281 0.0000000000
16705  -26.648  -67.039  -25.168 0.0000000000
17725  -27.130  -66.640  -25.034 0.0000000000
16687  -20.477  -67.289  -24.517 0.0000000000
16688  -21.223  -67.271  -24.573 0.0000000000
16689  -21.952  -67.272  -24.662 0.0000000000
16690  -22.603  -67.258  -24.802 0.0000000000
17714  -23.262  -67.025  -24.522 0.0000000000
17720  -23.726  -67.357  -24.931 0.0000000000
17721  -24.223  -67.406  -25.039 0.0000000000
17722  -24.771  -67.154  -25.073 0.0000000000
17723  -25.565  -66.777  -25.078 0.0000000000
17724  -26.386  -66.655  -25.229 0.0000000000
17620  -26.412  -66.791  -20.807 0.0000000000
17644  -26.841  -66.547  -21.406 0.0000000000
17621  -26.815  -66.211  -20.659 0.0000000000
18710  -27.144  -65.828  -21.279 0.0000000000
18726  -27.167  -66.184  -21.752 0.0000000000
17666  -27.361  -66.360  -22.666 0.0000000000
18727  -27.419  -65.967  -22.216 0.0000000000
17686  -27.506  -66.418  -23.222 0.0000000000
18745  -27.666  -65.897  -22.907 0.0000000000
17704  -27.549  -66.508  -23.768 0.0000000000
18757  -27.853  -65.907  -23.645 0.0000000000
17719  -27.673  -66.366  -24.121 0.0000000000
17713  -22.437  -66.914  -24.246 0.0000000000
17699  -23.027  -66.819  -23.691 0.0000000000
17700  -23.829  -66.813  -23.900 0.0000000000
17715  -24.180  -66.985  -24.612 0.0000000000
17701  -24.605  -66.630  -23.981 0.0000000000
17716  -24.944  -66.714  -24.615 0.0000000000
17702  -25.135  -66.414  -24.196 0.0000000000
17717  -25.452  -66.383  -24.573 0.0000000000
18755  -25.592  -65.921  -23.924 0.0000000000
18759  -25.806  -66.131  -24.588 0.0000000000
18764  -25.714  -66.373  -24.843 0.0000000000
17726  -27.623  -66.432  -24.589 0.0000000000
18762  -27.864  -66.026  -24.242 0.0000000000
18765  -26.059  -66.232  -24.950 0.0000000000
18766  -26.777  -65.898  -25.002 0.0000000000
18767  -27.607  -65.945  -24.880 0.0000000000
18689  -26.964  -65.565  -20.588 0.0000000000
19755  -27.083  -65.042  -21.117 0.0000000000
18711  -27.323  -65.830  -21.758 0.0000000000
19756  -27.440  -65.291  -21.853 0.0000000000
19768  -27.691  -65.409  -22.536 0.0000000000
19779  -27.949  -65.240  -23.225 0.0000000000
18754  -25.035  -66.317  -23.845 0.0000000000
18743  -24.789  -66.256  -23.261 0.0000000000
18744  -25.381  -65.619  -23.059 0.0000000000
19781  -25.745  -65.406  -23.436 0.0000000000
18760  -26.200  -65.726  -24.507 0.0000000000
18756  -25.924  -65.609  -23.958 0.0000000000
19782  -26.155  -65.067  -23.803 0.0000000000
19786  -26.223  -65.383  -24.207 0.0000000000
19784  -28.040  -65.453  -23.567 0.0000000000
18763  -28.101  -65.603  -24.056 0.0000000000
18758  -28.075  -65.539  -23.768 0.0000000000
19785  -28.177  -65.158  -23.810 0.0000000000
18761  -26.616  -65.506  -24.732 0.0000000000
19787  -26.570  -65.158  -24.438 0.0000000000
19789  -26.980  -65.229  -24.879 0.0000000000
18768  -28.057  -65.678  -24.443 0.0000000000
19788  -28.163  -65.204  -24.399 0.0000000000
19790  -27.337  -65.380  -24.961 0.0000000000
19791  -27.892  -65.332  -24.877 0.0000000000
19745  -26.812  -64.927  -20.435 0.0000000000
20783  -26.833  -64.290  -20.895 0.0000000000
20784  -27.281  -64.310  -21.684 0.0000000000
20795  -27.712  -64.601  -22.586 0.0000000000
20801  -28.041  -64.567  -23.325 0.0000000000
19780  -28.132  -64.895  -23.519 0.0000000000
20802  -28.212  -64.614  -23.737 0.0000000000
19777  -25.731  -64.919  -23.014 0.0000000000
19778  -26.015  -64.626  -23.410 0.0000000000
20803  -26.191  -64.285  -23.629 0.0000000000
19783  -26.566  -64.794  -24.166 0.0000000000
20804  -26.503  -64.379  -24.002 0.0000000000
20806  -26.906  -64.537  -24.452 0.0000000000
20805  -28.229  -64.672  -24.224 0.0000000000
20809  -26.905  -64.970  -24.659 0.0000000000
20808  -28.034  -64.759  -24.781 0.0000000000
20810  -27.191  -64.914  -24.822 0.0000000000
20811  -27.599  -64.971  -24.883 0.0000000000
21745  -27.433  -63.599  -22.228 0.0000000000
21751  -27.909  -63.802  -23.314 0.0000000000
21752  -28.125  -64.274  -23.587 0.0000000000
21757  -28.176  -64.156  -23.944 0.0000000000
20800  -25.923  -64.216  -23.207 0.0000000000
21754  -25.972  -63.496  -23.571 0.0000000000
21755  -26.339  -63.946  -23.859 0.0000000000
21759  -26.627  -63.669  -24.171 0.0000000000
21761  -27.913  -64.241  -24.440 0.0000000000
20807  -27.509  -64.545  -24.668 0.0000000000
21760  -27.355  -63.927  -24.430 0.0000000000
22741  -27.567  -62.841  -22.928 0.0000000000
21756  -27.844  -63.620  -24.144 0.0000000000
22745  -27.695  -62.961  -23.767 0.0000000000
22748  -27.235  -63.070  -24.287 0.0000000000
20799  -25.638  -64.175  -22.662 0.0000000000
21750  -25.770  -63.808  -23.038 0.0000000000
19767  -25.244  -64.789  -22.182 0.0000000000
20794  -25.267  -63.947  -22.051 0.0000000000
21749  -25.421  -63.383  -22.747 0.0000000000
19754  -25.087  -64.356  -21.805 0.0000000000
20782  -24.994  -64.015  -21.533 0.0000000000
21729  -24.997  -63.664  -21.727 0.0000000000
21743  -25.006  -63.296  -21.975 0.0000000000
19753  -24.836  -64.650  -21.482 0.0000000000
20781  -24.719  -64.070  -20.982 0.0000000000
21728  -24.718  -63.398  -21.368 0.0000000000
19744  -24.427  -64.777  -20.660 0.0000000000
20770  -24.485  -64.052  -20.414 0.0000000000
21716  -24.490  -63.496  -20.624 0.0000000000
20758  -24.304  -64.283  -19.945 0.0000000000
21702  -24.326  -63.598  -19.943 0.0000000000
18725  -25.313  -65.270  -22.617 0.0000000000
18724  -24.855  -65.695  -22.259 0.0000000000
19766  -24.875  -65.138  -21.823 0.0000000000
18709  -24.532  -65.353  -21.419 0.0000000000
19731  -26.597  -64.880  -19.803 0.0000000000
18668  -26.789  -65.418  -20.032 0.0000000000
20771  -26.599  -64.314  -20.198 0.0000000000
18688  -24.156  -65.538  -20.847 0.0000000000
19743  -24.034  -65.267  -20.312 0.0000000000
19729  -24.181  -64.863  -19.998 0.0000000000
17684  -24.243  -66.636  -23.460 0.0000000000
18742  -24.237  -66.535  -23.090 0.0000000000
18723  -24.172  -66.376  -22.578 0.0000000000
17683  -23.687  -66.715  -23.113 0.0000000000
18708  -23.932  -66.177  -21.540 0.0000000000
17663  -23.430  -66.653  -22.285 0.0000000000
17642  -23.172  -66.579  -21.714 0.0000000000
18707  -22.920  -66.378  -21.214 0.0000000000
18687  -23.566  -65.834  -20.497 0.0000000000
17605  -26.790  -65.911  -20.150 0.0000000000
17712  -21.658  -66.815  -24.123 0.0000000000
17698  -22.184  -66.731  -23.480 0.0000000000
17711  -20.874  -66.711  -24.164 0.0000000000
17697  -21.285  -66.424  -23.355 0.0000000000
17710  -20.176  -66.798  -24.132 0.0000000000
17696  -20.444  -66.354  -23.675 0.0000000000
17682  -22.813  -66.750  -22.865 0.0000000000
17681  -21.953  -66.552  -22.607 0.0000000000
17680  -21.416  -66.349  -22.757 0.0000000000
18753  -21.071  -66.205  -22.783 0.0000000000
18752  -20.603  -66.148  -23.081 0.0000000000
17662  -22.651  -66.624  -22.051 0.0000000000
17661  -22.181  -66.536  -22.082 0.0000000000
18741  -21.877  -66.421  -22.033 0.0000000000
18740  -21.361  -66.254  -22.258 0.0000000000
17641  -22.840  -66.551  -21.645 0.0000000000
18722  -22.603  -66.517  -21.629 0.0000000000
18721  -22.282  -66.454  -21.642 0.0000000000
12082  -18.084  -71.829  -23.929 0.0000000000
11222  -17.643  -71.967  -24.192 0.0000000000
12095  -17.348  -71.445  -24.558 0.0000000000
12069  -18.893  -71.803  -23.035 0.0000000000
11202  -18.400  -72.372  -22.886 0.0000000000
11212  -18.183  -72.063  -23.503 0.0000000000
11211  -17.678  -72.509  -23.598 0.0000000000
11189  -19.217  -72.384  -22.143 0.0000000000
11203  -18.950  -72.002  -22.673 0.0000000000
11188  -18.658  -72.718  -22.349 0.0000000000
10376  -18.388  -72.992  -22.453 0.0000000000
10375  -17.933  -73.248  -22.757 0.0000000000
11201  -17.876  -72.778  -23.095 0.0000000000
10387  -17.603  -73.046  -23.219 0.0000000000
11174  -19.805  -72.778  -21.591 0.0000000000
10366  -19.387  -73.285  -21.735 0.0000000000
10365  -18.764  -73.233  -22.101 0.0000000000
10351  -19.983  -73.389  -21.324 0.0000000000
10364  -18.297  -73.464  -22.326 0.0000000000
9563  -18.083  -73.967  -22.472 0.0000000000
9574  -17.621  -73.995  -22.832 0.0000000000
10374  -17.468  -73.476  -23.083 0.0000000000
9552  -19.605  -74.036  -21.539 0.0000000000
9565  -19.052  -73.957  -21.909 0.0000000000
9564  -18.535  -73.933  -22.173 0.0000000000
9553  -20.225  -74.125  -21.113 0.0000000000
9529  -22.407  -73.981  -19.110 0.0000000000
10297  -22.919  -73.374  -18.308 0.0000000000
9519  -22.751  -74.112  -18.553 0.0000000000
8830  -17.964  -74.699  -22.715 0.0000000000
8829  -17.267  -74.662  -23.088 0.0000000000
9573  -17.216  -73.894  -23.172 0.0000000000
8822  -19.352  -74.734  -21.993 0.0000000000
8821  -18.798  -74.520  -22.196 0.0000000000
8820  -18.359  -74.434  -22.361 0.0000000000
9539  -20.596  -74.466  -20.754 0.0000000000
8813  -20.246  -74.894  -21.042 0.0000000000
8812  -19.834  -74.740  -21.472 0.0000000000
8801  -21.658  -74.869  -19.654 0.0000000000
8800  -21.200  -75.106  -19.981 0.0000000000
8799  -20.631  -75.122  -20.533 0.0000000000
9518  -22.364  -74.607  -18.905 0.0000000000
8788  -21.968  -75.142  -19.229 0.0000000000
9505  -23.167  -74.026  -18.041 0.0000000000
8767  -23.023  -74.473  -18.231 0.0000000000
8777  -22.931  -74.944  -18.483 0.0000000000
8776  -22.459  -75.234  -18.844 0.0000000000
8130  -18.340  -75.367  -23.069 0.0000000000
8129  -17.736  -75.316  -23.101 0.0000000000
8831  -18.571  -74.922  -22.600 0.0000000000
8121  -19.801  -75.317  -21.956 0.0000000000
8132  -19.559  -75.413  -22.688 0.0000000000
8832  -19.050  -74.991  -22.487 0.0000000000
8113  -20.331  -75.632  -21.098 0.0000000000
8112  -20.036  -75.282  -21.446 0.0000000000
8787  -21.577  -75.380  -19.609 0.0000000000
8084  -21.356  -75.919  -19.870 0.0000000000
8101  -20.908  -75.820  -20.354 0.0000000000
8100  -20.578  -75.716  -20.673 0.0000000000
8070  -22.350  -75.773  -19.095 0.0000000000
8085  -21.868  -75.859  -19.486 0.0000000000
8071  -22.890  -75.622  -18.811 0.0000000000
8133  -20.085  -75.833  -22.463 0.0000000000
8146  -19.481  -75.569  -23.577 0.0000000000
8131  -18.963  -75.336  -23.003 0.0000000000
8147  -20.329  -75.877  -23.419 0.0000000000
8145  -18.784  -75.641  -23.668 0.0000000000
8144  -18.051  -75.852  -23.735 0.0000000000
8143  -17.234  -75.566  -23.482 0.0000000000
8122  -20.163  -75.763  -21.780 0.0000000000
7379  -20.683  -76.218  -20.888 0.0000000000
7391  -20.498  -76.247  -21.592 0.0000000000
7380  -21.386  -76.678  -20.540 0.0000000000
7365  -22.413  -76.388  -19.575 0.0000000000
7364  -21.802  -76.378  -19.889 0.0000000000
7349  -22.824  -76.109  -19.144 0.0000000000
7392  -21.048  -76.725  -21.436 0.0000000000
7403  -20.858  -76.591  -22.285 0.0000000000
7402  -20.393  -76.162  -22.175 0.0000000000
6718  -21.978  -77.085  -20.777 0.0000000000
6717  -21.642  -77.045  -20.833 0.0000000000
7381  -22.169  -76.791  -20.232 0.0000000000
6728  -21.712  -77.099  -21.281 0.0000000000
7366  -23.207  -76.447  -19.545 0.0000000000
7382  -22.901  -76.790  -20.135 0.0000000000
7350  -23.358  -76.014  -19.017 0.0000000000
6729  -22.451  -77.203  -21.318 0.0000000000
6741  -22.253  -77.243  -22.029 0.0000000000
6740  -21.504  -77.057  -22.125 0.0000000000
6719  -22.645  -77.085  -20.697 0.0000000000
6730  -23.152  -77.157  -21.231 0.0000000000
6720  -23.260  -76.998  -20.657 0.0000000000
6731  -23.823  -76.917  -21.042 0.0000000000
7383  -23.733  -76.660  -20.317 0.0000000000
6742  -23.004  -77.262  -21.939 0.0000000000
6743  -23.719  -77.124  -21.801 0.0000000000
7393  -23.933  -76.753  -20.730 0.0000000000
6744  -24.250  -76.897  -21.625 0.0000000000
6732  -24.220  -76.779  -21.224 0.0000000000
7394  -24.252  -76.639  -20.845 0.0000000000
7404  -24.564  -76.625  -21.386 0.0000000000
6753  -22.070  -77.164  -22.820 0.0000000000
6752  -21.382  -76.883  -22.890 0.0000000000
6754  -22.840  -77.282  -22.702 0.0000000000
6755  -23.610  -77.231  -22.572 0.0000000000
6756  -24.426  -76.997  -22.423 0.0000000000
7414  -24.669  -76.720  -21.905 0.0000000000
7413  -20.933  -76.497  -23.009 0.0000000000
6766  -21.869  -76.927  -23.650 0.0000000000
6765  -21.289  -76.655  -23.382 0.0000000000
6767  -22.674  -77.180  -23.485 0.0000000000
6768  -23.450  -77.241  -23.351 0.0000000000
6769  -24.171  -77.120  -23.208 0.0000000000
6770  -24.787  -76.916  -23.175 0.0000000000
6757  -24.901  -76.818  -22.760 0.0000000000
7415  -25.092  -76.633  -22.366 0.0000000000
7429  -25.252  -76.654  -23.050 0.0000000000
7427  -20.934  -76.315  -23.539 0.0000000000
7428  -21.382  -76.571  -23.808 0.0000000000
6778  -22.529  -77.023  -24.154 0.0000000000
6777  -22.104  -76.862  -24.209 0.0000000000
7437  -21.729  -76.585  -24.340 0.0000000000
6779  -23.324  -77.131  -24.176 0.0000000000
6780  -24.046  -77.155  -23.912 0.0000000000
6781  -24.646  -77.002  -23.780 0.0000000000
7440  -25.230  -76.734  -23.792 0.0000000000
7438  -22.327  -76.806  -24.662 0.0000000000
7439  -22.924  -76.945  -24.664 0.0000000000
6787  -24.021  -77.074  -24.522 0.0000000000
7449  -23.612  -76.946  -25.050 0.0000000000
6788  -24.588  -76.990  -24.370 0.0000000000
6789  -24.955  -76.886  -24.176 0.0000000000
7450  -24.487  -76.931  -25.035 0.0000000000
7451  -25.284  -76.692  -24.724 0.0000000000
7367  -23.985  -76.144  -19.453 0.0000000000
7384  -24.468  -76.312  -20.267 0.0000000000
7368  -24.726  -75.903  -19.769 0.0000000000
7385  -25.045  -76.012  -20.319 0.0000000000
7395  -25.009  -76.299  -20.987 0.0000000000
7369  -25.129  -75.766  -19.963 0.0000000000
8102  -25.529  -75.672  -20.281 0.0000000000
8114  -25.366  -75.977  -20.709 0.0000000000
7405  -25.036  -76.457  -21.692 0.0000000000
7396  -25.366  -76.231  -21.482 0.0000000000
8115  -25.862  -75.862  -21.261 0.0000000000
7406  -25.550  -76.286  -21.975 0.0000000000
7412  -20.517  -76.230  -22.763 0.0000000000
8123  -26.143  -76.050  -22.312 0.0000000000
7416  -25.739  -76.381  -22.730 0.0000000000
7426  -20.667  -76.243  -23.187 0.0000000000
8134  -26.164  -76.171  -22.813 0.0000000000
7430  -25.753  -76.460  -23.430 0.0000000000
7417  -26.121  -76.257  -23.144 0.0000000000
7431  -26.263  -76.218  -23.677 0.0000000000
8135  -26.598  -75.928  -23.055 0.0000000000
8148  -20.796  -76.081  -23.863 0.0000000000
7436  -21.153  -76.279  -24.104 0.0000000000
7441  -25.857  -76.447  -24.148 0.0000000000
8149  -26.710  -75.905  -23.922 0.0000000000
7442  -26.413  -76.159  -24.338 0.0000000000
8158  -20.762  -75.894  -24.382 0.0000000000
7446  -21.347  -76.212  -24.673 0.0000000000
7447  -21.942  -76.403  -25.262 0.0000000000
7448  -22.820  -76.744  -25.246 0.0000000000
7452  -26.119  -76.330  -24.881 0.0000000000
8159  -26.747  -75.878  -24.463 0.0000000000
7453  -26.632  -76.006  -24.891 0.0000000000
8166  -21.122  -75.970  -25.273 0.0000000000
8167  -21.538  -76.143  -25.762 0.0000000000
7460  -22.661  -76.578  -25.970 0.0000000000
7459  -21.936  -76.325  -26.189 0.0000000000
7461  -23.436  -76.760  -25.850 0.0000000000
7462  -24.243  -76.826  -25.761 0.0000000000
7463  -25.078  -76.743  -25.675 0.0000000000
7464  -25.889  -76.459  -25.605 0.0000000000
7465  -26.539  -76.123  -25.497 0.0000000000
8168  -26.911  -75.715  -24.790 0.0000000000
8176  -26.924  -75.727  -25.295 0.0000000000
8175  -21.485  -76.212  -26.097 0.0000000000
7471  -21.845  -76.751  -26.947 0.0000000000
7458  -21.352  -76.402  -26.418 0.0000000000
7472  -22.548  -76.620  -26.679 0.0000000000
7473  -23.239  -76.755  -26.586 0.0000000000
7474  -23.995  -76.796  -26.465 0.0000000000
7475  -24.808  -76.817  -26.410 0.0000000000
7476  -25.686  -76.673  -26.365 0.0000000000
7477  -26.594  -76.282  -26.302 0.0000000000
8180  -26.928  -75.837  -25.857 0.0000000000
7481  -22.534  -76.930  -27.211 0.0000000000
7482  -22.971  -76.866  -27.004 0.0000000000
8103  -26.218  -75.267  -20.424 0.0000000000
8116  -26.651  -75.311  -21.153 0.0000000000
8124  -26.833  -75.506  -22.051 0.0000000000
8104  -26.704  -74.995  -20.641 0.0000000000
8814  -27.075  -74.884  -21.078 0.0000000000
8823  -27.042  -75.126  -21.538 0.0000000000
8136  -27.208  -75.464  -22.890 0.0000000000
8125  -27.354  -75.240  -22.393 0.0000000000
8824  -27.576  -74.768  -21.872 0.0000000000
8833  -27.630  -75.045  -22.804 0.0000000000
8150  -27.121  -75.580  -23.638 0.0000000000
8842  -27.511  -75.254  -23.411 0.0000000000
7425  -17.523  -76.311  -23.829 0.0000000000
7434  -17.956  -76.459  -24.152 0.0000000000
8154  -18.235  -76.204  -24.191 0.0000000000
8155  -18.622  -76.003  -24.318 0.0000000000
8156  -19.255  -75.723  -24.297 0.0000000000
8157  -19.987  -75.653  -24.313 0.0000000000
8160  -27.048  -75.615  -24.327 0.0000000000
8847  -27.512  -75.178  -24.184 0.0000000000
7435  -18.380  -76.553  -24.469 0.0000000000
7444  -18.837  -76.452  -24.750 0.0000000000
8163  -19.094  -76.016  -24.764 0.0000000000
8164  -19.679  -75.847  -25.020 0.0000000000
8165  -20.368  -75.742  -25.056 0.0000000000
8169  -27.229  -75.413  -24.904 0.0000000000
7445  -19.358  -76.422  -25.079 0.0000000000
7456  -19.952  -76.391  -25.611 0.0000000000
8172  -20.086  -75.860  -25.442 0.0000000000
8173  -20.537  -75.931  -25.741 0.0000000000
8174  -21.118  -76.119  -25.971 0.0000000000
8851  -27.643  -74.932  -25.039 0.0000000000
8177  -27.379  -75.411  -25.663 0.0000000000
7457  -20.705  -76.652  -26.186 0.0000000000
8834  -28.089  -74.589  -22.742 0.0000000000
8843  -27.905  -74.836  -23.513 0.0000000000
8825  -28.108  -74.359  -22.222 0.0000000000
9575  -28.508  -74.005  -22.567 0.0000000000
9584  -28.458  -74.218  -23.524 0.0000000000
8848  -28.039  -74.577  -24.359 0.0000000000
7470  -21.198  -76.874  -26.684 0.0000000000
6794  -20.376  -77.262  -25.523 0.0000000000
6798  -20.815  -77.419  -26.265 0.0000000000
7469  -20.941  -77.081  -26.490 0.0000000000
6793  -19.709  -76.952  -25.191 0.0000000000
6785  -19.224  -76.979  -24.680 0.0000000000
6784  -18.700  -76.836  -24.646 0.0000000000
6774  -18.690  -77.064  -24.195 0.0000000000
6773  -18.164  -76.869  -24.256 0.0000000000
6786  -19.941  -77.477  -24.678 0.0000000000
6775  -19.505  -77.497  -24.011 0.0000000000
