#!ascii label  , from subject  vox2ras=TkReg
755
12854  -27.774  -70.957  -17.209 0.0000000000
11950  -27.410  -71.372  -17.315 0.0000000000
11932  -27.457  -71.134  -16.956 0.0000000000
12835  -27.551  -70.858  -16.498 0.0000000000
12875  -27.668  -71.234  -17.637 0.0000000000
12836  -28.028  -70.640  -16.733 0.0000000000
12855  -28.353  -70.539  -17.211 0.0000000000
12876  -28.075  -71.055  -18.071 0.0000000000
13761  -28.423  -70.208  -16.448 0.0000000000
13775  -28.649  -70.209  -16.949 0.0000000000
12877  -28.716  -70.443  -17.818 0.0000000000
12856  -28.774  -70.217  -17.275 0.0000000000
13776  -29.070  -69.908  -16.860 0.0000000000
13793  -29.122  -70.048  -17.527 0.0000000000
11966  -27.499  -71.627  -17.918 0.0000000000
11967  -27.776  -71.534  -18.307 0.0000000000
11991  -27.939  -71.632  -18.772 0.0000000000
12890  -28.426  -71.155  -19.010 0.0000000000
12891  -28.785  -70.654  -18.618 0.0000000000
13809  -29.202  -70.163  -18.201 0.0000000000
12014  -28.290  -71.615  -19.388 0.0000000000
12906  -28.578  -71.248  -19.465 0.0000000000
12907  -29.035  -70.865  -19.651 0.0000000000
13825  -29.295  -70.284  -18.930 0.0000000000
12015  -28.633  -71.420  -19.753 0.0000000000
12032  -28.844  -71.579  -20.338 0.0000000000
12925  -29.132  -71.106  -20.305 0.0000000000
12926  -29.432  -70.790  -20.403 0.0000000000
12908  -29.560  -70.500  -20.032 0.0000000000
13826  -29.831  -70.060  -19.565 0.0000000000
13841  -29.965  -70.306  -20.494 0.0000000000
12941  -29.256  -71.213  -20.808 0.0000000000
12942  -29.725  -70.816  -21.091 0.0000000000
12044  -29.109  -71.825  -21.188 0.0000000000
12955  -29.482  -71.293  -21.442 0.0000000000
13852  -30.272  -70.296  -21.481 0.0000000000
12956  -29.903  -70.971  -21.931 0.0000000000
12061  -29.515  -71.706  -22.157 0.0000000000
12062  -29.883  -71.277  -22.382 0.0000000000
12970  -30.109  -70.923  -22.643 0.0000000000
13864  -30.317  -70.493  -22.323 0.0000000000
12078  -29.870  -71.440  -22.836 0.0000000000
12983  -30.126  -71.065  -23.262 0.0000000000
13878  -30.333  -70.570  -22.739 0.0000000000
12971  -30.313  -70.670  -23.037 0.0000000000
12984  -30.444  -70.630  -23.580 0.0000000000
13879  -30.611  -70.239  -22.953 0.0000000000
12090  -29.869  -71.661  -23.590 0.0000000000
12998  -30.196  -71.117  -23.883 0.0000000000
13887  -30.917  -70.032  -23.820 0.0000000000
12999  -30.650  -70.802  -24.488 0.0000000000
12102  -30.070  -71.555  -24.445 0.0000000000
13760  -27.957  -70.520  -16.365 0.0000000000
13746  -27.806  -70.347  -15.811 0.0000000000
13747  -28.566  -69.767  -15.563 0.0000000000
13762  -28.951  -69.727  -16.124 0.0000000000
13748  -28.953  -69.525  -15.705 0.0000000000
14698  -29.249  -69.343  -15.856 0.0000000000
14715  -29.352  -69.486  -16.383 0.0000000000
13777  -29.395  -69.797  -17.273 0.0000000000
14716  -29.767  -69.410  -16.984 0.0000000000
13794  -29.592  -69.793  -17.735 0.0000000000
14732  -30.182  -69.352  -17.913 0.0000000000
13810  -29.766  -69.845  -18.555 0.0000000000
14747  -30.474  -69.393  -18.995 0.0000000000
14757  -30.372  -69.636  -19.684 0.0000000000
13827  -30.314  -69.811  -20.120 0.0000000000
13842  -30.558  -69.807  -20.784 0.0000000000
14758  -30.877  -69.292  -20.056 0.0000000000
14766  -31.015  -69.332  -21.036 0.0000000000
13853  -30.779  -69.717  -21.542 0.0000000000
13865  -30.687  -70.016  -22.188 0.0000000000
14779  -31.110  -69.345  -21.640 0.0000000000
14794  -31.048  -69.559  -22.121 0.0000000000
14809  -31.001  -69.763  -22.731 0.0000000000
14819  -30.954  -69.876  -23.208 0.0000000000
14681  -29.026  -69.221  -15.303 0.0000000000
14682  -29.443  -68.990  -15.564 0.0000000000
14699  -29.730  -69.056  -16.094 0.0000000000
15589  -29.784  -68.477  -15.440 0.0000000000
15606  -30.123  -68.579  -16.046 0.0000000000
14700  -30.174  -68.871  -16.521 0.0000000000
14717  -30.524  -68.884  -17.153 0.0000000000
15607  -30.626  -68.319  -16.395 0.0000000000
15622  -31.153  -68.249  -17.174 0.0000000000
14733  -30.960  -68.782  -18.074 0.0000000000
15635  -31.450  -68.290  -17.813 0.0000000000
14748  -31.362  -68.828  -19.116 0.0000000000
15648  -31.547  -68.420  -18.395 0.0000000000
14759  -31.610  -68.781  -19.954 0.0000000000
14749  -31.767  -68.548  -19.466 0.0000000000
15649  -32.054  -68.216  -18.974 0.0000000000
15661  -32.087  -68.384  -19.830 0.0000000000
14767  -31.481  -68.962  -20.725 0.0000000000
15675  -32.005  -68.534  -20.564 0.0000000000
14780  -31.435  -69.063  -21.447 0.0000000000
15691  -31.875  -68.668  -21.307 0.0000000000
14795  -31.395  -69.216  -22.026 0.0000000000
15708  -31.743  -68.869  -21.952 0.0000000000
14810  -31.360  -69.379  -22.597 0.0000000000
15727  -31.641  -69.071  -22.419 0.0000000000
14820  -31.302  -69.527  -23.336 0.0000000000
15737  -31.673  -69.083  -22.979 0.0000000000
13888  -31.268  -69.628  -23.890 0.0000000000
14829  -31.515  -69.382  -23.905 0.0000000000
14821  -31.688  -69.121  -23.572 0.0000000000
15588  -29.352  -68.771  -15.183 0.0000000000
15570  -29.430  -68.459  -14.997 0.0000000000
16508  -29.559  -67.932  -14.705 0.0000000000
16526  -30.139  -67.698  -15.303 0.0000000000
15590  -30.293  -68.163  -15.782 0.0000000000
16527  -30.642  -67.624  -15.849 0.0000000000
16544  -31.168  -67.592  -16.461 0.0000000000
16561  -31.510  -67.701  -17.021 0.0000000000
15623  -31.608  -67.929  -17.460 0.0000000000
15636  -31.905  -67.942  -18.030 0.0000000000
16562  -31.952  -67.366  -17.330 0.0000000000
16575  -32.269  -67.470  -17.932 0.0000000000
15637  -32.322  -67.699  -18.428 0.0000000000
15650  -32.657  -67.606  -18.976 0.0000000000
16576  -32.691  -67.165  -18.273 0.0000000000
15662  -32.541  -67.940  -19.678 0.0000000000
16589  -33.170  -66.974  -18.947 0.0000000000
16604  -33.048  -67.446  -19.632 0.0000000000
15676  -32.474  -68.147  -20.382 0.0000000000
16619  -32.909  -67.743  -20.306 0.0000000000
15692  -32.516  -68.221  -21.197 0.0000000000
16636  -32.762  -67.961  -20.743 0.0000000000
15709  -32.207  -68.505  -21.950 0.0000000000
15710  -32.736  -68.178  -21.996 0.0000000000
15693  -32.892  -67.972  -21.559 0.0000000000
16637  -33.151  -67.692  -21.099 0.0000000000
15728  -31.957  -68.750  -22.563 0.0000000000
15569  -29.002  -68.624  -14.670 0.0000000000
16507  -29.167  -68.092  -14.394 0.0000000000
16491  -29.082  -67.587  -13.996 0.0000000000
16492  -29.567  -67.330  -14.373 0.0000000000
17519  -29.957  -66.979  -14.749 0.0000000000
17530  -30.469  -66.937  -15.403 0.0000000000
17531  -30.936  -66.914  -15.942 0.0000000000
17542  -31.377  -66.835  -16.383 0.0000000000
16545  -31.600  -67.272  -16.759 0.0000000000
17543  -31.761  -66.731  -16.813 0.0000000000
17557  -32.249  -66.547  -17.223 0.0000000000
16563  -32.409  -67.063  -17.674 0.0000000000
17558  -32.719  -66.607  -17.761 0.0000000000
17572  -33.152  -66.544  -18.307 0.0000000000
17588  -33.292  -66.652  -18.704 0.0000000000
16605  -33.399  -67.001  -19.625 0.0000000000
16590  -33.461  -66.783  -19.253 0.0000000000
17589  -33.568  -66.407  -18.863 0.0000000000
17606  -33.703  -66.672  -19.575 0.0000000000
16620  -33.481  -67.200  -20.317 0.0000000000
17622  -33.619  -66.933  -20.035 0.0000000000
17500  -29.511  -66.763  -14.176 0.0000000000
18541  -29.791  -65.956  -14.497 0.0000000000
18559  -30.259  -66.150  -15.102 0.0000000000
18577  -30.692  -66.217  -15.636 0.0000000000
18578  -31.086  -66.231  -16.102 0.0000000000
18595  -31.478  -66.209  -16.479 0.0000000000
18596  -31.820  -66.099  -16.827 0.0000000000
18607  -32.126  -65.878  -17.083 0.0000000000
18608  -32.649  -65.910  -17.484 0.0000000000
18626  -32.949  -66.242  -17.840 0.0000000000
17573  -33.360  -66.207  -18.366 0.0000000000
18627  -33.217  -65.836  -17.982 0.0000000000
18648  -33.509  -65.997  -18.411 0.0000000000
17607  -33.981  -66.236  -19.473 0.0000000000
17590  -33.938  -65.963  -18.995 0.0000000000
18649  -33.845  -65.769  -18.670 0.0000000000
18669  -34.227  -65.745  -19.253 0.0000000000
18540  -29.342  -65.997  -13.931 0.0000000000
19592  -29.490  -65.305  -14.173 0.0000000000
19593  -29.728  -65.194  -14.536 0.0000000000
19607  -30.013  -65.332  -14.989 0.0000000000
19624  -30.410  -65.514  -15.515 0.0000000000
19625  -30.779  -65.592  -15.951 0.0000000000
19645  -31.169  -65.635  -16.332 0.0000000000
19646  -31.521  -65.727  -16.608 0.0000000000
19666  -31.739  -65.474  -16.897 0.0000000000
19667  -32.182  -65.250  -17.262 0.0000000000
18609  -32.901  -65.522  -17.648 0.0000000000
19668  -32.657  -65.320  -17.528 0.0000000000
19691  -32.999  -65.037  -17.803 0.0000000000
18628  -33.570  -65.722  -18.277 0.0000000000
19692  -33.634  -65.219  -18.218 0.0000000000
19714  -34.174  -65.148  -18.811 0.0000000000
19586  -29.130  -65.278  -13.681 0.0000000000
20653  -29.326  -64.545  -14.065 0.0000000000
20654  -29.575  -64.886  -14.361 0.0000000000
20670  -29.710  -64.525  -14.696 0.0000000000
20685  -30.176  -64.681  -15.591 0.0000000000
20686  -30.523  -65.154  -15.849 0.0000000000
20700  -30.749  -64.852  -16.337 0.0000000000
20701  -31.320  -65.262  -16.647 0.0000000000
20716  -31.415  -64.661  -17.122 0.0000000000
20717  -32.077  -64.667  -17.470 0.0000000000
19690  -32.494  -64.905  -17.555 0.0000000000
20731  -32.443  -64.358  -17.896 0.0000000000
20732  -33.282  -64.366  -18.199 0.0000000000
20733  -33.871  -64.641  -18.452 0.0000000000
20646  -28.855  -64.559  -13.444 0.0000000000
21615  -29.039  -63.788  -13.699 0.0000000000
20669  -29.435  -64.158  -14.366 0.0000000000
21632  -29.293  -63.918  -14.147 0.0000000000
21633  -29.519  -63.665  -14.487 0.0000000000
21646  -29.876  -63.798  -15.191 0.0000000000
20699  -30.340  -64.348  -16.090 0.0000000000
21658  -30.141  -63.890  -15.878 0.0000000000
21659  -30.458  -63.950  -16.468 0.0000000000
20715  -30.823  -64.327  -16.819 0.0000000000
21669  -30.853  -63.774  -17.219 0.0000000000
21670  -31.342  -64.020  -17.670 0.0000000000
20730  -31.791  -64.283  -17.689 0.0000000000
21680  -31.752  -63.675  -18.219 0.0000000000
21681  -32.668  -63.727  -18.477 0.0000000000
21682  -33.333  -63.775  -18.622 0.0000000000
20746  -33.758  -64.134  -18.552 0.0000000000
20747  -34.302  -64.385  -18.800 0.0000000000
21602  -28.564  -63.885  -13.214 0.0000000000
22557  -28.943  -63.036  -13.149 0.0000000000
22573  -29.201  -63.167  -13.695 0.0000000000
21616  -29.288  -63.475  -14.029 0.0000000000
22574  -29.563  -62.932  -14.000 0.0000000000
22591  -29.861  -62.964  -14.753 0.0000000000
22609  -30.100  -63.109  -15.634 0.0000000000
22627  -30.255  -63.465  -16.148 0.0000000000
22628  -30.528  -62.946  -16.512 0.0000000000
22641  -30.994  -62.798  -17.640 0.0000000000
21679  -31.151  -63.528  -17.848 0.0000000000
22655  -31.226  -63.215  -18.185 0.0000000000
22656  -31.533  -62.701  -18.549 0.0000000000
21691  -32.143  -63.288  -19.021 0.0000000000
21692  -33.005  -63.234  -19.185 0.0000000000
22667  -32.044  -62.603  -19.393 0.0000000000
22668  -32.443  -62.968  -19.423 0.0000000000
22556  -28.354  -63.436  -12.807 0.0000000000
22541  -28.575  -62.807  -12.563 0.0000000000
23606  -29.229  -62.118  -12.475 0.0000000000
23617  -29.372  -62.516  -13.099 0.0000000000
22558  -29.397  -62.756  -13.454 0.0000000000
23618  -29.894  -62.153  -13.332 0.0000000000
23630  -29.961  -62.498  -14.148 0.0000000000
23646  -30.150  -62.384  -14.585 0.0000000000
22592  -30.207  -62.545  -15.090 0.0000000000
22610  -30.515  -62.391  -15.616 0.0000000000
23647  -30.594  -62.013  -14.799 0.0000000000
23669  -30.969  -61.797  -15.441 0.0000000000
23696  -30.908  -62.086  -16.151 0.0000000000
23711  -30.952  -62.230  -16.881 0.0000000000
22642  -31.344  -62.288  -17.997 0.0000000000
23712  -31.398  -61.901  -17.426 0.0000000000
23724  -31.665  -61.825  -18.244 0.0000000000
23735  -31.976  -61.884  -19.015 0.0000000000
23631  -30.313  -62.055  -14.079 0.0000000000
23619  -30.457  -61.802  -13.612 0.0000000000
24841  -30.839  -61.506  -14.001 0.0000000000
24852  -31.159  -61.398  -14.792 0.0000000000
24870  -31.392  -61.335  -15.402 0.0000000000
23670  -31.323  -61.613  -15.880 0.0000000000
23697  -31.377  -61.693  -16.529 0.0000000000
24871  -31.814  -60.990  -15.942 0.0000000000
24896  -31.783  -61.235  -16.923 0.0000000000
24915  -31.856  -61.337  -17.695 0.0000000000
24929  -31.983  -61.342  -18.253 0.0000000000
24943  -31.950  -61.527  -18.575 0.0000000000
24824  -30.628  -61.343  -13.107 0.0000000000
24825  -31.191  -61.000  -13.503 0.0000000000
24842  -31.504  -60.910  -14.144 0.0000000000
24853  -31.709  -60.867  -14.978 0.0000000000
21601  -28.192  -63.985  -12.921 0.0000000000
21584  -27.902  -63.828  -12.657 0.0000000000
22540  -27.897  -63.074  -12.355 0.0000000000
20645  -28.261  -64.594  -12.947 0.0000000000
20637  -28.005  -64.231  -12.779 0.0000000000
20636  -27.634  -64.521  -12.607 0.0000000000
21583  -27.331  -63.744  -12.405 0.0000000000
20635  -26.847  -64.403  -12.451 0.0000000000
21582  -26.572  -63.626  -12.351 0.0000000000
22539  -27.075  -62.977  -12.177 0.0000000000
20634  -26.052  -64.327  -12.575 0.0000000000
21581  -25.853  -63.434  -12.541 0.0000000000
22538  -26.292  -62.819  -12.243 0.0000000000
20633  -25.410  -63.948  -12.881 0.0000000000
21580  -25.287  -63.178  -12.884 0.0000000000
22537  -25.599  -62.677  -12.530 0.0000000000
19585  -28.645  -65.297  -13.199 0.0000000000
19584  -28.124  -65.359  -12.842 0.0000000000
20644  -27.930  -64.939  -12.722 0.0000000000
19576  -27.623  -65.289  -12.644 0.0000000000
19575  -27.055  -65.125  -12.516 0.0000000000
19574  -26.422  -65.037  -12.555 0.0000000000
19583  -25.924  -65.121  -12.836 0.0000000000
20643  -25.529  -64.636  -12.933 0.0000000000
20642  -25.082  -64.447  -13.467 0.0000000000
21600  -25.026  -63.593  -13.306 0.0000000000
18528  -28.934  -65.994  -13.426 0.0000000000
18527  -28.401  -66.016  -13.039 0.0000000000
18526  -27.745  -66.017  -12.740 0.0000000000
18512  -26.198  -65.471  -12.747 0.0000000000
18524  -25.964  -65.974  -13.119 0.0000000000
19582  -25.486  -65.225  -13.261 0.0000000000
18523  -25.480  -65.707  -13.495 0.0000000000
19591  -25.174  -65.371  -13.916 0.0000000000
18514  -27.202  -65.764  -12.589 0.0000000000
18513  -26.579  -65.698  -12.648 0.0000000000
17499  -29.107  -66.694  -13.702 0.0000000000
17479  -28.690  -66.672  -13.309 0.0000000000
17478  -28.109  -66.732  -12.988 0.0000000000
17477  -27.338  -66.715  -12.810 0.0000000000
17462  -27.298  -66.189  -12.660 0.0000000000
17476  -26.556  -66.694  -12.997 0.0000000000
17475  -26.018  -66.838  -13.397 0.0000000000
18525  -26.471  -66.165  -12.816 0.0000000000
18539  -25.753  -66.485  -13.528 0.0000000000
18538  -25.480  -66.187  -13.815 0.0000000000
17461  -26.898  -66.217  -12.714 0.0000000000
16474  -28.878  -67.109  -13.570 0.0000000000
16473  -28.496  -67.418  -13.437 0.0000000000
16472  -27.777  -67.414  -13.128 0.0000000000
16471  -26.992  -67.500  -13.163 0.0000000000
16470  -26.367  -67.318  -13.295 0.0000000000
16488  -25.963  -67.582  -13.756 0.0000000000
17498  -25.672  -66.895  -13.877 0.0000000000
15553  -28.967  -68.175  -14.246 0.0000000000
15552  -28.523  -68.319  -14.015 0.0000000000
16490  -28.653  -67.815  -13.758 0.0000000000
15533  -28.434  -67.884  -13.663 0.0000000000
15549  -26.248  -68.329  -13.827 0.0000000000
15548  -25.628  -68.291  -14.207 0.0000000000
16487  -25.460  -67.511  -14.352 0.0000000000
16489  -26.491  -67.833  -13.483 0.0000000000
15567  -25.113  -68.221  -14.879 0.0000000000
16506  -25.176  -67.300  -15.071 0.0000000000
17497  -25.356  -66.752  -14.420 0.0000000000
15532  -28.103  -67.933  -13.513 0.0000000000
15531  -27.529  -67.963  -13.357 0.0000000000
15550  -26.980  -68.339  -13.571 0.0000000000
14656  -28.796  -69.132  -14.924 0.0000000000
14655  -28.420  -69.193  -14.681 0.0000000000
15568  -28.605  -68.754  -14.407 0.0000000000
14627  -28.400  -68.822  -14.294 0.0000000000
14651  -25.354  -69.158  -14.621 0.0000000000
14650  -24.779  -68.887  -15.120 0.0000000000
15566  -24.684  -68.483  -15.407 0.0000000000
15587  -24.870  -67.925  -15.482 0.0000000000
14678  -24.271  -69.148  -15.790 0.0000000000
15586  -24.544  -68.283  -15.859 0.0000000000
14626  -28.045  -68.934  -14.153 0.0000000000
15551  -27.763  -68.446  -13.728 0.0000000000
14625  -27.329  -68.994  -14.024 0.0000000000
14624  -26.581  -68.963  -14.007 0.0000000000
14623  -25.956  -68.869  -14.147 0.0000000000
14680  -28.661  -69.397  -15.104 0.0000000000
13731  -28.444  -69.574  -15.093 0.0000000000
13743  -24.589  -70.102  -15.480 0.0000000000
13742  -24.116  -69.936  -15.909 0.0000000000
14677  -23.925  -69.676  -16.129 0.0000000000
14679  -24.784  -69.460  -15.153 0.0000000000
14696  -23.818  -69.365  -16.562 0.0000000000
14697  -24.052  -68.971  -16.332 0.0000000000
15605  -24.234  -68.506  -16.461 0.0000000000
13758  -23.814  -70.294  -16.420 0.0000000000
13730  -28.057  -69.827  -15.080 0.0000000000
14654  -27.672  -69.488  -14.541 0.0000000000
13729  -27.212  -70.187  -15.085 0.0000000000
14653  -26.898  -69.573  -14.414 0.0000000000
13728  -26.420  -70.075  -14.743 0.0000000000
14652  -26.144  -69.459  -14.394 0.0000000000
13727  -25.746  -69.939  -14.733 0.0000000000
13744  -25.195  -69.965  -15.012 0.0000000000
12832  -24.208  -70.969  -16.231 0.0000000000
12831  -23.827  -71.067  -16.626 0.0000000000
13759  -24.241  -70.446  -15.932 0.0000000000
12853  -23.567  -70.824  -17.025 0.0000000000
13774  -23.526  -70.020  -17.319 0.0000000000
12816  -27.308  -70.751  -15.932 0.0000000000
13745  -27.308  -70.538  -15.593 0.0000000000
12815  -26.860  -70.759  -15.630 0.0000000000
12801  -25.540  -70.304  -14.987 0.0000000000
12813  -25.366  -70.691  -15.394 0.0000000000
12812  -24.679  -70.867  -15.790 0.0000000000
12803  -26.541  -70.539  -15.159 0.0000000000
12802  -25.959  -70.467  -15.034 0.0000000000
11947  -23.640  -71.659  -17.060 0.0000000000
12874  -23.234  -71.091  -17.792 0.0000000000
11931  -27.096  -71.336  -16.817 0.0000000000
12834  -26.937  -71.094  -16.224 0.0000000000
11930  -26.313  -71.668  -16.526 0.0000000000
12833  -26.503  -71.166  -15.963 0.0000000000
11909  -26.193  -71.275  -15.972 0.0000000000
12814  -26.175  -70.915  -15.552 0.0000000000
11928  -24.710  -71.540  -16.201 0.0000000000
11927  -24.106  -71.558  -16.534 0.0000000000
11908  -25.781  -71.279  -15.896 0.0000000000
11907  -25.191  -71.234  -15.880 0.0000000000
11214  -29.645  -72.111  -23.747 0.0000000000
12089  -29.643  -72.051  -23.439 0.0000000000
11224  -29.759  -71.958  -24.103 0.0000000000
12077  -29.612  -71.962  -23.008 0.0000000000
11213  -29.452  -72.457  -23.412 0.0000000000
11204  -29.309  -72.443  -22.621 0.0000000000
11196  -29.051  -72.501  -21.822 0.0000000000
11181  -28.756  -72.406  -21.055 0.0000000000
11163  -28.768  -72.038  -20.738 0.0000000000
11162  -28.383  -72.360  -20.360 0.0000000000
12031  -28.442  -71.816  -19.893 0.0000000000
11145  -28.075  -72.130  -19.601 0.0000000000
11131  -27.934  -71.918  -19.191 0.0000000000
11130  -27.531  -72.376  -18.922 0.0000000000
11990  -27.601  -71.835  -18.449 0.0000000000
11111  -27.337  -72.065  -18.266 0.0000000000
11965  -27.161  -72.010  -17.924 0.0000000000
11949  -26.923  -71.872  -17.399 0.0000000000
11110  -26.898  -72.477  -18.107 0.0000000000
11091  -26.557  -72.347  -17.483 0.0000000000
11948  -26.463  -72.103  -17.133 0.0000000000
11090  -26.042  -72.476  -17.171 0.0000000000
11068  -24.018  -71.958  -16.735 0.0000000000
11087  -24.031  -72.490  -16.924 0.0000000000
11108  -23.379  -72.466  -17.481 0.0000000000
11964  -23.264  -71.786  -17.588 0.0000000000
11071  -25.660  -72.153  -16.637 0.0000000000
11929  -25.454  -71.706  -16.233 0.0000000000
11070  -25.063  -72.138  -16.539 0.0000000000
11069  -24.435  -72.067  -16.598 0.0000000000
11223  -29.485  -72.402  -24.189 0.0000000000
12101  -29.714  -72.036  -24.527 0.0000000000
10396  -29.207  -72.906  -24.638 0.0000000000
10388  -29.227  -72.998  -23.904 0.0000000000
11228  -29.509  -72.392  -24.949 0.0000000000
10378  -29.111  -73.152  -22.977 0.0000000000
10368  -29.089  -72.867  -22.359 0.0000000000
10367  -28.736  -73.306  -22.066 0.0000000000
11195  -28.660  -72.876  -21.385 0.0000000000
10357  -28.252  -73.357  -21.110 0.0000000000
11180  -28.470  -72.799  -20.889 0.0000000000
10342  -28.200  -72.952  -20.583 0.0000000000
11161  -28.049  -72.842  -20.278 0.0000000000
11144  -27.848  -72.704  -19.836 0.0000000000
10341  -27.769  -73.369  -20.318 0.0000000000
10327  -27.391  -73.223  -19.456 0.0000000000
10313  -27.159  -72.999  -18.912 0.0000000000
11129  -27.077  -72.759  -18.627 0.0000000000
10312  -26.742  -73.192  -18.554 0.0000000000
10301  -26.476  -73.008  -18.042 0.0000000000
11109  -26.392  -72.709  -17.698 0.0000000000
10300  -25.987  -73.199  -17.734 0.0000000000
10284  -23.840  -73.240  -17.272 0.0000000000
10298  -23.323  -73.329  -17.759 0.0000000000
11107  -23.042  -72.750  -18.039 0.0000000000
11963  -23.047  -71.939  -18.156 0.0000000000
10297  -22.919  -73.374  -18.308 0.0000000000
11128  -22.862  -72.643  -18.665 0.0000000000
10287  -25.626  -72.992  -17.269 0.0000000000
11089  -25.384  -72.612  -16.911 0.0000000000
10286  -25.143  -73.171  -17.176 0.0000000000
11088  -24.752  -72.642  -16.815 0.0000000000
10285  -24.495  -73.178  -17.099 0.0000000000
9590  -28.962  -73.355  -24.392 0.0000000000
10395  -28.879  -73.367  -25.020 0.0000000000
10401  -29.275  -72.982  -25.287 0.0000000000
9589  -28.533  -73.884  -24.551 0.0000000000
9594  -28.572  -73.872  -25.458 0.0000000000
10400  -29.029  -73.461  -25.627 0.0000000000
9585  -28.916  -73.597  -23.757 0.0000000000
9576  -28.828  -73.749  -23.096 0.0000000000
10377  -28.833  -73.573  -22.666 0.0000000000
9567  -28.163  -74.002  -21.737 0.0000000000
9575  -28.508  -74.005  -22.567 0.0000000000
9556  -27.949  -73.837  -21.143 0.0000000000
10356  -27.900  -73.630  -20.834 0.0000000000
9555  -27.651  -73.979  -20.743 0.0000000000
9543  -27.303  -74.015  -20.149 0.0000000000
9532  -27.374  -73.664  -19.819 0.0000000000
9531  -26.859  -73.936  -19.449 0.0000000000
10326  -26.984  -73.399  -19.049 0.0000000000
9522  -26.733  -73.611  -18.907 0.0000000000
9521  -26.283  -73.851  -18.636 0.0000000000
10311  -26.312  -73.387  -18.199 0.0000000000
9509  -26.033  -73.613  -18.112 0.0000000000
9508  -25.518  -73.950  -17.954 0.0000000000
10299  -25.528  -73.402  -17.485 0.0000000000
9495  -25.289  -73.579  -17.457 0.0000000000
9506  -23.815  -74.057  -17.633 0.0000000000
9505  -23.167  -74.026  -18.041 0.0000000000
9494  -24.921  -73.687  -17.356 0.0000000000
9493  -24.331  -73.710  -17.330 0.0000000000
8852  -28.146  -74.421  -25.222 0.0000000000
8856  -28.435  -74.564  -26.024 0.0000000000
9597  -28.981  -74.020  -25.845 0.0000000000
8848  -28.039  -74.577  -24.359 0.0000000000
9584  -28.458  -74.218  -23.524 0.0000000000
8825  -28.108  -74.359  -22.222 0.0000000000
8824  -27.576  -74.768  -21.872 0.0000000000
9566  -27.757  -74.212  -21.292 0.0000000000
8815  -27.435  -74.475  -20.958 0.0000000000
8804  -27.355  -74.267  -20.537 0.0000000000
8803  -26.950  -74.541  -20.332 0.0000000000
9542  -26.972  -74.214  -19.943 0.0000000000
8791  -26.773  -74.353  -19.835 0.0000000000
8790  -26.286  -74.678  -19.639 0.0000000000
9530  -26.377  -74.220  -19.160 0.0000000000
8781  -26.058  -74.366  -18.952 0.0000000000
9520  -25.839  -74.248  -18.574 0.0000000000
8780  -25.488  -74.768  -18.803 0.0000000000
8770  -24.956  -74.586  -18.125 0.0000000000
9507  -24.646  -74.202  -17.641 0.0000000000
8769  -24.248  -74.781  -18.033 0.0000000000
8768  -23.458  -74.735  -18.104 0.0000000000
8178  -27.926  -75.469  -26.275 0.0000000000
8855  -27.841  -74.897  -25.714 0.0000000000
8179  -28.732  -75.461  -25.896 0.0000000000
8857  -29.243  -74.716  -25.628 0.0000000000
8177  -27.379  -75.411  -25.663 0.0000000000
8851  -27.643  -74.932  -25.039 0.0000000000
8814  -27.075  -74.884  -21.078 0.0000000000
8104  -26.704  -74.995  -20.641 0.0000000000
8802  -26.542  -74.877  -20.258 0.0000000000
8103  -26.218  -75.267  -20.424 0.0000000000
8089  -25.810  -75.254  -19.838 0.0000000000
8789  -25.706  -75.051  -19.435 0.0000000000
8088  -25.228  -75.445  -19.499 0.0000000000
8074  -24.873  -75.294  -18.856 0.0000000000
8779  -24.782  -75.003  -18.431 0.0000000000
8073  -24.263  -75.362  -18.548 0.0000000000
8064  -23.802  -75.147  -18.246 0.0000000000
8063  -23.536  -75.140  -18.280 0.0000000000
8778  -23.301  -75.104  -18.316 0.0000000000
8777  -22.931  -74.944  -18.483 0.0000000000
8767  -23.023  -74.473  -18.231 0.0000000000
7467  -28.268  -76.299  -25.973 0.0000000000
7479  -27.834  -76.113  -26.415 0.0000000000
8182  -27.598  -75.898  -26.480 0.0000000000
8181  -27.256  -75.791  -26.294 0.0000000000
8102  -25.529  -75.672  -20.281 0.0000000000
7369  -25.129  -75.766  -19.963 0.0000000000
7368  -24.726  -75.903  -19.769 0.0000000000
8087  -24.511  -75.661  -19.164 0.0000000000
7367  -23.985  -76.144  -19.453 0.0000000000
8086  -24.005  -75.741  -18.911 0.0000000000
7351  -23.718  -75.867  -18.971 0.0000000000
8072  -23.525  -75.483  -18.571 0.0000000000
7350  -23.358  -76.014  -19.017 0.0000000000
8071  -22.890  -75.622  -18.811 0.0000000000
7466  -27.750  -76.538  -26.255 0.0000000000
7478  -27.359  -76.347  -26.534 0.0000000000
6796  -27.353  -77.150  -26.220 0.0000000000
6806  -26.963  -76.700  -26.613 0.0000000000
7477  -26.594  -76.282  -26.302 0.0000000000
6797  -27.904  -76.804  -25.995 0.0000000000
6805  -26.418  -77.070  -26.743 0.0000000000
6795  -26.788  -77.444  -26.471 0.0000000000
6161  -26.471  -77.670  -26.630 0.0000000000
6160  -25.798  -77.790  -26.887 0.0000000000
6804  -25.343  -77.175  -26.921 0.0000000000
7476  -25.686  -76.673  -26.365 0.0000000000
6813  -25.312  -77.615  -27.235 0.0000000000
6812  -24.785  -77.470  -27.334 0.0000000000
6803  -24.462  -77.058  -26.984 0.0000000000
7475  -24.808  -76.817  -26.410 0.0000000000
6811  -24.047  -77.385  -27.413 0.0000000000
6802  -23.714  -76.986  -27.022 0.0000000000
7474  -23.995  -76.796  -26.465 0.0000000000
6810  -23.200  -77.251  -27.404 0.0000000000
6801  -23.288  -76.932  -27.031 0.0000000000
7473  -23.239  -76.755  -26.586 0.0000000000
7482  -22.971  -76.866  -27.004 0.0000000000
6155  -26.804  -77.866  -26.112 0.0000000000
6154  -26.266  -78.007  -26.452 0.0000000000
5596  -25.913  -78.249  -26.482 0.0000000000
5595  -25.442  -78.355  -26.712 0.0000000000
6159  -25.329  -78.022  -26.991 0.0000000000
6169  -25.362  -77.816  -27.113 0.0000000000
5603  -25.074  -78.265  -27.005 0.0000000000
6168  -25.004  -77.937  -27.248 0.0000000000
5590  -26.273  -78.391  -26.025 0.0000000000
5594  -24.939  -78.647  -26.823 0.0000000000
5602  -24.657  -78.376  -27.210 0.0000000000
5593  -24.350  -78.839  -26.955 0.0000000000
5601  -24.051  -78.478  -27.419 0.0000000000
6167  -24.391  -77.931  -27.475 0.0000000000
5119  -23.752  -78.934  -27.148 0.0000000000
5600  -23.336  -78.604  -27.544 0.0000000000
6166  -23.665  -77.929  -27.621 0.0000000000
5118  -23.088  -79.281  -27.153 0.0000000000
5599  -22.457  -78.818  -27.671 0.0000000000
6165  -22.878  -77.983  -27.725 0.0000000000
5117  -22.042  -79.685  -27.146 0.0000000000
5606  -21.882  -79.234  -27.655 0.0000000000
5598  -21.679  -78.645  -27.788 0.0000000000
6164  -22.077  -78.005  -27.759 0.0000000000
5605  -21.366  -79.077  -27.755 0.0000000000
5597  -21.019  -78.815  -27.605 0.0000000000
6163  -21.317  -78.039  -27.425 0.0000000000
5115  -20.453  -79.511  -27.449 0.0000000000
5592  -20.652  -78.764  -27.101 0.0000000000
5120  -21.073  -79.305  -27.714 0.0000000000
5604  -20.965  -79.016  -27.766 0.0000000000
6162  -20.982  -78.423  -27.244 0.0000000000
5589  -25.718  -78.642  -26.232 0.0000000000
5112  -25.262  -78.799  -26.439 0.0000000000
5111  -24.765  -79.109  -26.454 0.0000000000
5110  -23.907  -79.406  -26.573 0.0000000000
5107  -20.238  -79.228  -26.830 0.0000000000
5588  -20.574  -78.684  -26.402 0.0000000000
6157  -20.927  -78.069  -26.776 0.0000000000
5099  -20.238  -79.211  -26.143 0.0000000000
5584  -20.521  -78.708  -25.589 0.0000000000
6153  -20.722  -78.040  -25.904 0.0000000000
5091  -20.204  -79.269  -25.417 0.0000000000
5580  -20.348  -78.805  -24.685 0.0000000000
6149  -20.476  -78.045  -25.051 0.0000000000
5116  -21.189  -79.795  -27.424 0.0000000000
5121  -21.595  -79.454  -27.567 0.0000000000
5109  -22.861  -79.875  -26.419 0.0000000000
5108  -22.281  -79.984  -26.640 0.0000000000
4603  -21.850  -80.221  -26.523 0.0000000000
4609  -21.762  -80.015  -26.884 0.0000000000
4608  -21.398  -80.133  -26.935 0.0000000000
5122  -22.036  -79.526  -27.368 0.0000000000
4607  -20.576  -80.362  -27.101 0.0000000000
4606  -19.792  -80.278  -27.239 0.0000000000
5114  -19.779  -79.658  -27.083 0.0000000000
4605  -19.309  -80.000  -26.924 0.0000000000
5113  -19.550  -79.749  -26.799 0.0000000000
5106  -19.823  -79.546  -26.574 0.0000000000
5105  -19.410  -79.831  -26.431 0.0000000000
5101  -23.721  -79.760  -25.710 0.0000000000
5102  -24.585  -79.482  -25.808 0.0000000000
4604  -22.348  -80.118  -26.410 0.0000000000
5098  -19.794  -79.574  -25.953 0.0000000000
4602  -20.989  -80.655  -26.347 0.0000000000
4601  -20.503  -80.673  -26.699 0.0000000000
4139  -20.195  -80.722  -26.834 0.0000000000
4138  -20.040  -80.626  -27.051 0.0000000000
4135  -19.626  -80.992  -26.737 0.0000000000
4600  -19.221  -80.515  -26.864 0.0000000000
4136  -20.311  -80.963  -26.407 0.0000000000
6146  -20.140  -78.103  -24.255 0.0000000000
6786  -19.941  -77.477  -24.678 0.0000000000
6794  -20.376  -77.262  -25.523 0.0000000000
6798  -20.815  -77.419  -26.265 0.0000000000
6158  -21.164  -77.756  -27.047 0.0000000000
6799  -21.119  -77.411  -26.778 0.0000000000
6807  -21.349  -77.537  -27.152 0.0000000000
6808  -21.782  -77.389  -27.374 0.0000000000
6809  -22.438  -77.398  -27.552 0.0000000000
7469  -20.941  -77.081  -26.490 0.0000000000
7470  -21.198  -76.874  -26.684 0.0000000000
6800  -21.433  -77.164  -27.025 0.0000000000
7471  -21.845  -76.751  -26.947 0.0000000000
7480  -22.150  -77.095  -27.306 0.0000000000
7481  -22.534  -76.930  -27.211 0.0000000000
8180  -26.928  -75.837  -25.857 0.0000000000
9598  -29.463  -73.996  -25.732 0.0000000000
10405  -29.257  -73.669  -25.821 0.0000000000
10406  -29.619  -73.292  -25.751 0.0000000000
11233  -29.609  -72.640  -25.522 0.0000000000
12110  -29.863  -71.951  -24.902 0.0000000000
11229  -29.949  -72.225  -25.338 0.0000000000
11988  -22.955  -71.858  -18.968 0.0000000000
12873  -23.028  -71.393  -18.307 0.0000000000
12888  -22.987  -71.552  -18.550 0.0000000000
12889  -23.120  -71.050  -18.796 0.0000000000
13792  -23.373  -70.174  -18.325 0.0000000000
14714  -23.724  -69.238  -17.247 0.0000000000
14730  -23.711  -69.271  -17.995 0.0000000000
13808  -23.469  -70.246  -19.163 0.0000000000
14745  -23.687  -69.537  -18.906 0.0000000000
15604  -23.980  -68.907  -16.560 0.0000000000
15620  -23.906  -68.825  -16.908 0.0000000000
15632  -23.904  -68.789  -17.487 0.0000000000
14731  -23.985  -68.939  -18.618 0.0000000000
15633  -24.281  -68.437  -18.069 0.0000000000
14746  -24.055  -69.026  -19.179 0.0000000000
15646  -24.355  -68.544  -18.932 0.0000000000
14755  -23.663  -69.822  -19.369 0.0000000000
14756  -23.910  -69.466  -19.655 0.0000000000
15659  -24.408  -68.700  -19.789 0.0000000000
13823  -23.667  -70.084  -19.747 0.0000000000
13824  -23.914  -69.853  -20.164 0.0000000000
14765  -24.231  -69.393  -20.378 0.0000000000
16524  -24.751  -67.862  -15.852 0.0000000000
16542  -24.670  -67.870  -16.245 0.0000000000
16525  -25.014  -67.420  -15.859 0.0000000000
15621  -24.235  -68.382  -17.221 0.0000000000
16559  -24.600  -67.889  -16.889 0.0000000000
16573  -24.597  -67.943  -17.524 0.0000000000
15634  -24.686  -68.088  -18.659 0.0000000000
16574  -24.969  -67.711  -18.114 0.0000000000
15647  -24.765  -68.132  -19.298 0.0000000000
16587  -25.146  -67.718  -18.887 0.0000000000
15660  -24.840  -68.195  -19.783 0.0000000000
16602  -25.322  -67.722  -19.729 0.0000000000
15673  -24.589  -68.855  -20.686 0.0000000000
15674  -24.899  -68.267  -20.328 0.0000000000
17518  -25.228  -66.554  -14.954 0.0000000000
17529  -25.174  -66.689  -15.563 0.0000000000
16543  -25.028  -67.362  -16.577 0.0000000000
17541  -25.203  -66.829  -16.204 0.0000000000
16560  -25.052  -67.444  -17.316 0.0000000000
17555  -25.410  -66.600  -16.958 0.0000000000
17570  -25.476  -67.002  -17.872 0.0000000000
17586  -25.464  -67.295  -18.512 0.0000000000
16588  -25.627  -67.344  -19.045 0.0000000000
16603  -25.906  -67.103  -19.507 0.0000000000
17587  -26.013  -66.640  -18.689 0.0000000000
16617  -25.389  -67.752  -20.743 0.0000000000
16618  -25.930  -67.207  -20.295 0.0000000000
17604  -26.491  -66.489  -19.833 0.0000000000
17620  -26.412  -66.791  -20.807 0.0000000000
16635  -25.974  -67.309  -21.202 0.0000000000
18558  -25.203  -66.034  -14.501 0.0000000000
18576  -25.138  -65.980  -15.220 0.0000000000
18594  -25.250  -66.028  -16.075 0.0000000000
18605  -25.444  -65.719  -16.826 0.0000000000
17571  -25.845  -66.264  -17.682 0.0000000000
17556  -25.647  -66.043  -17.204 0.0000000000
18606  -25.758  -65.567  -17.409 0.0000000000
18625  -26.080  -65.536  -18.210 0.0000000000
18646  -26.476  -65.710  -19.130 0.0000000000
18667  -26.693  -65.799  -19.724 0.0000000000
17621  -26.815  -66.211  -20.659 0.0000000000
17605  -26.790  -65.911  -20.150 0.0000000000
19606  -24.970  -65.316  -14.731 0.0000000000
19623  -25.019  -65.238  -15.514 0.0000000000
19644  -25.199  -65.126  -16.279 0.0000000000
19664  -25.429  -64.930  -17.010 0.0000000000
19665  -25.753  -64.906  -17.676 0.0000000000
19689  -25.939  -64.749  -18.229 0.0000000000
19712  -26.187  -64.895  -18.867 0.0000000000
18647  -26.644  -65.390  -19.589 0.0000000000
19713  -26.476  -65.115  -19.342 0.0000000000
18668  -26.789  -65.418  -20.032 0.0000000000
19731  -26.597  -64.880  -19.803 0.0000000000
20652  -24.750  -64.600  -14.263 0.0000000000
20668  -24.729  -64.610  -15.022 0.0000000000
20684  -24.903  -64.347  -15.772 0.0000000000
20698  -25.157  -64.482  -16.486 0.0000000000
20713  -25.263  -64.219  -16.964 0.0000000000
20714  -25.477  -64.462  -17.394 0.0000000000
20729  -25.628  -64.207  -17.881 0.0000000000
19730  -26.346  -64.685  -19.385 0.0000000000
21614  -24.662  -63.639  -14.007 0.0000000000
20651  -24.564  -64.019  -14.640 0.0000000000
20667  -24.618  -64.011  -15.207 0.0000000000
20683  -24.720  -63.891  -15.524 0.0000000000
21645  -24.817  -63.639  -15.765 0.0000000000
21657  -25.058  -63.779  -16.391 0.0000000000
21668  -25.226  -63.624  -17.055 0.0000000000
20728  -25.353  -64.016  -17.402 0.0000000000
21644  -24.606  -63.569  -15.356 0.0000000000
21631  -24.510  -63.578  -14.900 0.0000000000
21613  -24.500  -63.608  -14.514 0.0000000000
