#!ascii label  , from subject  vox2ras=TkReg
700
15020  21.033  -73.330  -27.278 0.0000000000
15014  20.894  -73.449  -26.631 0.0000000000
14035  21.171  -73.997  -26.908 0.0000000000
14042  21.343  -73.953  -27.619 0.0000000000
15027  21.044  -73.317  -28.052 0.0000000000
15021  20.572  -73.005  -26.922 0.0000000000
15028  20.379  -72.870  -27.687 0.0000000000
15015  20.562  -73.192  -26.367 0.0000000000
16011  20.257  -72.823  -26.504 0.0000000000
16025  20.098  -72.631  -27.086 0.0000000000
14049  21.499  -73.993  -28.404 0.0000000000
15033  21.087  -73.275  -28.876 0.0000000000
15034  20.392  -72.934  -28.491 0.0000000000
16039  19.887  -72.594  -27.570 0.0000000000
15035  19.932  -72.708  -28.169 0.0000000000
15029  19.923  -72.654  -27.853 0.0000000000
16040  19.455  -72.567  -27.907 0.0000000000
14053  21.517  -73.687  -28.949 0.0000000000
15032  21.704  -73.269  -29.245 0.0000000000
16050  21.311  -72.587  -29.361 0.0000000000
16051  20.460  -72.631  -29.224 0.0000000000
16052  19.475  -72.572  -28.820 0.0000000000
15997  20.353  -73.044  -26.144 0.0000000000
15998  20.038  -72.803  -25.954 0.0000000000
16012  19.744  -72.535  -26.574 0.0000000000
15999  19.378  -72.478  -25.989 0.0000000000
16013  19.068  -72.367  -26.670 0.0000000000
16026  19.521  -72.455  -27.219 0.0000000000
16000  18.637  -72.308  -26.005 0.0000000000
16014  18.284  -72.336  -26.766 0.0000000000
16027  18.824  -72.431  -27.404 0.0000000000
16001  17.793  -72.178  -26.028 0.0000000000
16015  17.411  -72.296  -26.871 0.0000000000
16028  17.996  -72.448  -27.563 0.0000000000
16002  16.882  -72.045  -26.105 0.0000000000
16016  16.435  -72.145  -27.032 0.0000000000
16029  17.116  -72.389  -27.722 0.0000000000
17034  16.206  -71.864  -26.347 0.0000000000
16030  16.287  -72.252  -27.952 0.0000000000
16017  15.613  -71.996  -27.509 0.0000000000
17035  15.622  -71.798  -26.741 0.0000000000
16031  15.599  -72.073  -28.224 0.0000000000
16018  15.082  -71.884  -27.898 0.0000000000
17036  14.677  -71.697  -27.189 0.0000000000
16032  15.029  -71.870  -28.451 0.0000000000
17048  14.488  -71.741  -28.078 0.0000000000
16041  18.637  -72.517  -28.194 0.0000000000
16042  17.736  -72.460  -28.366 0.0000000000
16043  16.888  -72.352  -28.514 0.0000000000
16044  16.129  -72.207  -28.667 0.0000000000
16045  15.490  -72.019  -28.810 0.0000000000
16046  15.029  -71.797  -28.892 0.0000000000
17061  14.487  -71.642  -28.748 0.0000000000
16053  18.359  -72.330  -28.968 0.0000000000
16054  17.455  -72.213  -29.058 0.0000000000
16055  16.656  -72.086  -29.135 0.0000000000
16056  15.961  -71.854  -29.133 0.0000000000
16057  15.358  -71.657  -29.153 0.0000000000
16058  14.874  -71.518  -29.087 0.0000000000
16049  22.052  -72.566  -29.249 0.0000000000
17069  21.740  -71.748  -29.076 0.0000000000
17070  20.792  -71.843  -29.309 0.0000000000
17071  19.869  -71.901  -29.448 0.0000000000
17072  18.906  -71.879  -29.473 0.0000000000
17073  17.974  -71.769  -29.447 0.0000000000
17074  17.154  -71.648  -29.383 0.0000000000
17075  16.428  -71.500  -29.263 0.0000000000
17076  15.759  -71.317  -29.250 0.0000000000
17077  15.112  -71.154  -29.211 0.0000000000
17078  14.474  -71.160  -29.097 0.0000000000
17016  16.335  -71.765  -25.767 0.0000000000
17017  15.733  -71.639  -26.037 0.0000000000
17018  15.037  -71.508  -26.279 0.0000000000
17019  14.179  -71.273  -26.288 0.0000000000
17037  13.673  -71.372  -27.016 0.0000000000
17049  13.824  -71.563  -27.745 0.0000000000
17062  13.903  -71.499  -28.374 0.0000000000
17050  13.071  -71.381  -27.546 0.0000000000
17063  13.219  -71.369  -28.235 0.0000000000
17079  13.877  -71.287  -28.830 0.0000000000
17080  13.547  -71.303  -28.534 0.0000000000
17064  12.516  -71.360  -27.986 0.0000000000
18162  12.787  -71.067  -28.315 0.0000000000
18161  13.083  -71.138  -28.400 0.0000000000
18179  13.274  -70.916  -28.557 0.0000000000
17068  22.302  -72.083  -29.053 0.0000000000
17059  22.622  -71.568  -28.732 0.0000000000
17060  22.041  -71.270  -28.779 0.0000000000
18168  21.649  -71.088  -28.763 0.0000000000
18169  21.051  -71.117  -28.992 0.0000000000
18170  20.209  -71.166  -29.158 0.0000000000
18171  19.320  -71.192  -29.237 0.0000000000
18172  18.436  -71.156  -29.282 0.0000000000
18173  17.619  -71.164  -29.156 0.0000000000
18174  16.869  -71.109  -29.031 0.0000000000
18175  16.177  -70.963  -29.002 0.0000000000
18176  15.511  -70.815  -28.959 0.0000000000
18177  14.777  -70.569  -28.808 0.0000000000
18178  14.040  -70.733  -28.791 0.0000000000
18163  12.087  -70.915  -28.252 0.0000000000
18180  12.582  -70.692  -28.428 0.0000000000
18151  22.069  -70.858  -28.305 0.0000000000
18152  21.255  -70.759  -28.332 0.0000000000
18153  20.470  -70.715  -28.484 0.0000000000
18154  19.637  -70.723  -28.613 0.0000000000
18155  18.803  -70.748  -28.669 0.0000000000
18156  18.012  -70.807  -28.653 0.0000000000
18157  17.286  -70.842  -28.584 0.0000000000
18158  16.535  -70.744  -28.425 0.0000000000
18159  15.886  -70.635  -28.545 0.0000000000
18160  15.329  -70.450  -28.541 0.0000000000
19222  14.842  -69.857  -28.285 0.0000000000
19231  14.634  -70.219  -28.598 0.0000000000
19232  14.302  -70.204  -28.655 0.0000000000
19233  13.591  -70.262  -28.588 0.0000000000
19234  12.881  -70.311  -28.500 0.0000000000
18181  12.159  -70.579  -28.427 0.0000000000
19235  12.333  -70.359  -28.468 0.0000000000
19226  11.683  -70.301  -28.407 0.0000000000
19221  15.675  -70.253  -28.094 0.0000000000
19212  15.505  -69.699  -27.396 0.0000000000
19213  15.032  -69.446  -27.716 0.0000000000
20336  14.770  -69.105  -27.871 0.0000000000
19223  13.945  -69.674  -28.474 0.0000000000
20337  14.331  -69.102  -28.297 0.0000000000
19224  13.146  -69.736  -28.396 0.0000000000
20338  13.477  -68.984  -28.192 0.0000000000
19225  12.405  -69.919  -28.354 0.0000000000
20339  12.614  -69.291  -28.143 0.0000000000
20340  11.816  -69.532  -28.135 0.0000000000
20325  15.085  -69.077  -27.314 0.0000000000
21461  14.805  -68.380  -27.550 0.0000000000
21471  14.555  -68.753  -28.014 0.0000000000
21472  14.148  -68.573  -28.025 0.0000000000
20326  13.277  -68.568  -27.887 0.0000000000
20327  12.825  -68.712  -27.849 0.0000000000
21473  13.626  -68.463  -27.884 0.0000000000
20328  12.047  -68.890  -27.854 0.0000000000
21452  15.142  -68.600  -27.048 0.0000000000
21460  15.272  -68.189  -27.003 0.0000000000
22631  15.341  -67.581  -27.113 0.0000000000
22632  14.581  -67.584  -27.417 0.0000000000
21462  14.032  -68.072  -27.685 0.0000000000
22633  13.806  -67.533  -27.232 0.0000000000
21463  13.201  -68.147  -27.551 0.0000000000
21464  12.339  -68.344  -27.518 0.0000000000
22634  13.146  -67.645  -27.139 0.0000000000
22635  12.575  -67.843  -27.177 0.0000000000
22618  15.571  -67.905  -26.611 0.0000000000
22617  15.825  -67.397  -26.622 0.0000000000
22630  15.736  -67.203  -26.919 0.0000000000
23710  15.579  -66.953  -27.052 0.0000000000
23711  15.001  -67.031  -27.212 0.0000000000
23712  14.401  -67.132  -27.114 0.0000000000
22619  13.357  -67.275  -26.915 0.0000000000
23699  13.900  -66.861  -26.797 0.0000000000
22620  12.789  -67.367  -26.875 0.0000000000
23700  13.119  -66.859  -26.669 0.0000000000
23698  14.673  -66.649  -26.891 0.0000000000
24801  14.328  -66.198  -26.599 0.0000000000
24802  13.524  -66.199  -26.425 0.0000000000
23709  16.105  -66.869  -26.769 0.0000000000
23697  15.318  -66.542  -26.963 0.0000000000
24809  15.827  -66.546  -27.011 0.0000000000
24800  15.036  -66.104  -26.702 0.0000000000
26061  14.723  -65.655  -26.404 0.0000000000
26062  14.082  -65.704  -26.339 0.0000000000
24799  15.769  -66.058  -26.799 0.0000000000
24808  16.273  -66.392  -27.030 0.0000000000
26060  15.392  -65.576  -26.465 0.0000000000
26039  15.045  -65.117  -26.196 0.0000000000
26040  14.435  -65.229  -26.101 0.0000000000
23696  16.209  -67.130  -26.285 0.0000000000
23695  16.692  -66.662  -26.355 0.0000000000
23708  16.479  -66.593  -26.770 0.0000000000
24807  16.727  -66.385  -26.885 0.0000000000
22607  15.988  -67.722  -26.028 0.0000000000
23683  16.483  -67.088  -25.770 0.0000000000
23682  17.009  -66.689  -25.669 0.0000000000
23694  17.306  -66.385  -26.122 0.0000000000
24797  17.147  -66.055  -26.680 0.0000000000
22595  16.558  -67.577  -25.214 0.0000000000
23671  16.811  -67.051  -25.313 0.0000000000
23670  17.268  -66.829  -25.045 0.0000000000
23681  17.709  -66.342  -25.580 0.0000000000
22594  16.926  -67.211  -25.016 0.0000000000
22578  17.126  -67.447  -24.513 0.0000000000
23652  17.565  -66.877  -24.533 0.0000000000
23669  18.027  -66.484  -24.881 0.0000000000
22577  17.567  -67.092  -24.183 0.0000000000
23651  18.057  -66.781  -24.178 0.0000000000
21451  15.437  -68.452  -26.601 0.0000000000
22608  15.653  -68.118  -26.316 0.0000000000
21444  15.772  -68.412  -26.109 0.0000000000
21443  16.211  -68.322  -25.557 0.0000000000
21434  16.574  -68.199  -24.962 0.0000000000
22579  16.741  -67.785  -24.801 0.0000000000
21421  16.799  -67.956  -24.570 0.0000000000
21420  17.050  -68.085  -24.213 0.0000000000
22563  17.287  -67.760  -24.014 0.0000000000
22562  17.729  -67.435  -23.675 0.0000000000
21408  17.337  -68.115  -23.730 0.0000000000
20319  15.298  -68.900  -26.842 0.0000000000
20318  15.673  -69.040  -26.444 0.0000000000
20310  15.995  -68.801  -25.930 0.0000000000
20309  16.447  -68.955  -25.637 0.0000000000
20301  16.492  -68.580  -25.273 0.0000000000
20300  16.802  -68.835  -24.974 0.0000000000
21433  16.845  -68.338  -24.595 0.0000000000
20291  17.097  -68.607  -24.331 0.0000000000
20283  17.237  -68.413  -23.995 0.0000000000
20282  17.495  -68.848  -23.736 0.0000000000
21407  17.761  -68.217  -23.130 0.0000000000
20269  18.122  -68.991  -22.779 0.0000000000
21392  18.363  -68.280  -22.421 0.0000000000
22543  18.171  -67.716  -22.945 0.0000000000
20324  15.438  -69.235  -26.964 0.0000000000
19205  15.688  -69.411  -26.842 0.0000000000
19204  16.191  -69.605  -26.596 0.0000000000
20317  16.134  -69.146  -26.126 0.0000000000
19192  16.411  -69.294  -26.053 0.0000000000
19191  16.876  -69.474  -25.846 0.0000000000
20308  16.788  -69.112  -25.435 0.0000000000
19178  17.002  -69.219  -25.269 0.0000000000
20299  17.108  -69.179  -24.969 0.0000000000
20290  17.260  -69.102  -24.554 0.0000000000
19177  17.415  -69.519  -25.118 0.0000000000
19162  17.791  -69.512  -24.306 0.0000000000
19146  18.074  -69.502  -23.490 0.0000000000
19129  18.368  -69.532  -22.944 0.0000000000
20268  18.492  -69.350  -22.612 0.0000000000
20253  18.752  -69.141  -22.099 0.0000000000
20254  18.362  -68.782  -22.281 0.0000000000
19128  18.754  -69.716  -22.673 0.0000000000
19220  16.117  -70.510  -28.166 0.0000000000
19211  16.410  -70.313  -27.588 0.0000000000
18143  17.033  -70.680  -28.011 0.0000000000
19210  17.336  -70.469  -27.490 0.0000000000
19203  17.081  -70.076  -26.728 0.0000000000
18142  17.638  -70.708  -28.039 0.0000000000
19209  17.832  -70.552  -27.611 0.0000000000
19202  18.040  -70.328  -27.027 0.0000000000
18141  18.303  -70.628  -27.904 0.0000000000
19190  17.728  -69.951  -25.982 0.0000000000
18125  18.668  -70.509  -27.355 0.0000000000
19201  18.653  -70.431  -26.892 0.0000000000
19189  18.661  -70.347  -26.167 0.0000000000
18124  19.234  -70.576  -27.017 0.0000000000
19176  18.272  -70.018  -25.004 0.0000000000
18099  19.575  -70.672  -26.081 0.0000000000
18068  19.099  -70.558  -25.174 0.0000000000
18037  18.840  -70.319  -24.289 0.0000000000
19161  18.343  -69.961  -24.012 0.0000000000
18005  18.733  -70.152  -23.770 0.0000000000
19145  18.597  -69.933  -23.322 0.0000000000
18004  19.167  -70.355  -23.480 0.0000000000
19144  18.935  -70.045  -23.024 0.0000000000
19127  19.276  -70.082  -22.680 0.0000000000
19114  19.061  -69.712  -22.219 0.0000000000
17980  19.713  -70.420  -23.005 0.0000000000
19126  19.842  -70.267  -22.496 0.0000000000
19113  19.572  -69.881  -21.984 0.0000000000
17979  20.383  -70.555  -22.851 0.0000000000
19112  20.354  -70.231  -22.051 0.0000000000
20252  19.182  -69.507  -21.874 0.0000000000
18140  19.092  -70.596  -27.913 0.0000000000
18139  19.884  -70.629  -27.782 0.0000000000
18138  20.708  -70.678  -27.655 0.0000000000
18137  21.516  -70.695  -27.551 0.0000000000
18150  22.904  -70.902  -28.038 0.0000000000
18136  22.317  -70.678  -27.437 0.0000000000
18123  20.135  -70.706  -26.903 0.0000000000
18122  20.977  -70.768  -26.812 0.0000000000
18121  21.787  -70.742  -26.725 0.0000000000
18098  20.450  -70.803  -26.026 0.0000000000
18097  21.288  -70.822  -25.972 0.0000000000
18120  22.569  -70.741  -26.642 0.0000000000
18096  22.095  -70.795  -25.922 0.0000000000
18067  19.953  -70.812  -25.195 0.0000000000
18066  20.810  -70.879  -25.182 0.0000000000
18065  21.644  -70.863  -25.159 0.0000000000
18095  22.880  -70.784  -25.885 0.0000000000
18064  22.459  -70.806  -25.136 0.0000000000
18036  19.539  -70.666  -24.340 0.0000000000
18035  20.364  -70.849  -24.374 0.0000000000
18034  21.205  -70.877  -24.374 0.0000000000
18033  22.042  -70.819  -24.360 0.0000000000
18003  19.974  -70.664  -23.594 0.0000000000
18002  20.782  -70.794  -23.604 0.0000000000
18001  21.621  -70.773  -23.588 0.0000000000
17978  21.205  -70.654  -22.918 0.0000000000
18000  22.471  -70.698  -23.567 0.0000000000
17977  22.039  -70.573  -22.734 0.0000000000
17959  20.910  -70.522  -22.395 0.0000000000
17958  21.526  -70.529  -22.377 0.0000000000
19111  21.146  -70.323  -21.888 0.0000000000
17957  21.859  -70.501  -22.376 0.0000000000
19110  22.007  -70.338  -22.033 0.0000000000
16048  22.756  -72.489  -29.045 0.0000000000
17006  15.292  -71.412  -25.627 0.0000000000
17007  14.700  -71.239  -25.757 0.0000000000
17005  15.885  -71.545  -25.414 0.0000000000
17004  16.514  -71.699  -25.108 0.0000000000
15994  16.761  -71.857  -25.543 0.0000000000
16993  15.938  -71.424  -24.801 0.0000000000
18069  15.495  -71.307  -25.122 0.0000000000
17003  16.935  -71.746  -24.650 0.0000000000
15993  17.302  -71.927  -25.171 0.0000000000
16992  16.464  -71.526  -24.403 0.0000000000
16991  17.098  -71.665  -24.056 0.0000000000
15981  17.319  -71.819  -24.514 0.0000000000
15031  22.414  -73.265  -29.256 0.0000000000
15992  18.257  -72.187  -25.214 0.0000000000
15991  19.045  -72.436  -25.327 0.0000000000
15990  19.658  -72.717  -25.401 0.0000000000
15010  20.044  -73.076  -25.411 0.0000000000
15009  20.472  -73.449  -25.771 0.0000000000
15980  17.928  -71.967  -24.162 0.0000000000
15979  18.823  -72.401  -24.566 0.0000000000
15978  19.461  -72.715  -24.789 0.0000000000
15002  19.816  -73.059  -24.985 0.0000000000
15967  18.327  -72.046  -23.181 0.0000000000
15966  18.859  -72.525  -23.693 0.0000000000
16973  17.734  -71.739  -23.301 0.0000000000
16990  17.488  -71.705  -23.719 0.0000000000
14990  19.301  -72.759  -24.225 0.0000000000
14989  19.725  -73.397  -24.369 0.0000000000
15953  18.753  -72.595  -22.791 0.0000000000
14966  19.202  -73.237  -23.184 0.0000000000
14979  19.335  -73.056  -23.820 0.0000000000
14052  21.983  -74.051  -29.052 0.0000000000
14051  22.804  -73.961  -29.130 0.0000000000
15030  23.112  -73.260  -29.012 0.0000000000
14050  23.510  -73.939  -28.915 0.0000000000
15026  23.785  -73.241  -28.769 0.0000000000
16047  23.398  -72.696  -28.856 0.0000000000
15008  20.726  -73.492  -26.242 0.0000000000
14028  20.864  -73.949  -26.243 0.0000000000
15001  20.085  -73.492  -24.996 0.0000000000
14016  20.225  -74.199  -25.194 0.0000000000
14029  20.579  -74.174  -25.768 0.0000000000
14988  19.952  -73.570  -24.686 0.0000000000
14000  19.979  -73.850  -24.717 0.0000000000
14978  19.468  -73.456  -23.689 0.0000000000
13987  19.457  -74.029  -23.724 0.0000000000
14001  19.760  -74.247  -24.352 0.0000000000
14965  19.408  -73.626  -23.433 0.0000000000
14952  18.865  -73.213  -22.353 0.0000000000
13977  19.019  -73.873  -22.725 0.0000000000
13976  19.281  -73.799  -23.242 0.0000000000
14048  21.844  -74.413  -28.600 0.0000000000
13139  22.055  -74.893  -28.796 0.0000000000
13138  22.550  -74.670  -29.175 0.0000000000
13137  23.233  -74.614  -29.055 0.0000000000
13134  23.905  -74.640  -28.777 0.0000000000
14047  24.200  -73.939  -28.650 0.0000000000
13136  21.527  -74.445  -27.859 0.0000000000
13135  21.722  -74.757  -28.227 0.0000000000
13129  21.325  -74.776  -27.327 0.0000000000
13118  21.012  -74.640  -26.554 0.0000000000
13106  20.383  -74.751  -25.692 0.0000000000
13105  20.739  -74.538  -26.061 0.0000000000
13089  19.837  -74.660  -24.814 0.0000000000
13088  19.993  -74.956  -25.284 0.0000000000
14017  19.959  -74.234  -24.770 0.0000000000
13052  19.446  -74.543  -23.994 0.0000000000
13071  19.373  -74.918  -24.355 0.0000000000
13053  18.968  -74.862  -23.688 0.0000000000
13988  19.158  -74.220  -23.245 0.0000000000
13966  18.715  -73.768  -21.984 0.0000000000
13018  18.629  -74.346  -22.332 0.0000000000
13034  18.880  -74.467  -22.942 0.0000000000
12167  21.827  -75.554  -28.408 0.0000000000
12175  22.155  -75.542  -28.876 0.0000000000
12174  22.398  -75.313  -29.190 0.0000000000
12173  22.974  -75.227  -29.154 0.0000000000
12166  23.591  -75.271  -28.937 0.0000000000
13128  21.538  -74.803  -27.807 0.0000000000
12156  21.547  -75.253  -27.831 0.0000000000
12165  24.288  -75.388  -28.646 0.0000000000
13133  24.643  -74.679  -28.542 0.0000000000
12141  20.870  -75.364  -26.839 0.0000000000
12157  21.100  -75.722  -27.439 0.0000000000
13119  20.568  -75.125  -26.229 0.0000000000
12121  19.939  -75.415  -25.772 0.0000000000
12101  19.473  -75.295  -25.045 0.0000000000
12100  19.817  -75.239  -25.357 0.0000000000
12085  18.912  -75.306  -24.364 0.0000000000
12084  19.265  -75.192  -24.581 0.0000000000
13072  19.085  -75.035  -24.136 0.0000000000
12065  18.404  -75.416  -23.821 0.0000000000
12064  18.774  -75.215  -23.951 0.0000000000
13054  18.441  -75.143  -23.382 0.0000000000
13035  18.405  -74.894  -22.850 0.0000000000
11173  22.290  -76.204  -28.827 0.0000000000
11180  22.368  -75.724  -29.043 0.0000000000
11179  22.735  -75.761  -29.080 0.0000000000
11178  23.265  -75.723  -29.042 0.0000000000
11174  21.711  -76.342  -28.247 0.0000000000
12168  21.468  -75.863  -27.952 0.0000000000
11171  23.821  -76.015  -28.797 0.0000000000
11170  24.528  -76.169  -28.392 0.0000000000
12164  25.164  -75.503  -28.283 0.0000000000
11163  20.567  -76.463  -27.254 0.0000000000
11162  21.232  -76.418  -27.757 0.0000000000
12158  20.682  -75.861  -27.058 0.0000000000
12142  20.187  -75.854  -26.636 0.0000000000
12122  19.180  -75.900  -25.856 0.0000000000
12143  19.662  -75.875  -26.220 0.0000000000
12102  18.719  -75.746  -25.156 0.0000000000
12086  18.055  -75.877  -24.583 0.0000000000
12045  17.959  -75.348  -23.188 0.0000000000
12066  17.519  -75.788  -23.722 0.0000000000
11172  23.125  -76.273  -28.938 0.0000000000
10223  21.601  -76.891  -27.925 0.0000000000
10222  22.146  -76.953  -28.281 0.0000000000
10221  22.917  -76.901  -28.555 0.0000000000
10220  23.640  -76.649  -28.575 0.0000000000
10219  24.061  -76.425  -28.510 0.0000000000
10207  24.168  -76.740  -28.178 0.0000000000
11161  24.709  -76.541  -27.758 0.0000000000
11169  25.104  -76.173  -28.039 0.0000000000
11160  25.319  -76.220  -27.498 0.0000000000
12155  25.440  -75.943  -27.918 0.0000000000
11150  20.006  -76.467  -26.878 0.0000000000
10197  20.131  -77.047  -26.647 0.0000000000
10212  20.705  -77.045  -27.048 0.0000000000
10211  21.235  -77.061  -27.364 0.0000000000
10192  24.085  -76.822  -27.474 0.0000000000
11147  24.635  -76.325  -26.872 0.0000000000
11151  19.431  -76.394  -26.451 0.0000000000
11148  23.831  -76.578  -26.855 0.0000000000
11130  24.102  -76.200  -26.561 0.0000000000
12118  24.329  -75.666  -26.147 0.0000000000
12140  24.658  -75.967  -26.540 0.0000000000
11146  25.356  -76.138  -26.960 0.0000000000
12139  25.013  -75.902  -26.585 0.0000000000
11131  23.615  -76.224  -26.350 0.0000000000
10210  22.021  -77.191  -27.561 0.0000000000
10209  22.772  -77.222  -27.820 0.0000000000
10208  23.544  -77.078  -28.021 0.0000000000
10196  21.045  -77.199  -26.601 0.0000000000
10195  21.849  -77.189  -26.790 0.0000000000
10194  22.622  -77.179  -27.046 0.0000000000
10193  23.364  -77.038  -27.281 0.0000000000
10181  19.794  -77.228  -25.808 0.0000000000
10180  20.663  -77.185  -25.820 0.0000000000
10198  19.355  -77.051  -26.279 0.0000000000
10179  21.708  -77.001  -25.812 0.0000000000
10178  22.461  -76.894  -26.330 0.0000000000
11149  23.144  -76.729  -26.642 0.0000000000
10166  20.152  -77.213  -25.037 0.0000000000
10167  19.372  -77.337  -25.157 0.0000000000
10182  19.099  -77.202  -25.754 0.0000000000
10165  21.117  -76.909  -24.931 0.0000000000
10164  21.681  -76.724  -25.210 0.0000000000
11118  22.138  -76.333  -25.248 0.0000000000
11133  22.368  -76.542  -25.809 0.0000000000
11132  22.922  -76.326  -26.039 0.0000000000
10152  19.520  -77.372  -24.364 0.0000000000
10153  19.005  -77.459  -24.705 0.0000000000
10168  18.667  -77.325  -25.178 0.0000000000
10151  20.405  -77.044  -24.095 0.0000000000
10150  20.975  -76.725  -24.351 0.0000000000
11106  21.443  -76.325  -24.368 0.0000000000
11119  21.686  -76.520  -24.883 0.0000000000
9277  18.889  -77.572  -24.148 0.0000000000
9288  18.574  -77.518  -24.611 0.0000000000
9276  19.270  -77.498  -23.863 0.0000000000
10139  19.516  -77.350  -23.513 0.0000000000
10138  20.058  -76.893  -23.245 0.0000000000
11092  20.573  -76.550  -23.507 0.0000000000
11107  20.914  -76.582  -24.009 0.0000000000
9266  19.302  -77.476  -23.641 0.0000000000
9267  19.072  -77.573  -23.623 0.0000000000
10140  19.123  -77.537  -23.294 0.0000000000
10123  19.650  -76.914  -22.758 0.0000000000
10124  19.009  -77.415  -22.805 0.0000000000
10122  19.932  -76.769  -22.931 0.0000000000
11078  20.076  -76.466  -22.787 0.0000000000
9251  18.819  -77.661  -23.255 0.0000000000
9252  18.277  -77.785  -22.945 0.0000000000
10125  18.434  -77.566  -22.338 0.0000000000
10113  18.822  -77.147  -22.048 0.0000000000
10112  19.248  -77.019  -22.392 0.0000000000
11065  19.432  -76.486  -22.009 0.0000000000
11079  19.719  -76.630  -22.519 0.0000000000
10114  18.174  -77.488  -21.726 0.0000000000
10098  18.542  -77.131  -21.401 0.0000000000
11066  18.896  -76.855  -21.675 0.0000000000
10099  18.048  -77.472  -21.003 0.0000000000
10081  18.466  -77.093  -20.754 0.0000000000
11049  18.863  -76.703  -21.224 0.0000000000
10082  18.150  -77.480  -20.448 0.0000000000
10063  18.538  -77.283  -20.021 0.0000000000
11032  18.870  -76.653  -20.507 0.0000000000
9182  18.809  -77.942  -19.539 0.0000000000
10062  19.242  -77.192  -19.557 0.0000000000
9183  18.174  -77.981  -19.853 0.0000000000
10064  18.126  -77.674  -20.159 0.0000000000
11015  19.069  -76.683  -19.933 0.0000000000
9181  19.583  -77.907  -19.365 0.0000000000
10061  20.018  -77.124  -19.354 0.0000000000
11014  19.691  -76.353  -19.646 0.0000000000
9180  20.385  -77.883  -19.382 0.0000000000
10060  20.829  -77.154  -19.352 0.0000000000
11013  20.524  -76.319  -19.301 0.0000000000
9179  21.192  -77.905  -19.553 0.0000000000
10059  21.640  -77.249  -19.510 0.0000000000
11012  21.278  -76.456  -19.251 0.0000000000
9178  22.044  -78.035  -19.793 0.0000000000
10058  22.475  -77.376  -19.707 0.0000000000
11011  22.073  -76.610  -19.349 0.0000000000
9278  18.232  -77.663  -24.192 0.0000000000
9289  18.107  -77.455  -24.766 0.0000000000
9268  18.521  -77.721  -23.632 0.0000000000
9269  17.812  -77.826  -23.586 0.0000000000
9279  17.525  -77.569  -24.289 0.0000000000
9253  17.405  -77.933  -22.819 0.0000000000
9270  16.943  -77.755  -23.505 0.0000000000
9237  17.048  -78.058  -21.997 0.0000000000
9236  17.814  -77.820  -22.193 0.0000000000
9254  16.542  -77.890  -22.607 0.0000000000
9220  16.742  -78.319  -21.266 0.0000000000
9219  17.515  -77.913  -21.329 0.0000000000
9238  16.254  -78.184  -21.724 0.0000000000
8398  16.706  -78.608  -20.696 0.0000000000
9204  17.121  -78.261  -20.726 0.0000000000
8399  16.164  -78.668  -21.052 0.0000000000
9221  16.380  -78.390  -21.336 0.0000000000
9203  17.729  -77.983  -20.415 0.0000000000
8379  17.187  -78.804  -20.159 0.0000000000
8378  17.797  -78.470  -19.878 0.0000000000
8360  18.348  -78.700  -19.546 0.0000000000
8359  19.188  -78.693  -19.418 0.0000000000
8358  19.986  -78.644  -19.433 0.0000000000
8357  20.745  -78.560  -19.597 0.0000000000
8356  21.530  -78.548  -19.813 0.0000000000
8355  21.921  -78.420  -19.874 0.0000000000
8376  22.177  -78.658  -20.065 0.0000000000
9202  22.318  -78.257  -19.923 0.0000000000
9201  22.707  -78.046  -19.996 0.0000000000
9177  22.411  -77.820  -19.825 0.0000000000
8380  16.430  -79.090  -20.427 0.0000000000
7564  16.110  -79.762  -20.373 0.0000000000
7563  16.775  -79.656  -20.056 0.0000000000
8381  15.885  -79.250  -20.653 0.0000000000
7544  17.467  -79.554  -19.790 0.0000000000
8361  17.757  -78.993  -19.739 0.0000000000
7543  18.123  -79.462  -19.619 0.0000000000
7542  18.840  -79.413  -19.553 0.0000000000
7541  19.658  -79.508  -19.679 0.0000000000
7540  20.353  -79.211  -19.731 0.0000000000
7539  21.015  -79.124  -19.888 0.0000000000
8377  21.594  -79.094  -20.031 0.0000000000
6784  17.276  -80.385  -19.959 0.0000000000
6785  16.454  -80.389  -20.257 0.0000000000
6772  17.887  -80.028  -19.740 0.0000000000
6771  18.519  -80.045  -19.695 0.0000000000
6770  19.246  -79.999  -19.774 0.0000000000
6769  19.611  -79.963  -19.842 0.0000000000
6781  19.893  -80.308  -20.220 0.0000000000
7562  20.132  -79.703  -19.873 0.0000000000
7561  20.589  -79.690  -20.043 0.0000000000
7560  21.262  -79.586  -20.223 0.0000000000
6066  16.827  -81.026  -20.415 0.0000000000
6065  17.641  -81.110  -20.385 0.0000000000
6783  18.115  -80.596  -19.978 0.0000000000
6064  18.461  -81.120  -20.522 0.0000000000
6782  18.916  -80.551  -20.080 0.0000000000
6063  19.218  -80.991  -20.609 0.0000000000
6081  19.901  -81.098  -21.112 0.0000000000
6804  20.095  -80.711  -20.678 0.0000000000
6803  20.477  -80.640  -20.779 0.0000000000
6780  20.851  -80.131  -20.451 0.0000000000
6802  21.266  -80.478  -20.955 0.0000000000
6779  21.595  -79.992  -20.598 0.0000000000
6082  18.833  -81.559  -21.377 0.0000000000
6096  20.374  -81.398  -22.032 0.0000000000
6080  20.835  -80.989  -21.362 0.0000000000
6097  19.371  -81.732  -22.127 0.0000000000
6083  17.988  -81.501  -21.047 0.0000000000
6084  17.201  -81.473  -20.942 0.0000000000
7559  21.927  -79.450  -20.373 0.0000000000
9255  16.036  -77.864  -22.246 0.0000000000
10127  15.858  -77.398  -22.676 0.0000000000
10126  16.414  -77.584  -23.112 0.0000000000
10141  16.442  -77.153  -23.564 0.0000000000
9280  16.933  -77.357  -24.090 0.0000000000
9290  17.676  -77.292  -24.887 0.0000000000
10154  17.229  -77.089  -24.650 0.0000000000
10155  16.783  -76.996  -24.213 0.0000000000
10169  18.071  -77.163  -25.272 0.0000000000
10170  17.639  -76.975  -25.230 0.0000000000
10142  15.938  -76.824  -23.207 0.0000000000
11094  16.315  -76.472  -23.504 0.0000000000
11110  16.626  -76.684  -23.987 0.0000000000
11109  17.082  -76.582  -24.438 0.0000000000
11121  17.442  -76.643  -24.984 0.0000000000
10183  18.524  -76.971  -25.824 0.0000000000
10184  17.927  -76.887  -25.599 0.0000000000
10185  17.791  -76.927  -25.424 0.0000000000
11137  17.757  -76.685  -25.386 0.0000000000
10199  18.973  -77.017  -26.062 0.0000000000
11136  18.225  -76.461  -25.596 0.0000000000
11135  18.819  -76.407  -26.021 0.0000000000
11152  18.924  -76.817  -26.297 0.0000000000
11010  22.830  -76.618  -19.457 0.0000000000
10992  22.484  -76.070  -19.017 0.0000000000
10993  21.770  -75.973  -19.032 0.0000000000
10994  21.244  -75.894  -19.056 0.0000000000
10995  20.953  -76.055  -19.144 0.0000000000
11954  20.838  -75.565  -19.075 0.0000000000
11973  20.202  -75.564  -19.504 0.0000000000
11974  19.713  -75.574  -19.996 0.0000000000
11031  19.303  -76.133  -20.248 0.0000000000
11994  19.568  -75.549  -20.627 0.0000000000
11048  19.210  -76.168  -20.997 0.0000000000
12013  19.602  -75.717  -21.390 0.0000000000
12029  19.833  -75.798  -21.918 0.0000000000
11064  20.011  -76.019  -22.304 0.0000000000
12044  20.439  -75.772  -22.675 0.0000000000
12063  20.734  -75.991  -23.228 0.0000000000
11091  21.094  -76.150  -23.772 0.0000000000
12083  21.529  -75.810  -24.000 0.0000000000
11105  21.938  -76.140  -24.741 0.0000000000
12082  22.089  -75.528  -24.399 0.0000000000
11093  16.934  -76.276  -23.884 0.0000000000
12087  17.420  -76.179  -24.277 0.0000000000
11108  17.564  -76.337  -24.692 0.0000000000
12099  22.226  -75.886  -24.886 0.0000000000
11117  22.619  -76.140  -25.582 0.0000000000
12098  22.768  -75.555  -25.128 0.0000000000
11120  17.863  -76.347  -25.115 0.0000000000
12119  23.342  -75.792  -25.871 0.0000000000
12120  22.894  -75.935  -25.677 0.0000000000
11134  19.116  -76.224  -26.158 0.0000000000
12123  18.568  -76.134  -25.613 0.0000000000
12103  18.266  -76.116  -25.299 0.0000000000
12124  18.340  -76.240  -25.525 0.0000000000
11953  21.443  -75.467  -18.789 0.0000000000
12944  21.148  -74.823  -18.737 0.0000000000
12945  20.529  -74.862  -19.229 0.0000000000
12968  20.065  -74.772  -19.981 0.0000000000
12969  19.783  -75.229  -20.264 0.0000000000
12993  19.837  -75.048  -20.534 0.0000000000
13005  19.844  -75.151  -21.074 0.0000000000
12012  19.999  -75.313  -21.664 0.0000000000
12028  20.233  -75.521  -22.166 0.0000000000
13033  20.647  -75.187  -22.525 0.0000000000
12043  20.931  -75.424  -23.041 0.0000000000
12062  21.304  -75.559  -23.562 0.0000000000
12061  21.698  -75.453  -23.902 0.0000000000
13050  21.883  -74.913  -23.633 0.0000000000
13070  22.208  -75.073  -24.179 0.0000000000
12081  22.532  -75.312  -24.651 0.0000000000
13069  22.727  -74.838  -24.435 0.0000000000
13087  22.926  -75.108  -24.903 0.0000000000
12097  23.691  -75.309  -25.585 0.0000000000
13086  23.322  -74.977  -25.094 0.0000000000
12096  24.119  -75.236  -25.721 0.0000000000
13085  24.361  -74.793  -25.356 0.0000000000
13104  24.777  -75.175  -25.908 0.0000000000
12117  25.313  -75.408  -26.194 0.0000000000
13889  20.849  -74.207  -18.999 0.0000000000
13890  20.484  -74.314  -19.489 0.0000000000
13914  20.457  -74.070  -19.923 0.0000000000
12992  20.089  -74.641  -20.803 0.0000000000
13938  20.440  -74.092  -20.550 0.0000000000
13004  20.234  -74.811  -21.417 0.0000000000
13953  20.539  -74.262  -21.261 0.0000000000
13017  20.412  -74.997  -21.967 0.0000000000
13965  20.588  -74.556  -21.753 0.0000000000
13016  20.866  -74.673  -22.246 0.0000000000
13032  21.228  -74.893  -22.889 0.0000000000
13051  21.310  -75.178  -23.305 0.0000000000
13031  21.625  -74.591  -22.962 0.0000000000
13974  21.978  -74.195  -22.878 0.0000000000
13986  22.311  -74.328  -23.458 0.0000000000
13049  22.413  -74.568  -23.830 0.0000000000
13985  22.773  -74.239  -23.756 0.0000000000
13999  23.033  -74.308  -24.125 0.0000000000
13068  23.661  -74.566  -24.836 0.0000000000
13998  23.432  -74.269  -24.344 0.0000000000
13067  24.059  -74.517  -24.954 0.0000000000
13997  24.163  -74.234  -24.640 0.0000000000
14015  24.607  -74.271  -24.927 0.0000000000
13084  25.413  -74.577  -25.449 0.0000000000
13103  25.139  -74.942  -25.787 0.0000000000
14014  25.093  -74.232  -25.033 0.0000000000
13964  21.035  -74.167  -21.811 0.0000000000
13984  23.284  -74.045  -23.857 0.0000000000
13983  23.844  -73.922  -23.969 0.0000000000
13975  21.395  -74.344  -22.473 0.0000000000
11952  22.122  -75.477  -18.565 0.0000000000
12943  21.649  -75.035  -18.453 0.0000000000
11951  22.889  -75.667  -18.584 0.0000000000
11935  22.610  -75.234  -18.169 0.0000000000
12925  22.097  -74.787  -18.087 0.0000000000
12926  21.575  -74.549  -18.301 0.0000000000
