#!ascii label  , from subject  vox2ras=TkReg
560
16984  31.537  -70.973  -24.682 0.0000000000
16998  31.853  -71.306  -25.046 0.0000000000
16985  31.047  -71.168  -24.716 0.0000000000
18023  31.235  -70.639  -24.480 0.0000000000
18022  31.932  -70.671  -24.578 0.0000000000
16999  30.959  -71.795  -25.060 0.0000000000
16986  30.161  -71.440  -24.718 0.0000000000
18024  30.440  -70.709  -24.433 0.0000000000
15973  29.639  -72.067  -24.905 0.0000000000
16987  29.226  -71.484  -24.469 0.0000000000
17000  30.327  -72.110  -25.071 0.0000000000
18025  29.462  -70.737  -24.180 0.0000000000
15974  28.878  -72.091  -24.695 0.0000000000
16988  28.362  -71.510  -24.098 0.0000000000
18026  28.875  -71.058  -24.118 0.0000000000
15975  28.179  -72.377  -24.593 0.0000000000
16989  27.734  -71.943  -24.114 0.0000000000
16971  27.467  -71.471  -23.481 0.0000000000
16970  28.074  -71.130  -23.627 0.0000000000
17994  28.531  -70.563  -23.573 0.0000000000
15976  27.473  -72.405  -24.285 0.0000000000
15963  27.285  -72.060  -23.946 0.0000000000
15985  31.477  -72.108  -25.439 0.0000000000
17009  31.849  -71.583  -25.844 0.0000000000
18054  32.199  -70.854  -24.876 0.0000000000
16997  32.195  -71.117  -25.227 0.0000000000
17008  32.243  -71.216  -25.441 0.0000000000
18053  32.386  -70.757  -25.235 0.0000000000
15986  30.797  -72.526  -25.352 0.0000000000
15987  30.019  -72.661  -25.197 0.0000000000
18083  32.161  -70.813  -25.864 0.0000000000
15995  31.459  -72.134  -25.933 0.0000000000
16003  31.478  -71.910  -26.134 0.0000000000
17024  31.399  -71.541  -26.331 0.0000000000
18084  31.720  -71.020  -26.207 0.0000000000
16004  31.085  -72.280  -26.367 0.0000000000
17025  30.735  -71.456  -26.653 0.0000000000
18112  31.281  -70.845  -26.540 0.0000000000
16005  30.397  -72.349  -26.773 0.0000000000
17026  29.953  -71.670  -26.731 0.0000000000
18113  30.745  -70.637  -26.670 0.0000000000
18114  30.061  -70.770  -26.510 0.0000000000
16006  29.602  -72.466  -27.012 0.0000000000
17027  29.212  -71.663  -26.626 0.0000000000
18115  29.633  -71.280  -26.507 0.0000000000
16007  28.847  -72.288  -27.043 0.0000000000
17028  28.484  -71.845  -26.657 0.0000000000
17010  29.104  -71.378  -26.345 0.0000000000
17011  28.797  -71.435  -26.283 0.0000000000
18086  29.246  -70.941  -26.172 0.0000000000
16008  28.156  -72.275  -27.086 0.0000000000
17029  27.751  -71.851  -26.670 0.0000000000
17012  28.126  -71.507  -26.170 0.0000000000
16009  27.461  -72.241  -27.190 0.0000000000
17030  26.993  -71.854  -26.778 0.0000000000
17013  27.284  -71.453  -26.016 0.0000000000
16010  26.839  -72.164  -27.329 0.0000000000
17031  26.158  -71.818  -27.153 0.0000000000
17014  26.480  -71.552  -26.278 0.0000000000
16023  26.433  -72.294  -27.770 0.0000000000
17044  25.990  -72.010  -27.715 0.0000000000
17015  25.884  -71.525  -26.516 0.0000000000
17032  25.246  -71.382  -26.905 0.0000000000
17045  25.415  -71.810  -27.846 0.0000000000
18091  25.540  -71.343  -26.103 0.0000000000
18116  25.102  -71.232  -26.377 0.0000000000
17046  24.488  -71.236  -27.582 0.0000000000
17033  24.696  -71.140  -27.021 0.0000000000
18117  24.678  -71.073  -26.532 0.0000000000
18133  24.341  -71.009  -26.992 0.0000000000
16024  25.926  -72.217  -28.013 0.0000000000
16035  25.532  -72.504  -28.318 0.0000000000
17056  25.112  -72.137  -28.286 0.0000000000
17057  24.604  -71.877  -28.246 0.0000000000
17058  23.678  -71.465  -28.237 0.0000000000
17047  23.871  -71.081  -27.731 0.0000000000
18134  23.807  -70.890  -27.224 0.0000000000
18149  23.474  -70.957  -27.735 0.0000000000
16036  24.835  -72.540  -28.466 0.0000000000
16037  24.019  -72.429  -28.595 0.0000000000
16038  23.308  -72.102  -28.743 0.0000000000
17059  22.622  -71.568  -28.732 0.0000000000
18150  22.904  -70.902  -28.038 0.0000000000
17995  27.926  -70.938  -23.392 0.0000000000
17973  27.674  -70.601  -22.853 0.0000000000
17972  28.181  -70.350  -23.114 0.0000000000
19118  28.377  -69.908  -22.879 0.0000000000
19138  28.715  -70.066  -23.348 0.0000000000
17993  29.189  -70.341  -23.794 0.0000000000
19137  29.322  -69.807  -23.491 0.0000000000
18021  32.424  -70.500  -24.753 0.0000000000
19153  32.447  -70.003  -24.318 0.0000000000
19154  31.607  -70.128  -24.225 0.0000000000
19155  30.798  -70.150  -24.189 0.0000000000
19156  29.963  -70.205  -24.040 0.0000000000
19157  29.477  -70.271  -23.884 0.0000000000
19171  32.763  -69.934  -24.974 0.0000000000
19185  32.310  -69.885  -25.696 0.0000000000
19186  31.730  -70.223  -26.294 0.0000000000
18087  28.513  -71.013  -25.888 0.0000000000
18055  28.807  -70.433  -25.608 0.0000000000
19188  29.251  -69.998  -25.788 0.0000000000
18085  29.666  -70.278  -26.144 0.0000000000
18088  27.872  -71.112  -25.695 0.0000000000
18056  28.199  -70.559  -25.393 0.0000000000
18089  27.447  -71.107  -25.623 0.0000000000
18057  27.591  -70.720  -25.329 0.0000000000
18058  27.035  -71.054  -25.491 0.0000000000
18090  26.030  -71.440  -26.114 0.0000000000
18059  26.239  -71.220  -25.562 0.0000000000
18060  25.436  -71.066  -25.369 0.0000000000
18092  24.962  -71.134  -25.928 0.0000000000
18061  24.741  -70.987  -25.269 0.0000000000
18093  24.337  -70.969  -25.892 0.0000000000
18062  24.026  -70.897  -25.190 0.0000000000
18094  23.633  -70.845  -25.873 0.0000000000
18118  24.015  -70.914  -26.523 0.0000000000
18063  23.260  -70.798  -25.140 0.0000000000
18095  22.880  -70.784  -25.885 0.0000000000
18119  23.321  -70.806  -26.578 0.0000000000
19198  31.127  -70.095  -26.670 0.0000000000
19199  30.489  -69.974  -26.649 0.0000000000
19200  30.004  -69.872  -26.313 0.0000000000
18120  22.569  -70.741  -26.642 0.0000000000
18135  23.069  -70.746  -27.289 0.0000000000
18136  22.317  -70.678  -27.437 0.0000000000
19119  27.867  -70.162  -22.642 0.0000000000
19105  27.601  -70.010  -22.149 0.0000000000
19104  28.128  -69.615  -22.293 0.0000000000
20247  28.563  -69.184  -22.208 0.0000000000
20264  28.858  -69.331  -22.715 0.0000000000
19117  28.969  -69.526  -23.020 0.0000000000
20263  29.390  -69.124  -22.913 0.0000000000
20279  29.703  -69.246  -23.256 0.0000000000
19136  30.371  -69.698  -23.794 0.0000000000
20278  30.149  -69.268  -23.416 0.0000000000
19133  32.620  -69.550  -23.867 0.0000000000
19152  32.932  -69.565  -24.087 0.0000000000
19134  31.983  -69.648  -23.853 0.0000000000
19170  33.007  -69.637  -24.492 0.0000000000
19135  31.201  -69.651  -23.882 0.0000000000
20294  33.087  -69.153  -24.827 0.0000000000
20295  32.611  -69.137  -25.264 0.0000000000
20303  32.160  -69.019  -25.654 0.0000000000
20304  31.727  -69.257  -26.127 0.0000000000
20314  31.429  -69.586  -26.547 0.0000000000
19172  28.910  -69.931  -25.464 0.0000000000
19187  29.644  -69.739  -26.030 0.0000000000
20296  28.936  -69.291  -25.378 0.0000000000
20307  29.405  -69.287  -25.832 0.0000000000
20315  30.908  -69.270  -26.630 0.0000000000
20316  30.207  -69.205  -26.519 0.0000000000
20306  29.790  -69.233  -26.141 0.0000000000
20246  29.072  -68.988  -22.477 0.0000000000
19173  28.514  -69.923  -25.250 0.0000000000
20297  28.337  -69.313  -24.993 0.0000000000
21431  28.505  -68.488  -25.176 0.0000000000
21430  28.910  -68.775  -25.385 0.0000000000
21441  29.153  -68.582  -25.730 0.0000000000
19174  27.765  -69.899  -24.901 0.0000000000
20298  27.977  -69.335  -24.769 0.0000000000
20287  28.125  -68.885  -24.786 0.0000000000
20288  27.620  -69.209  -24.502 0.0000000000
21437  32.390  -68.374  -25.426 0.0000000000
21438  31.830  -68.401  -25.840 0.0000000000
20305  31.340  -69.147  -26.448 0.0000000000
21439  31.202  -68.532  -26.283 0.0000000000
21440  29.540  -68.879  -25.992 0.0000000000
21449  29.746  -68.433  -26.291 0.0000000000
21448  30.483  -68.432  -26.623 0.0000000000
21417  28.182  -68.585  -24.884 0.0000000000
21418  27.909  -68.394  -24.704 0.0000000000
21432  28.097  -68.025  -24.979 0.0000000000
21442  28.838  -68.201  -25.583 0.0000000000
22591  28.152  -67.630  -25.284 0.0000000000
22606  28.583  -67.821  -25.582 0.0000000000
22592  27.720  -67.665  -24.874 0.0000000000
22602  32.100  -67.611  -25.592 0.0000000000
22603  31.434  -67.597  -25.962 0.0000000000
22604  30.752  -67.602  -26.363 0.0000000000
21450  29.264  -67.993  -26.148 0.0000000000
22605  29.062  -68.012  -25.937 0.0000000000
22613  30.058  -67.621  -26.611 0.0000000000
22614  29.403  -67.568  -26.535 0.0000000000
22615  28.924  -67.486  -26.264 0.0000000000
23666  27.777  -67.062  -25.409 0.0000000000
23665  27.903  -67.224  -25.414 0.0000000000
23679  28.215  -67.288  -25.704 0.0000000000
22574  27.453  -67.936  -24.489 0.0000000000
22593  27.318  -67.594  -24.582 0.0000000000
23667  27.224  -67.151  -24.801 0.0000000000
22575  26.853  -67.680  -24.198 0.0000000000
23677  31.798  -66.779  -25.707 0.0000000000
23678  31.035  -66.646  -26.103 0.0000000000
23689  30.331  -66.798  -26.552 0.0000000000
22616  28.611  -67.506  -25.956 0.0000000000
23690  29.627  -66.865  -26.807 0.0000000000
23691  28.927  -66.902  -26.629 0.0000000000
23692  28.396  -66.961  -26.203 0.0000000000
23680  28.056  -66.833  -25.936 0.0000000000
24760  27.223  -66.386  -25.158 0.0000000000
24775  27.744  -66.318  -25.943 0.0000000000
23647  26.776  -66.988  -24.524 0.0000000000
24761  26.967  -66.703  -24.767 0.0000000000
24772  31.559  -65.939  -25.851 0.0000000000
24773  30.997  -65.815  -26.086 0.0000000000
24788  30.519  -65.996  -26.393 0.0000000000
23693  28.207  -66.808  -26.131 0.0000000000
24792  28.095  -66.618  -26.207 0.0000000000
24789  29.879  -66.094  -26.680 0.0000000000
24790  29.151  -66.159  -26.774 0.0000000000
24791  28.324  -66.233  -26.518 0.0000000000
24740  27.103  -65.961  -24.789 0.0000000000
24741  26.714  -66.303  -24.484 0.0000000000
26019  27.318  -65.768  -25.036 0.0000000000
26033  27.533  -65.858  -25.472 0.0000000000
26030  31.275  -65.215  -26.010 0.0000000000
26031  30.665  -65.290  -26.209 0.0000000000
24774  27.968  -65.890  -26.226 0.0000000000
26032  27.837  -65.601  -25.863 0.0000000000
26048  30.087  -65.388  -26.464 0.0000000000
26049  29.453  -65.453  -26.645 0.0000000000
26050  28.769  -65.500  -26.621 0.0000000000
26051  28.233  -65.491  -26.287 0.0000000000
26002  27.258  -65.482  -24.388 0.0000000000
26018  27.742  -65.361  -25.180 0.0000000000
27239  30.875  -64.604  -26.136 0.0000000000
27257  30.278  -64.734  -26.305 0.0000000000
27241  28.293  -65.026  -25.721 0.0000000000
27258  29.688  -64.815  -26.455 0.0000000000
27259  29.101  -64.919  -26.418 0.0000000000
27260  28.621  -65.058  -26.243 0.0000000000
27225  28.217  -64.843  -24.991 0.0000000000
28413  28.625  -64.426  -25.425 0.0000000000
27240  28.831  -64.524  -25.987 0.0000000000
28425  30.451  -64.169  -26.206 0.0000000000
28426  29.862  -64.176  -26.277 0.0000000000
28427  29.335  -64.379  -26.206 0.0000000000
28393  28.666  -64.248  -24.752 0.0000000000
28412  29.339  -63.709  -25.559 0.0000000000
28411  30.205  -63.574  -26.155 0.0000000000
27210  28.010  -64.796  -24.164 0.0000000000
26001  27.817  -65.121  -24.686 0.0000000000
26003  26.797  -65.880  -24.135 0.0000000000
25991  27.197  -65.323  -23.549 0.0000000000
25992  26.806  -65.723  -23.727 0.0000000000
27211  27.527  -65.123  -23.882 0.0000000000
23648  26.330  -67.081  -24.131 0.0000000000
24742  26.229  -66.495  -23.967 0.0000000000
24731  26.475  -66.085  -23.896 0.0000000000
23631  25.902  -66.844  -23.449 0.0000000000
22559  26.135  -67.690  -23.618 0.0000000000
22576  26.425  -67.480  -23.997 0.0000000000
22558  26.596  -68.077  -23.784 0.0000000000
21405  26.873  -68.505  -23.894 0.0000000000
21419  27.341  -68.456  -24.266 0.0000000000
22539  25.806  -67.984  -23.175 0.0000000000
21389  25.975  -68.431  -23.252 0.0000000000
21406  26.405  -68.517  -23.602 0.0000000000
22540  25.524  -67.551  -23.014 0.0000000000
22560  25.737  -67.289  -23.373 0.0000000000
21390  25.536  -68.312  -22.877 0.0000000000
20289  27.130  -69.078  -24.105 0.0000000000
20281  26.130  -69.136  -23.401 0.0000000000
20280  26.635  -69.295  -23.791 0.0000000000
21367  25.039  -68.020  -22.380 0.0000000000
20266  25.107  -68.925  -22.515 0.0000000000
20265  25.698  -68.990  -23.004 0.0000000000
19159  26.958  -69.861  -24.366 0.0000000000
19158  27.465  -69.671  -24.562 0.0000000000
19120  25.825  -69.464  -23.268 0.0000000000
19140  25.984  -70.028  -23.801 0.0000000000
19139  26.558  -69.760  -23.940 0.0000000000
19121  25.363  -69.598  -23.021 0.0000000000
19122  24.449  -69.708  -22.545 0.0000000000
20267  24.570  -69.093  -22.150 0.0000000000
20249  24.714  -68.596  -22.081 0.0000000000
19175  27.196  -70.440  -25.001 0.0000000000
19160  26.423  -70.395  -24.370 0.0000000000
18027  26.652  -70.666  -24.877 0.0000000000
17997  25.098  -70.609  -24.031 0.0000000000
17996  25.572  -70.589  -24.280 0.0000000000
19141  24.886  -70.201  -23.348 0.0000000000
18028  25.940  -70.730  -24.684 0.0000000000
20277  30.863  -69.250  -23.516 0.0000000000
19107  24.244  -69.300  -22.053 0.0000000000
19108  23.713  -69.529  -21.857 0.0000000000
19123  23.436  -70.281  -22.674 0.0000000000
19142  24.026  -70.359  -23.111 0.0000000000
17954  27.353  -70.432  -22.369 0.0000000000
17955  26.834  -70.716  -22.061 0.0000000000
19106  27.044  -70.200  -21.776 0.0000000000
19092  27.179  -69.887  -21.486 0.0000000000
20227  27.646  -69.251  -21.138 0.0000000000
20248  28.032  -69.407  -21.886 0.0000000000
19093  26.666  -70.273  -21.319 0.0000000000
20228  26.978  -69.730  -21.010 0.0000000000
18031  23.721  -70.797  -24.400 0.0000000000
18032  22.885  -70.767  -24.338 0.0000000000
18064  22.459  -70.806  -25.136 0.0000000000
18030  24.512  -70.833  -24.553 0.0000000000
18029  25.217  -70.821  -24.694 0.0000000000
17002  26.802  -71.346  -25.821 0.0000000000
17001  27.042  -71.302  -25.773 0.0000000000
17999  23.395  -70.591  -23.426 0.0000000000
18000  22.471  -70.698  -23.567 0.0000000000
18033  22.042  -70.819  -24.360 0.0000000000
17998  24.281  -70.634  -23.784 0.0000000000
17975  23.235  -70.487  -23.016 0.0000000000
17976  22.864  -70.540  -22.966 0.0000000000
19143  23.620  -70.423  -23.066 0.0000000000
19124  22.582  -70.410  -22.433 0.0000000000
17977  22.039  -70.573  -22.734 0.0000000000
16955  27.258  -71.133  -22.951 0.0000000000
17974  27.120  -70.971  -22.678 0.0000000000
16940  26.379  -71.353  -22.225 0.0000000000
17956  26.173  -71.191  -21.790 0.0000000000
16956  26.771  -71.466  -22.801 0.0000000000
17939  26.018  -70.834  -21.100 0.0000000000
17938  26.509  -70.614  -21.493 0.0000000000
16923  25.802  -71.428  -21.499 0.0000000000
16924  25.342  -71.602  -21.028 0.0000000000
17940  25.478  -71.222  -20.735 0.0000000000
17922  25.406  -70.962  -20.340 0.0000000000
17921  25.751  -70.633  -20.458 0.0000000000
19080  26.034  -70.251  -20.406 0.0000000000
19094  26.303  -70.315  -20.884 0.0000000000
16902  25.120  -71.448  -20.482 0.0000000000
16884  24.920  -71.281  -20.019 0.0000000000
17914  25.022  -70.825  -19.586 0.0000000000
17913  25.544  -70.467  -19.981 0.0000000000
16885  24.446  -71.356  -19.511 0.0000000000
17915  24.571  -70.919  -19.042 0.0000000000
17906  24.900  -70.499  -18.914 0.0000000000
19076  25.345  -70.245  -19.321 0.0000000000
19075  25.843  -69.993  -19.682 0.0000000000
17907  24.531  -70.731  -18.565 0.0000000000
17897  24.811  -70.325  -18.278 0.0000000000
19066  25.227  -70.032  -18.658 0.0000000000
15964  26.812  -72.234  -23.623 0.0000000000
16972  26.902  -71.775  -23.280 0.0000000000
15950  26.629  -71.976  -23.158 0.0000000000
15951  26.213  -72.115  -22.847 0.0000000000
16957  26.218  -71.710  -22.463 0.0000000000
16941  25.916  -71.668  -21.998 0.0000000000
15921  25.163  -72.034  -21.415 0.0000000000
15922  24.583  -72.129  -20.841 0.0000000000
16925  24.919  -71.758  -20.626 0.0000000000
16942  25.520  -71.778  -21.601 0.0000000000
16903  24.539  -71.721  -20.221 0.0000000000
16886  23.801  -71.677  -19.361 0.0000000000
16869  24.052  -71.257  -18.600 0.0000000000
16904  24.163  -71.720  -19.792 0.0000000000
16853  23.360  -71.810  -17.956 0.0000000000
16852  24.016  -71.241  -17.646 0.0000000000
16870  23.413  -71.719  -18.738 0.0000000000
17898  24.435  -70.747  -17.979 0.0000000000
15840  23.056  -72.140  -17.755 0.0000000000
15827  23.149  -72.324  -17.378 0.0000000000
16838  23.716  -71.769  -17.229 0.0000000000
15841  22.740  -72.353  -17.990 0.0000000000
16854  23.021  -71.963  -18.439 0.0000000000
16047  23.398  -72.696  -28.856 0.0000000000
16048  22.756  -72.489  -29.045 0.0000000000
15026  23.785  -73.241  -28.769 0.0000000000
15025  24.499  -73.208  -28.598 0.0000000000
15024  25.224  -73.212  -28.468 0.0000000000
15023  25.892  -73.226  -28.340 0.0000000000
16034  26.185  -72.672  -28.198 0.0000000000
15022  26.488  -73.259  -28.215 0.0000000000
16033  26.694  -72.776  -28.068 0.0000000000
15019  27.054  -73.254  -28.050 0.0000000000
16022  27.163  -72.625  -27.723 0.0000000000
15018  27.653  -73.235  -27.828 0.0000000000
16021  27.875  -72.699  -27.506 0.0000000000
15017  28.261  -73.234  -27.626 0.0000000000
16020  28.519  -72.725  -27.403 0.0000000000
15016  28.829  -73.258  -27.454 0.0000000000
16019  29.072  -72.783  -27.313 0.0000000000
15013  29.397  -73.277  -27.184 0.0000000000
15012  30.057  -73.278  -26.678 0.0000000000
15011  30.641  -72.794  -26.559 0.0000000000
15005  30.709  -73.023  -26.118 0.0000000000
15996  31.170  -72.589  -25.812 0.0000000000
14995  30.882  -72.922  -25.666 0.0000000000
14996  30.437  -73.143  -25.532 0.0000000000
14997  29.554  -73.303  -25.432 0.0000000000
15988  29.206  -72.611  -25.069 0.0000000000
14984  27.756  -72.783  -24.693 0.0000000000
14985  26.843  -72.913  -24.243 0.0000000000
15977  27.091  -72.395  -24.038 0.0000000000
14983  28.118  -72.717  -24.821 0.0000000000
14998  28.432  -73.023  -25.095 0.0000000000
15989  28.671  -72.515  -24.900 0.0000000000
14973  26.592  -72.611  -23.753 0.0000000000
14974  26.125  -72.685  -23.391 0.0000000000
15965  26.448  -72.261  -23.250 0.0000000000
14960  25.860  -72.469  -22.828 0.0000000000
15952  25.747  -72.303  -22.530 0.0000000000
15936  25.901  -71.998  -22.375 0.0000000000
15937  25.440  -72.184  -22.021 0.0000000000
15905  23.832  -72.059  -20.106 0.0000000000
15904  24.319  -71.973  -20.390 0.0000000000
15923  23.675  -72.500  -20.997 0.0000000000
15938  24.867  -72.381  -21.625 0.0000000000
15939  24.270  -72.532  -21.461 0.0000000000
15883  22.950  -72.144  -19.452 0.0000000000
15882  23.468  -71.919  -19.534 0.0000000000
15906  22.897  -72.529  -20.467 0.0000000000
15860  22.245  -72.433  -18.941 0.0000000000
15859  22.707  -72.187  -18.680 0.0000000000
15884  22.231  -72.514  -19.751 0.0000000000
16871  23.061  -71.947  -18.897 0.0000000000
16887  23.322  -71.854  -19.199 0.0000000000
14871  21.678  -72.842  -19.225 0.0000000000
14848  21.934  -72.993  -18.193 0.0000000000
15842  22.356  -72.434  -18.424 0.0000000000
14847  22.462  -72.813  -17.663 0.0000000000
15828  22.754  -72.607  -17.534 0.0000000000
14831  22.817  -73.046  -17.243 0.0000000000
14046  24.928  -73.933  -28.504 0.0000000000
14047  24.200  -73.939  -28.650 0.0000000000
14045  25.634  -73.921  -28.358 0.0000000000
14044  26.249  -73.859  -28.247 0.0000000000
14043  26.790  -73.854  -28.141 0.0000000000
14041  27.402  -73.907  -27.969 0.0000000000
14040  28.041  -73.839  -27.756 0.0000000000
14039  28.568  -73.745  -27.548 0.0000000000
14038  29.014  -73.801  -27.315 0.0000000000
14034  29.434  -73.943  -26.823 0.0000000000
14033  29.811  -73.751  -26.673 0.0000000000
14023  29.821  -73.927  -26.409 0.0000000000
15006  30.101  -73.518  -26.000 0.0000000000
15007  29.561  -73.867  -25.894 0.0000000000
14009  28.865  -73.830  -25.639 0.0000000000
14010  28.004  -73.819  -25.427 0.0000000000
14999  27.526  -73.320  -24.986 0.0000000000
13994  26.263  -73.669  -24.709 0.0000000000
14986  25.840  -73.356  -24.081 0.0000000000
15000  26.903  -73.587  -24.923 0.0000000000
14961  25.299  -72.694  -22.605 0.0000000000
14975  25.080  -73.302  -23.451 0.0000000000
14948  24.590  -72.720  -22.029 0.0000000000
14947  25.055  -72.506  -22.065 0.0000000000
14962  24.345  -73.121  -22.684 0.0000000000
14949  23.621  -72.913  -21.818 0.0000000000
14872  21.217  -73.480  -18.862 0.0000000000
14897  21.213  -73.259  -19.696 0.0000000000
14896  21.707  -72.884  -20.017 0.0000000000
13870  21.855  -73.978  -17.963 0.0000000000
13853  22.075  -73.513  -17.704 0.0000000000
14832  22.301  -73.231  -17.569 0.0000000000
14849  21.468  -73.603  -18.279 0.0000000000
13852  22.520  -73.899  -17.373 0.0000000000
13133  24.643  -74.679  -28.542 0.0000000000
13132  25.366  -74.647  -28.339 0.0000000000
13131  26.126  -74.663  -28.145 0.0000000000
13130  26.529  -74.247  -28.130 0.0000000000
13126  26.929  -74.609  -27.946 0.0000000000
13125  27.786  -74.647  -27.656 0.0000000000
13124  28.419  -74.271  -27.512 0.0000000000
13123  28.736  -74.064  -27.409 0.0000000000
13115  28.854  -74.387  -27.145 0.0000000000
13098  29.046  -74.460  -26.714 0.0000000000
14024  29.183  -74.354  -26.229 0.0000000000
13099  28.515  -74.906  -26.579 0.0000000000
14025  28.328  -74.407  -25.892 0.0000000000
14026  27.540  -74.358  -25.649 0.0000000000
14011  27.281  -73.932  -25.293 0.0000000000
14013  25.846  -74.148  -25.113 0.0000000000
13995  25.518  -73.854  -24.598 0.0000000000
14012  26.610  -74.165  -25.292 0.0000000000
12925  22.097  -74.787  -18.087 0.0000000000
13869  22.277  -74.370  -17.735 0.0000000000
12926  21.575  -74.549  -18.301 0.0000000000
13871  21.305  -74.099  -18.484 0.0000000000
12924  22.769  -74.756  -17.693 0.0000000000
12164  25.164  -75.503  -28.283 0.0000000000
12163  25.694  -75.150  -28.183 0.0000000000
12154  25.988  -75.641  -27.713 0.0000000000
13127  26.496  -75.089  -27.895 0.0000000000
12153  26.844  -75.279  -27.601 0.0000000000
12152  27.298  -75.015  -27.648 0.0000000000
12136  27.552  -75.387  -27.221 0.0000000000
13117  28.018  -75.082  -27.339 0.0000000000
13116  28.364  -74.817  -27.260 0.0000000000
12135  28.145  -75.171  -26.946 0.0000000000
12113  28.226  -75.167  -26.680 0.0000000000
12114  27.934  -75.279  -26.587 0.0000000000
13100  27.736  -74.901  -26.079 0.0000000000
11159  25.716  -76.150  -27.177 0.0000000000
12138  25.775  -75.843  -26.823 0.0000000000
11160  25.319  -76.220  -27.498 0.0000000000
12155  25.440  -75.943  -27.918 0.0000000000
12137  26.647  -75.605  -27.001 0.0000000000
11145  25.628  -76.083  -26.952 0.0000000000
11146  25.356  -76.138  -26.960 0.0000000000
12139  25.013  -75.902  -26.585 0.0000000000
12116  26.272  -75.332  -26.318 0.0000000000
12117  25.313  -75.408  -26.194 0.0000000000
12115  27.172  -75.294  -26.437 0.0000000000
13101  26.777  -74.699  -25.786 0.0000000000
13102  25.848  -74.887  -25.867 0.0000000000
13083  26.175  -74.491  -25.506 0.0000000000
13082  26.525  -74.453  -25.530 0.0000000000
14027  27.061  -74.300  -25.496 0.0000000000
13103  25.139  -74.942  -25.787 0.0000000000
13084  25.413  -74.577  -25.449 0.0000000000
12944  21.148  -74.823  -18.737 0.0000000000
13889  20.849  -74.207  -18.999 0.0000000000
14014  25.093  -74.232  -25.033 0.0000000000
13996  24.855  -74.014  -24.552 0.0000000000
14987  25.180  -73.689  -24.122 0.0000000000
13997  24.163  -74.234  -24.640 0.0000000000
13982  24.551  -73.814  -24.004 0.0000000000
14015  24.607  -74.271  -24.927 0.0000000000
13913  20.801  -73.794  -19.509 0.0000000000
14918  21.362  -73.247  -20.424 0.0000000000
14917  21.852  -73.057  -20.622 0.0000000000
15907  22.184  -72.739  -20.341 0.0000000000
13937  20.829  -73.601  -20.202 0.0000000000
14916  22.346  -72.901  -20.795 0.0000000000
14935  21.964  -73.264  -21.331 0.0000000000
14936  21.570  -73.269  -20.878 0.0000000000
13952  21.189  -73.621  -21.116 0.0000000000
13951  21.611  -73.481  -21.484 0.0000000000
13963  21.777  -73.704  -21.946 0.0000000000
14951  22.083  -73.402  -21.783 0.0000000000
14934  22.841  -72.894  -21.246 0.0000000000
14950  22.564  -73.330  -22.030 0.0000000000
14933  23.326  -72.716  -21.277 0.0000000000
14963  23.320  -73.467  -22.835 0.0000000000
13962  22.322  -73.725  -22.519 0.0000000000
14964  22.708  -73.596  -22.618 0.0000000000
14976  24.107  -73.527  -23.424 0.0000000000
13972  23.109  -73.871  -23.408 0.0000000000
13973  22.642  -73.906  -23.072 0.0000000000
14977  23.538  -73.769  -23.494 0.0000000000
13983  23.844  -73.922  -23.969 0.0000000000
13984  23.284  -74.045  -23.857 0.0000000000
15924  23.179  -72.637  -21.005 0.0000000000
19065  25.689  -69.798  -19.030 0.0000000000
20199  26.129  -69.556  -19.355 0.0000000000
19074  26.362  -69.678  -19.978 0.0000000000
19079  26.549  -69.942  -20.663 0.0000000000
19109  22.889  -70.045  -21.877 0.0000000000
19125  22.212  -70.461  -22.395 0.0000000000
19110  22.007  -70.338  -22.033 0.0000000000
20209  26.949  -69.392  -20.367 0.0000000000
23632  25.624  -67.096  -23.190 0.0000000000
24732  26.128  -66.313  -23.572 0.0000000000
13974  21.978  -74.195  -22.878 0.0000000000
13985  22.773  -74.239  -23.756 0.0000000000
13986  22.311  -74.328  -23.458 0.0000000000
13964  21.035  -74.167  -21.811 0.0000000000
13975  21.395  -74.344  -22.473 0.0000000000
13938  20.440  -74.092  -20.550 0.0000000000
13953  20.539  -74.262  -21.261 0.0000000000
13914  20.457  -74.070  -19.923 0.0000000000
13890  20.484  -74.314  -19.489 0.0000000000
