#!ascii label  , from subject  vox2ras=TkReg
704
10721  -18.968  -65.322  -27.974 0.0000000000
10734  -18.959  -65.777  -28.451 0.0000000000
10722  -19.241  -65.641  -27.523 0.0000000000
11987  -18.924  -64.960  -27.561 0.0000000000
12006  -18.642  -64.956  -28.292 0.0000000000
9486  -19.496  -66.548  -27.314 0.0000000000
10708  -19.455  -65.951  -26.703 0.0000000000
10735  -19.258  -66.173  -27.918 0.0000000000
11970  -19.287  -65.334  -26.847 0.0000000000
11988  -19.143  -65.206  -27.247 0.0000000000
9506  -19.078  -66.353  -29.073 0.0000000000
9507  -19.406  -66.696  -28.375 0.0000000000
10748  -18.782  -65.827  -29.394 0.0000000000
12023  -18.525  -65.134  -29.072 0.0000000000
9528  -19.070  -66.318  -29.719 0.0000000000
10761  -19.063  -65.837  -30.130 0.0000000000
12036  -18.669  -65.229  -29.841 0.0000000000
9552  -19.141  -66.198  -30.006 0.0000000000
9553  -19.403  -66.335  -30.071 0.0000000000
10762  -19.779  -65.793  -30.397 0.0000000000
10772  -19.342  -65.546  -30.439 0.0000000000
10771  -19.106  -65.515  -30.370 0.0000000000
12045  -18.950  -65.306  -30.259 0.0000000000
9554  -20.087  -66.500  -30.141 0.0000000000
10763  -20.530  -65.848  -30.086 0.0000000000
12038  -20.324  -65.057  -30.013 0.0000000000
12037  -19.562  -65.158  -30.370 0.0000000000
9555  -20.819  -66.460  -29.957 0.0000000000
10764  -21.167  -65.837  -29.735 0.0000000000
12039  -20.807  -65.438  -29.792 0.0000000000
9556  -21.423  -66.420  -29.809 0.0000000000
10765  -21.714  -66.070  -29.603 0.0000000000
10749  -21.593  -65.684  -29.326 0.0000000000
12025  -21.073  -65.078  -29.131 0.0000000000
12046  -19.193  -65.288  -30.432 0.0000000000
11953  -19.384  -65.510  -26.118 0.0000000000
11952  -19.152  -64.892  -26.399 0.0000000000
11969  -19.063  -64.920  -27.010 0.0000000000
13259  -18.708  -64.276  -26.929 0.0000000000
13279  -18.563  -64.489  -27.839 0.0000000000
13298  -18.457  -64.596  -28.237 0.0000000000
12005  -18.386  -64.665  -28.459 0.0000000000
12022  -18.326  -64.728  -28.678 0.0000000000
13297  -18.219  -64.292  -28.350 0.0000000000
13315  -18.179  -64.413  -29.223 0.0000000000
13316  -18.399  -64.849  -29.584 0.0000000000
13329  -18.639  -64.469  -29.988 0.0000000000
13338  -18.823  -64.984  -30.140 0.0000000000
13330  -19.554  -64.425  -30.110 0.0000000000
13339  -19.086  -64.912  -30.349 0.0000000000
12024  -20.550  -64.659  -29.539 0.0000000000
13331  -20.192  -64.364  -29.735 0.0000000000
13238  -18.908  -64.451  -25.891 0.0000000000
14507  -18.586  -63.906  -26.104 0.0000000000
14526  -18.468  -63.832  -26.600 0.0000000000
13258  -18.436  -63.962  -27.169 0.0000000000
13278  -18.281  -63.957  -27.552 0.0000000000
14525  -18.244  -63.728  -26.969 0.0000000000
14540  -17.788  -63.397  -27.440 0.0000000000
14554  -17.892  -63.675  -28.049 0.0000000000
14568  -17.826  -63.721  -28.750 0.0000000000
13328  -18.208  -64.092  -29.708 0.0000000000
14579  -17.995  -63.723  -29.425 0.0000000000
14580  -18.374  -63.656  -29.865 0.0000000000
14581  -19.088  -63.639  -29.998 0.0000000000
14482  -18.684  -64.033  -25.202 0.0000000000
14481  -18.237  -63.553  -25.615 0.0000000000
14506  -18.201  -63.565  -26.330 0.0000000000
15839  -17.783  -63.191  -26.671 0.0000000000
15861  -17.565  -63.085  -27.140 0.0000000000
14539  -17.592  -63.228  -27.633 0.0000000000
14553  -17.612  -63.297  -27.865 0.0000000000
15860  -17.404  -62.966  -27.574 0.0000000000
15882  -17.430  -63.062  -28.123 0.0000000000
14567  -17.633  -63.377  -28.296 0.0000000000
15900  -17.456  -63.081  -28.675 0.0000000000
15901  -17.697  -63.321  -29.166 0.0000000000
15912  -17.906  -63.074  -29.635 0.0000000000
15817  -17.897  -63.206  -25.971 0.0000000000
15816  -17.382  -62.703  -25.917 0.0000000000
15838  -17.336  -62.747  -26.853 0.0000000000
17162  -16.895  -62.313  -27.301 0.0000000000
17177  -17.085  -62.554  -28.183 0.0000000000
17194  -17.157  -62.536  -28.940 0.0000000000
15911  -17.479  -62.920  -29.221 0.0000000000
17205  -17.412  -62.455  -29.519 0.0000000000
17145  -16.954  -62.268  -26.467 0.0000000000
17144  -16.480  -61.972  -26.747 0.0000000000
17161  -16.336  -61.856  -27.304 0.0000000000
17176  -16.526  -61.991  -27.923 0.0000000000
17175  -16.039  -61.609  -27.715 0.0000000000
17192  -16.153  -61.649  -28.269 0.0000000000
17193  -16.673  -61.958  -28.701 0.0000000000
18438  -15.615  -61.402  -28.095 0.0000000000
18447  -15.917  -61.316  -28.845 0.0000000000
18448  -16.851  -61.560  -29.417 0.0000000000
17204  -17.030  -62.124  -29.232 0.0000000000
18424  -15.548  -61.404  -27.421 0.0000000000
18423  -14.989  -61.271  -27.756 0.0000000000
18437  -15.073  -61.227  -28.466 0.0000000000
18446  -15.099  -60.998  -29.008 0.0000000000
19757  -15.645  -60.648  -29.181 0.0000000000
19758  -16.420  -60.787  -29.228 0.0000000000
19756  -14.915  -60.506  -29.134 0.0000000000
21078  -15.404  -60.057  -28.877 0.0000000000
21079  -16.210  -60.110  -28.945 0.0000000000
19759  -17.198  -60.791  -29.271 0.0000000000
21080  -16.869  -60.277  -28.992 0.0000000000
21077  -14.651  -59.997  -28.874 0.0000000000
21069  -15.105  -59.548  -28.490 0.0000000000
21070  -15.936  -59.530  -28.498 0.0000000000
19755  -14.164  -60.519  -28.954 0.0000000000
21076  -14.001  -59.961  -28.831 0.0000000000
21068  -14.354  -59.524  -28.557 0.0000000000
19754  -13.774  -60.231  -28.759 0.0000000000
21075  -13.510  -60.007  -28.746 0.0000000000
21067  -13.651  -59.577  -28.570 0.0000000000
19749  -13.468  -60.382  -28.400 0.0000000000
21066  -12.930  -59.776  -28.498 0.0000000000
22298  -15.545  -58.996  -28.127 0.0000000000
22299  -16.340  -58.936  -28.096 0.0000000000
21071  -17.009  -59.534  -28.421 0.0000000000
22297  -14.753  -59.037  -28.171 0.0000000000
22296  -13.978  -59.081  -28.232 0.0000000000
22295  -13.203  -59.166  -28.268 0.0000000000
18445  -14.627  -60.844  -29.113 0.0000000000
18436  -14.506  -61.045  -28.778 0.0000000000
19750  -14.015  -60.851  -28.483 0.0000000000
18422  -14.418  -61.132  -28.144 0.0000000000
19737  -13.813  -60.809  -27.852 0.0000000000
17160  -15.955  -61.576  -27.214 0.0000000000
18407  -15.660  -61.482  -26.731 0.0000000000
18406  -15.015  -61.232  -26.958 0.0000000000
18405  -14.354  -61.068  -27.350 0.0000000000
17143  -16.096  -61.731  -26.882 0.0000000000
17128  -16.059  -61.779  -26.394 0.0000000000
18392  -15.707  -61.544  -26.097 0.0000000000
18391  -15.195  -61.251  -26.126 0.0000000000
18390  -14.341  -61.002  -26.316 0.0000000000
19715  -13.682  -60.700  -27.001 0.0000000000
17130  -16.881  -62.217  -25.834 0.0000000000
17129  -16.491  -61.987  -26.109 0.0000000000
17114  -16.951  -62.324  -25.236 0.0000000000
17113  -16.495  -62.008  -25.432 0.0000000000
17112  -16.049  -61.775  -25.768 0.0000000000
15793  -17.835  -63.090  -25.289 0.0000000000
15792  -17.331  -62.712  -24.982 0.0000000000
11933  -19.160  -65.080  -25.550 0.0000000000
13218  -18.991  -64.637  -25.135 0.0000000000
10695  -19.524  -66.178  -25.912 0.0000000000
11934  -19.384  -65.741  -25.291 0.0000000000
10675  -19.519  -66.509  -25.086 0.0000000000
11912  -19.368  -65.974  -24.646 0.0000000000
11911  -19.184  -65.249  -24.463 0.0000000000
10655  -19.374  -66.465  -24.204 0.0000000000
10654  -19.306  -65.917  -24.223 0.0000000000
9467  -19.617  -66.548  -26.462 0.0000000000
9447  -19.718  -66.835  -25.815 0.0000000000
9424  -19.738  -67.118  -25.223 0.0000000000
9401  -19.646  -67.208  -24.525 0.0000000000
9380  -19.473  -67.039  -23.654 0.0000000000
10635  -19.324  -66.535  -23.689 0.0000000000
10634  -19.223  -65.993  -23.609 0.0000000000
9379  -19.304  -66.599  -23.300 0.0000000000
9532  -22.047  -66.664  -29.456 0.0000000000
9531  -21.124  -66.952  -29.585 0.0000000000
9530  -20.374  -66.984  -29.682 0.0000000000
9529  -19.593  -66.844  -29.443 0.0000000000
8371  -21.428  -67.511  -29.094 0.0000000000
8370  -20.589  -67.453  -29.187 0.0000000000
8369  -20.075  -67.273  -29.323 0.0000000000
8356  -19.914  -67.466  -28.759 0.0000000000
8342  -19.939  -67.470  -27.687 0.0000000000
8324  -19.923  -67.222  -26.564 0.0000000000
8305  -19.988  -67.427  -25.655 0.0000000000
8285  -19.948  -67.523  -25.033 0.0000000000
8265  -20.091  -67.826  -24.558 0.0000000000
8248  -19.835  -67.678  -23.890 0.0000000000
8234  -19.745  -67.546  -23.137 0.0000000000
9361  -19.394  -67.012  -22.873 0.0000000000
8358  -21.736  -68.067  -28.534 0.0000000000
8357  -20.716  -67.982  -28.318 0.0000000000
8372  -22.302  -67.435  -28.931 0.0000000000
7355  -22.086  -68.579  -28.015 0.0000000000
7354  -21.366  -68.454  -27.951 0.0000000000
8359  -22.552  -67.983  -28.438 0.0000000000
7340  -20.886  -68.372  -27.310 0.0000000000
8343  -20.410  -67.993  -27.568 0.0000000000
8325  -20.338  -67.897  -26.935 0.0000000000
7323  -20.746  -68.294  -26.419 0.0000000000
8306  -20.320  -67.850  -26.090 0.0000000000
7307  -20.657  -68.208  -25.774 0.0000000000
8286  -20.358  -67.918  -25.222 0.0000000000
7291  -20.860  -68.190  -25.320 0.0000000000
7275  -20.713  -68.074  -24.669 0.0000000000
8266  -20.372  -68.004  -24.726 0.0000000000
7274  -20.364  -68.034  -24.481 0.0000000000
7255  -20.331  -68.052  -24.046 0.0000000000
7236  -20.112  -67.903  -23.441 0.0000000000
7341  -21.617  -68.825  -27.356 0.0000000000
7342  -22.451  -69.028  -27.363 0.0000000000
7356  -22.867  -68.425  -27.904 0.0000000000
6440  -22.960  -68.966  -27.004 0.0000000000
6420  -22.529  -68.870  -26.588 0.0000000000
7325  -21.977  -68.899  -26.731 0.0000000000
7343  -23.212  -68.710  -27.404 0.0000000000
7324  -21.370  -68.648  -26.579 0.0000000000
7309  -22.122  -68.297  -26.053 0.0000000000
7308  -21.185  -68.298  -25.877 0.0000000000
6399  -22.457  -68.656  -26.284 0.0000000000
6400  -22.761  -68.633  -26.294 0.0000000000
7310  -22.983  -68.190  -26.085 0.0000000000
7293  -21.844  -67.711  -25.577 0.0000000000
7292  -21.345  -67.834  -25.216 0.0000000000
8288  -22.200  -67.463  -25.704 0.0000000000
8307  -22.675  -67.665  -25.927 0.0000000000
8287  -21.780  -67.226  -25.234 0.0000000000
7276  -21.092  -67.764  -24.439 0.0000000000
8267  -21.349  -67.149  -24.413 0.0000000000
7257  -21.113  -67.613  -23.966 0.0000000000
7256  -20.846  -67.963  -23.987 0.0000000000
7238  -20.941  -67.709  -23.527 0.0000000000
8249  -21.135  -67.254  -23.539 0.0000000000
7237  -20.557  -67.880  -23.426 0.0000000000
8236  -20.817  -67.502  -22.846 0.0000000000
8235  -20.212  -67.794  -22.818 0.0000000000
6421  -23.144  -68.867  -26.620 0.0000000000
6441  -23.431  -68.775  -27.022 0.0000000000
6401  -23.383  -68.605  -26.255 0.0000000000
6422  -23.768  -68.713  -26.689 0.0000000000
7311  -23.706  -68.027  -25.906 0.0000000000
6402  -24.007  -68.562  -26.146 0.0000000000
6423  -24.326  -68.635  -26.445 0.0000000000
7312  -24.385  -68.131  -25.702 0.0000000000
6403  -24.513  -68.524  -26.054 0.0000000000
6424  -24.790  -68.540  -26.270 0.0000000000
7313  -25.046  -68.383  -25.781 0.0000000000
6442  -23.653  -68.707  -27.164 0.0000000000
7326  -24.164  -68.547  -26.757 0.0000000000
7344  -23.945  -68.422  -27.214 0.0000000000
7327  -24.632  -68.336  -26.740 0.0000000000
7328  -25.262  -68.225  -26.309 0.0000000000
8308  -23.321  -67.679  -25.934 0.0000000000
8309  -23.863  -67.754  -25.785 0.0000000000
7295  -24.905  -68.102  -25.354 0.0000000000
7294  -24.636  -68.035  -25.434 0.0000000000
8289  -24.632  -67.731  -25.313 0.0000000000
8310  -24.170  -67.541  -25.563 0.0000000000
7296  -25.562  -68.144  -25.218 0.0000000000
7314  -25.803  -68.191  -25.748 0.0000000000
7297  -26.098  -68.048  -25.148 0.0000000000
7315  -26.306  -67.945  -25.582 0.0000000000
7329  -25.800  -67.936  -26.185 0.0000000000
8311  -26.152  -67.854  -25.905 0.0000000000
8292  -26.602  -67.776  -25.307 0.0000000000
8312  -26.640  -67.589  -25.768 0.0000000000
7345  -24.465  -68.117  -27.073 0.0000000000
8326  -25.093  -68.039  -26.698 0.0000000000
8345  -24.924  -67.720  -27.064 0.0000000000
8327  -25.528  -67.715  -26.664 0.0000000000
8328  -26.194  -67.528  -26.272 0.0000000000
7357  -23.536  -68.220  -27.686 0.0000000000
7358  -23.841  -68.155  -27.554 0.0000000000
8344  -24.393  -67.923  -27.321 0.0000000000
8361  -24.037  -67.757  -27.729 0.0000000000
8360  -23.320  -67.733  -28.222 0.0000000000
9381  -21.138  -66.545  -23.719 0.0000000000
9402  -21.379  -66.269  -24.355 0.0000000000
9425  -21.687  -66.499  -24.905 0.0000000000
9426  -22.377  -66.683  -25.453 0.0000000000
9448  -22.531  -67.217  -25.781 0.0000000000
8290  -25.246  -67.708  -25.013 0.0000000000
9430  -24.872  -67.271  -25.043 0.0000000000
9429  -24.313  -67.076  -25.334 0.0000000000
8291  -25.728  -67.842  -24.929 0.0000000000
8268  -25.694  -67.544  -24.763 0.0000000000
9403  -25.390  -67.085  -24.737 0.0000000000
7277  -25.973  -67.933  -25.005 0.0000000000
8269  -26.118  -67.726  -24.726 0.0000000000
9449  -22.970  -67.125  -25.818 0.0000000000
9450  -23.749  -67.173  -25.700 0.0000000000
9451  -24.084  -67.264  -25.552 0.0000000000
8346  -25.350  -67.471  -26.983 0.0000000000
9469  -25.938  -67.219  -26.784 0.0000000000
9468  -25.570  -67.367  -26.930 0.0000000000
8362  -24.591  -67.509  -27.490 0.0000000000
9488  -25.451  -67.062  -27.279 0.0000000000
9487  -24.919  -67.289  -27.438 0.0000000000
8373  -22.915  -67.409  -28.667 0.0000000000
9509  -23.937  -67.128  -28.329 0.0000000000
9508  -23.393  -67.127  -28.626 0.0000000000
9510  -24.742  -66.886  -27.932 0.0000000000
9533  -23.016  -66.771  -29.047 0.0000000000
9404  -25.996  -67.236  -24.541 0.0000000000
10661  -25.839  -66.684  -24.425 0.0000000000
10660  -25.311  -66.410  -24.579 0.0000000000
10681  -24.834  -66.696  -24.941 0.0000000000
9405  -26.533  -67.419  -24.438 0.0000000000
10662  -26.414  -66.870  -24.273 0.0000000000
8270  -26.682  -67.822  -24.804 0.0000000000
8250  -26.991  -67.544  -24.383 0.0000000000
9382  -26.993  -67.113  -24.132 0.0000000000
10676  -21.674  -66.038  -24.639 0.0000000000
10677  -22.127  -65.807  -24.796 0.0000000000
9427  -23.234  -66.516  -25.550 0.0000000000
10678  -22.834  -65.950  -25.139 0.0000000000
9428  -23.853  -66.587  -25.401 0.0000000000
10679  -23.623  -65.953  -25.089 0.0000000000
10680  -24.287  -66.333  -25.095 0.0000000000
9489  -26.221  -66.685  -27.086 0.0000000000
9511  -25.544  -66.533  -27.831 0.0000000000
9512  -25.945  -66.549  -27.530 0.0000000000
10656  -21.624  -65.643  -24.375 0.0000000000
10657  -21.965  -65.478  -24.466 0.0000000000
11914  -22.270  -65.224  -24.415 0.0000000000
11935  -22.324  -65.501  -24.659 0.0000000000
11936  -22.594  -65.503  -24.735 0.0000000000
11937  -23.144  -65.509  -24.832 0.0000000000
10658  -24.204  -65.815  -24.757 0.0000000000
11916  -23.746  -65.294  -24.438 0.0000000000
10659  -24.762  -66.076  -24.704 0.0000000000
11915  -22.928  -65.151  -24.439 0.0000000000
22294  -12.385  -59.203  -28.315 0.0000000000
22280  -12.761  -58.731  -27.876 0.0000000000
22281  -13.566  -58.703  -27.799 0.0000000000
22282  -14.362  -58.604  -27.776 0.0000000000
22283  -15.160  -58.518  -27.742 0.0000000000
22284  -15.941  -58.398  -27.773 0.0000000000
22300  -16.907  -58.879  -27.910 0.0000000000
22285  -16.636  -58.394  -27.700 0.0000000000
23676  -16.334  -57.881  -27.290 0.0000000000
22286  -17.121  -58.607  -27.429 0.0000000000
23677  -16.916  -58.077  -27.202 0.0000000000
23675  -15.557  -57.942  -27.323 0.0000000000
23674  -14.748  -58.062  -27.340 0.0000000000
23673  -13.945  -58.171  -27.372 0.0000000000
23672  -13.150  -58.246  -27.410 0.0000000000
22279  -11.936  -58.744  -27.930 0.0000000000
23671  -12.349  -58.252  -27.480 0.0000000000
22293  -11.533  -59.214  -28.358 0.0000000000
22278  -11.093  -58.768  -27.939 0.0000000000
23670  -11.529  -58.261  -27.513 0.0000000000
7278  -26.222  -67.905  -24.947 0.0000000000
8271  -27.285  -67.645  -24.618 0.0000000000
8293  -27.225  -67.492  -25.237 0.0000000000
8251  -27.432  -67.428  -24.198 0.0000000000
8272  -27.870  -67.364  -24.595 0.0000000000
23669  -10.686  -58.292  -27.508 0.0000000000
23652  -11.152  -57.841  -27.008 0.0000000000
23653  -11.961  -57.810  -27.026 0.0000000000
23654  -12.749  -57.776  -27.025 0.0000000000
23655  -13.521  -57.746  -26.967 0.0000000000
23656  -14.305  -57.655  -26.901 0.0000000000
23657  -15.124  -57.503  -26.845 0.0000000000
23658  -15.962  -57.351  -26.844 0.0000000000
23659  -16.798  -57.591  -26.456 0.0000000000
22270  -17.179  -58.427  -26.737 0.0000000000
25100  -15.499  -56.914  -26.218 0.0000000000
25101  -16.283  -56.949  -26.287 0.0000000000
25099  -14.628  -57.157  -26.343 0.0000000000
25098  -13.842  -57.279  -26.494 0.0000000000
25097  -13.118  -57.357  -26.564 0.0000000000
25096  -12.377  -57.386  -26.559 0.0000000000
25095  -11.594  -57.391  -26.536 0.0000000000
23651  -10.343  -57.935  -26.935 0.0000000000
25094  -10.786  -57.465  -26.463 0.0000000000
23668  -9.820  -58.352  -27.460 0.0000000000
23650  -9.586  -57.964  -26.856 0.0000000000
25093  -9.993  -57.601  -26.392 0.0000000000
25092  -9.459  -57.684  -26.441 0.0000000000
25077  -9.339  -57.310  -25.928 0.0000000000
25078  -10.387  -57.149  -25.848 0.0000000000
25079  -11.248  -57.143  -25.921 0.0000000000
25080  -12.038  -57.180  -25.969 0.0000000000
25081  -12.793  -57.239  -25.988 0.0000000000
25082  -13.429  -57.222  -26.050 0.0000000000
25083  -14.072  -57.191  -25.774 0.0000000000
25084  -14.976  -56.929  -25.535 0.0000000000
25085  -15.432  -56.748  -25.772 0.0000000000
26470  -15.650  -56.673  -25.844 0.0000000000
26471  -15.982  -56.584  -25.873 0.0000000000
25102  -16.581  -57.136  -26.058 0.0000000000
25086  -16.502  -56.797  -25.741 0.0000000000
25087  -16.706  -57.272  -25.688 0.0000000000
26463  -15.619  -56.595  -25.411 0.0000000000
26464  -16.218  -56.522  -25.334 0.0000000000
26458  -16.293  -56.574  -24.936 0.0000000000
25065  -16.561  -56.998  -24.991 0.0000000000
26457  -15.969  -56.396  -24.892 0.0000000000
26462  -15.279  -56.725  -25.129 0.0000000000
26456  -15.506  -56.582  -24.782 0.0000000000
25064  -15.022  -56.857  -24.759 0.0000000000
26443  -15.806  -56.346  -24.300 0.0000000000
26444  -16.243  -56.590  -24.518 0.0000000000
26442  -15.251  -56.478  -24.191 0.0000000000
26427  -15.604  -56.095  -23.504 0.0000000000
26428  -16.124  -56.529  -23.803 0.0000000000
25043  -14.749  -56.910  -24.116 0.0000000000
26426  -14.890  -56.258  -23.572 0.0000000000
26414  -15.781  -55.973  -23.106 0.0000000000
26415  -16.031  -56.265  -22.887 0.0000000000
27787  -15.584  -55.663  -22.836 0.0000000000
27799  -15.509  -55.824  -23.254 0.0000000000
27798  -15.300  -55.791  -23.346 0.0000000000
25026  -14.507  -56.844  -23.600 0.0000000000
26425  -14.435  -56.525  -23.279 0.0000000000
26413  -14.530  -56.052  -23.164 0.0000000000
27786  -14.913  -55.579  -23.071 0.0000000000
25025  -14.025  -57.062  -23.263 0.0000000000
26412  -14.157  -56.340  -22.846 0.0000000000
27785  -14.353  -55.612  -22.871 0.0000000000
25008  -13.754  -56.885  -22.633 0.0000000000
26398  -13.803  -56.330  -22.294 0.0000000000
27772  -14.050  -55.812  -22.509 0.0000000000
24985  -13.473  -56.793  -22.166 0.0000000000
26397  -13.406  -56.344  -21.711 0.0000000000
27771  -13.786  -55.680  -22.041 0.0000000000
24984  -13.024  -57.021  -21.812 0.0000000000
24960  -13.064  -56.653  -21.371 0.0000000000
26378  -13.097  -56.231  -21.011 0.0000000000
27756  -13.454  -55.563  -21.432 0.0000000000
24959  -12.591  -56.882  -21.081 0.0000000000
26377  -12.682  -56.434  -20.628 0.0000000000
26363  -12.875  -55.998  -20.457 0.0000000000
27746  -13.161  -55.424  -20.766 0.0000000000
24945  -12.406  -56.614  -20.601 0.0000000000
26362  -12.316  -56.231  -20.184 0.0000000000
27745  -12.720  -55.373  -20.090 0.0000000000
24944  -12.000  -56.846  -20.589 0.0000000000
26361  -11.497  -56.503  -20.141 0.0000000000
26341  -11.788  -55.879  -19.652 0.0000000000
26342  -12.273  -55.698  -19.827 0.0000000000
24943  -11.239  -56.962  -20.780 0.0000000000
26360  -10.595  -56.523  -20.403 0.0000000000
26340  -10.968  -56.064  -19.612 0.0000000000
26376  -10.555  -56.905  -21.244 0.0000000000
26359  -9.801  -56.160  -20.444 0.0000000000
26339  -10.194  -56.001  -19.818 0.0000000000
26375  -9.997  -56.531  -21.038 0.0000000000
27744  -9.640  -55.822  -19.949 0.0000000000
26374  -9.559  -56.198  -20.940 0.0000000000
26358  -9.452  -55.984  -20.706 0.0000000000
27743  -9.246  -55.718  -20.369 0.0000000000
27755  -9.166  -55.790  -21.074 0.0000000000
27727  -12.163  -55.171  -19.524 0.0000000000
27726  -11.283  -55.185  -19.103 0.0000000000
27725  -10.437  -55.545  -19.227 0.0000000000
27724  -9.764  -55.556  -19.455 0.0000000000
25063  -14.239  -57.321  -24.804 0.0000000000
25062  -13.322  -57.338  -25.376 0.0000000000
25061  -12.457  -57.274  -25.354 0.0000000000
25060  -11.717  -57.172  -25.356 0.0000000000
25059  -10.935  -56.991  -25.211 0.0000000000
25058  -10.002  -56.699  -25.030 0.0000000000
23623  -13.442  -57.581  -24.721 0.0000000000
23606  -13.705  -57.510  -24.144 0.0000000000
25042  -14.201  -57.216  -23.928 0.0000000000
23622  -12.812  -57.549  -24.890 0.0000000000
25041  -12.068  -57.347  -24.974 0.0000000000
23621  -12.399  -57.428  -24.935 0.0000000000
25040  -11.532  -57.271  -24.667 0.0000000000
25039  -10.653  -56.793  -24.384 0.0000000000
25038  -10.253  -56.598  -24.605 0.0000000000
26440  -10.027  -56.507  -24.341 0.0000000000
26455  -9.831  -56.540  -24.685 0.0000000000
25057  -9.006  -56.850  -25.176 0.0000000000
26454  -9.450  -56.500  -24.657 0.0000000000
23587  -13.834  -57.361  -23.697 0.0000000000
23604  -12.248  -57.606  -24.499 0.0000000000
25023  -11.381  -57.413  -23.884 0.0000000000
23603  -11.751  -57.554  -24.284 0.0000000000
25022  -10.681  -56.993  -23.454 0.0000000000
26424  -10.383  -56.616  -23.969 0.0000000000
26441  -10.369  -56.600  -24.239 0.0000000000
23586  -13.361  -57.559  -23.471 0.0000000000
25024  -13.538  -57.270  -22.948 0.0000000000
23568  -13.224  -57.457  -22.942 0.0000000000
25007  -13.238  -57.251  -22.503 0.0000000000
25005  -11.327  -57.477  -22.980 0.0000000000
23566  -11.953  -57.797  -23.337 0.0000000000
23584  -11.933  -57.769  -23.988 0.0000000000
25021  -10.306  -56.890  -22.887 0.0000000000
25004  -10.736  -57.191  -22.583 0.0000000000
26423  -10.012  -56.529  -23.471 0.0000000000
25003  -10.294  -56.962  -22.282 0.0000000000
26411  -9.939  -56.590  -22.637 0.0000000000
23567  -12.728  -57.681  -22.876 0.0000000000
25006  -12.776  -57.436  -22.264 0.0000000000
23545  -12.461  -57.573  -22.384 0.0000000000
24983  -12.296  -57.360  -21.884 0.0000000000
24982  -11.386  -57.392  -22.048 0.0000000000
23544  -12.013  -57.693  -22.549 0.0000000000
24981  -10.592  -57.076  -21.852 0.0000000000
24980  -10.318  -56.948  -21.967 0.0000000000
26395  -10.100  -56.751  -21.815 0.0000000000
24958  -11.774  -57.196  -21.253 0.0000000000
24957  -11.087  -57.200  -21.397 0.0000000000
26396  -10.410  -56.926  -21.616 0.0000000000
23605  -13.031  -57.705  -24.261 0.0000000000
23585  -12.551  -57.800  -23.749 0.0000000000
26394  -9.497  -56.260  -21.512 0.0000000000
27770  -8.979  -55.642  -21.964 0.0000000000
26410  -9.499  -56.201  -22.307 0.0000000000
27784  -9.018  -55.712  -22.837 0.0000000000
26422  -9.450  -56.163  -23.111 0.0000000000
27797  -8.982  -55.864  -23.493 0.0000000000
26439  -9.176  -56.163  -23.954 0.0000000000
26453  -8.656  -56.480  -24.646 0.0000000000
27723  -9.204  -55.497  -19.725 0.0000000000
27708  -9.217  -55.171  -19.172 0.0000000000
27709  -9.880  -55.101  -18.950 0.0000000000
27710  -10.542  -54.915  -18.898 0.0000000000
27711  -10.913  -54.697  -18.967 0.0000000000
29107  -11.166  -54.306  -19.070 0.0000000000
29108  -11.830  -54.340  -19.337 0.0000000000
29124  -12.585  -54.293  -19.880 0.0000000000
27742  -8.717  -55.355  -20.673 0.0000000000
27722  -8.674  -55.314  -20.019 0.0000000000
29125  -13.087  -54.552  -20.573 0.0000000000
29135  -13.406  -54.705  -21.281 0.0000000000
27754  -8.628  -55.298  -21.362 0.0000000000
29149  -13.711  -54.895  -21.915 0.0000000000
29150  -14.070  -55.048  -22.508 0.0000000000
29163  -14.626  -54.928  -22.734 0.0000000000
29164  -15.147  -54.957  -22.611 0.0000000000
27788  -15.857  -55.908  -22.629 0.0000000000
27773  -15.727  -55.256  -22.134 0.0000000000
27774  -15.980  -55.788  -22.161 0.0000000000
29165  -15.474  -55.006  -22.302 0.0000000000
29092  -10.628  -54.296  -18.872 0.0000000000
30541  -10.819  -53.647  -19.075 0.0000000000
30570  -11.392  -53.588  -19.379 0.0000000000
30571  -12.000  -53.518  -19.774 0.0000000000
30593  -12.473  -53.418  -20.295 0.0000000000
30594  -12.889  -53.825  -20.515 0.0000000000
30611  -13.231  -53.654  -21.243 0.0000000000
30627  -13.590  -54.088  -21.879 0.0000000000
30628  -13.933  -54.226  -22.322 0.0000000000
30638  -14.418  -54.178  -22.667 0.0000000000
30639  -14.888  -54.273  -22.342 0.0000000000
29151  -15.320  -54.433  -22.110 0.0000000000
29152  -15.696  -54.668  -21.862 0.0000000000
30540  -10.199  -53.670  -18.813 0.0000000000
32103  -10.445  -52.890  -19.148 0.0000000000
32104  -11.000  -53.063  -19.353 0.0000000000
32135  -11.433  -52.621  -19.844 0.0000000000
32136  -12.041  -52.942  -20.215 0.0000000000
32160  -12.418  -52.682  -20.694 0.0000000000
30610  -12.816  -53.257  -20.770 0.0000000000
32178  -12.890  -52.777  -21.223 0.0000000000
32179  -13.231  -52.841  -21.722 0.0000000000
32202  -13.557  -53.237  -22.158 0.0000000000
32203  -13.782  -53.737  -22.257 0.0000000000
32227  -14.123  -53.351  -22.535 0.0000000000
32228  -14.910  -53.335  -22.320 0.0000000000
30629  -15.250  -53.691  -22.003 0.0000000000
32102  -9.734  -52.877  -18.691 0.0000000000
33708  -10.060  -51.949  -19.163 0.0000000000
33709  -10.511  -52.329  -19.369 0.0000000000
32134  -10.829  -52.561  -19.464 0.0000000000
33729  -10.730  -51.863  -19.631 0.0000000000
33730  -11.281  -51.723  -19.998 0.0000000000
32159  -11.941  -52.409  -20.383 0.0000000000
33743  -11.703  -51.850  -20.335 0.0000000000
33744  -12.165  -51.920  -20.743 0.0000000000
33756  -12.631  -52.041  -21.183 0.0000000000
33757  -13.111  -52.160  -21.636 0.0000000000
33770  -13.566  -52.336  -22.181 0.0000000000
32226  -13.828  -52.964  -22.478 0.0000000000
33790  -13.693  -52.753  -22.424 0.0000000000
33791  -14.043  -52.461  -22.565 0.0000000000
33792  -14.736  -52.561  -22.623 0.0000000000
32204  -15.301  -53.238  -22.086 0.0000000000
32229  -15.352  -52.998  -22.189 0.0000000000
33793  -15.499  -52.506  -22.468 0.0000000000
32205  -15.804  -53.013  -21.963 0.0000000000
33707  -9.137  -51.943  -18.637 0.0000000000
35213  -9.452  -51.159  -19.107 0.0000000000
33728  -10.305  -51.493  -19.487 0.0000000000
35224  -9.998  -51.096  -19.405 0.0000000000
35225  -10.468  -51.060  -19.666 0.0000000000
35226  -11.002  -51.122  -19.933 0.0000000000
35238  -11.519  -51.160  -20.248 0.0000000000
35239  -12.030  -51.225  -20.579 0.0000000000
35250  -12.501  -51.285  -21.022 0.0000000000
35251  -13.018  -51.394  -21.465 0.0000000000
35261  -13.463  -51.571  -21.906 0.0000000000
33771  -13.894  -52.073  -22.400 0.0000000000
35262  -13.906  -51.626  -22.225 0.0000000000
35278  -14.135  -51.865  -22.517 0.0000000000
35279  -14.621  -51.785  -22.713 0.0000000000
35280  -15.237  -51.871  -22.818 0.0000000000
33772  -15.950  -52.480  -22.315 0.0000000000
33794  -16.188  -52.147  -22.625 0.0000000000
35281  -15.899  -51.737  -22.832 0.0000000000
35212  -8.777  -51.063  -18.856 0.0000000000
36673  -9.112  -50.362  -19.158 0.0000000000
36674  -9.665  -50.592  -19.296 0.0000000000
36684  -10.112  -50.367  -19.559 0.0000000000
36685  -10.765  -50.429  -19.803 0.0000000000
36686  -11.358  -50.503  -20.043 0.0000000000
36696  -11.875  -50.557  -20.389 0.0000000000
36697  -12.383  -50.587  -20.790 0.0000000000
36708  -12.931  -50.575  -21.224 0.0000000000
36709  -13.597  -50.756  -21.716 0.0000000000
36720  -13.778  -51.205  -21.998 0.0000000000
36721  -14.224  -50.901  -22.051 0.0000000000
35263  -14.364  -51.435  -22.405 0.0000000000
36722  -14.976  -51.010  -22.426 0.0000000000
36744  -15.106  -51.444  -22.704 0.0000000000
36745  -15.613  -51.122  -22.738 0.0000000000
36672  -8.454  -50.381  -18.781 0.0000000000
38183  -8.757  -49.712  -18.886 0.0000000000
38184  -9.393  -49.697  -19.140 0.0000000000
36683  -9.636  -50.104  -19.316 0.0000000000
38194  -9.901  -49.687  -19.483 0.0000000000
38195  -10.518  -49.763  -19.715 0.0000000000
38196  -11.189  -49.871  -19.845 0.0000000000
38197  -11.752  -49.952  -20.137 0.0000000000
38207  -12.280  -50.011  -20.458 0.0000000000
38208  -12.891  -49.988  -20.846 0.0000000000
38225  -13.058  -50.178  -21.111 0.0000000000
38226  -13.415  -50.015  -21.217 0.0000000000
36710  -14.063  -50.520  -21.838 0.0000000000
38227  -14.179  -50.051  -21.634 0.0000000000
38244  -14.309  -50.411  -21.888 0.0000000000
38245  -14.814  -50.222  -21.965 0.0000000000
36723  -15.489  -50.785  -22.499 0.0000000000
38246  -15.587  -50.385  -22.277 0.0000000000
38270  -15.784  -50.645  -22.513 0.0000000000
38171  -8.207  -49.826  -18.425 0.0000000000
39760  -8.598  -49.312  -18.441 0.0000000000
39761  -9.276  -49.207  -18.727 0.0000000000
39778  -9.758  -49.328  -19.143 0.0000000000
39779  -10.320  -49.268  -19.349 0.0000000000
39780  -11.025  -49.359  -19.498 0.0000000000
39781  -11.780  -49.439  -19.718 0.0000000000
39797  -12.192  -49.602  -20.116 0.0000000000
39798  -12.715  -49.588  -20.303 0.0000000000
38209  -13.276  -49.737  -20.891 0.0000000000
39799  -13.315  -49.499  -20.527 0.0000000000
39819  -13.571  -49.551  -20.910 0.0000000000
39820  -14.030  -49.509  -21.125 0.0000000000
38228  -14.669  -49.793  -21.698 0.0000000000
39821  -14.712  -49.408  -21.352 0.0000000000
39840  -15.030  -49.607  -21.741 0.0000000000
39841  -15.589  -49.729  -21.921 0.0000000000
38247  -16.009  -50.385  -22.409 0.0000000000
39842  -16.427  -49.956  -22.264 0.0000000000
39740  -8.181  -49.402  -17.850 0.0000000000
39741  -9.017  -49.313  -18.020 0.0000000000
39742  -9.774  -49.212  -18.199 0.0000000000
39762  -10.059  -49.071  -18.808 0.0000000000
39743  -10.546  -49.214  -18.329 0.0000000000
39763  -10.820  -49.135  -18.940 0.0000000000
39744  -11.373  -49.494  -18.476 0.0000000000
39764  -11.577  -49.214  -19.112 0.0000000000
39745  -12.079  -49.554  -18.798 0.0000000000
39765  -12.282  -49.336  -19.262 0.0000000000
39746  -12.551  -49.678  -18.973 0.0000000000
39766  -13.011  -49.622  -19.314 0.0000000000
39782  -12.530  -49.418  -19.778 0.0000000000
39783  -13.190  -49.448  -19.922 0.0000000000
39767  -13.694  -49.763  -19.623 0.0000000000
39784  -13.807  -49.497  -20.083 0.0000000000
39768  -14.209  -49.793  -19.827 0.0000000000
39785  -14.421  -49.544  -20.171 0.0000000000
39800  -13.943  -49.362  -20.579 0.0000000000
39801  -14.579  -49.294  -20.684 0.0000000000
39722  -10.249  -49.640  -17.873 0.0000000000
39723  -10.859  -49.695  -18.050 0.0000000000
39721  -9.546  -49.655  -17.671 0.0000000000
39720  -8.804  -49.654  -17.307 0.0000000000
38170  -7.606  -49.955  -18.013 0.0000000000
39739  -7.399  -49.377  -17.591 0.0000000000
39719  -7.979  -49.568  -17.057 0.0000000000
38150  -9.401  -50.179  -17.198 0.0000000000
38151  -10.035  -50.215  -17.477 0.0000000000
39703  -8.476  -49.910  -16.806 0.0000000000
38149  -8.920  -50.217  -16.843 0.0000000000
39718  -7.318  -49.373  -16.965 0.0000000000
39701  -7.555  -49.696  -16.553 0.0000000000
39702  -8.059  -49.994  -16.455 0.0000000000
36665  -7.946  -50.521  -18.352 0.0000000000
35211  -8.328  -50.950  -18.513 0.0000000000
35200  -8.539  -51.474  -18.429 0.0000000000
35199  -7.931  -51.369  -18.160 0.0000000000
33686  -8.406  -52.123  -18.185 0.0000000000
32101  -8.845  -53.016  -18.275 0.0000000000
30539  -9.470  -53.787  -18.585 0.0000000000
30538  -8.665  -54.024  -18.542 0.0000000000
32100  -8.031  -53.461  -18.319 0.0000000000
32070  -8.113  -52.764  -18.059 0.0000000000
30630  -15.667  -53.922  -21.745 0.0000000000
29091  -10.021  -54.423  -18.708 0.0000000000
29090  -9.295  -54.591  -18.733 0.0000000000
29089  -8.533  -54.712  -19.040 0.0000000000
30537  -7.864  -54.204  -19.031 0.0000000000
29106  -8.721  -55.137  -19.489 0.0000000000
29105  -8.097  -54.699  -19.649 0.0000000000
29088  -8.143  -54.583  -19.214 0.0000000000
29123  -8.307  -55.000  -20.315 0.0000000000
30612  -16.155  -53.499  -21.537 0.0000000000
29136  -16.097  -54.254  -21.459 0.0000000000
