#!ascii label  , from subject  vox2ras=TkReg
616
19653  -18.466  -60.243  -25.356 0.0000000000
19635  -18.854  -60.389  -24.647 0.0000000000
19654  -19.207  -60.786  -25.252 0.0000000000
20948  -18.361  -60.029  -24.820 0.0000000000
20980  -18.284  -60.051  -25.159 0.0000000000
19683  -18.135  -60.042  -25.967 0.0000000000
19652  -18.196  -60.067  -25.540 0.0000000000
19684  -18.755  -60.601  -26.172 0.0000000000
20979  -18.056  -59.847  -25.302 0.0000000000
19636  -19.400  -60.759  -24.445 0.0000000000
18362  -19.820  -61.098  -24.703 0.0000000000
18377  -19.835  -61.371  -25.487 0.0000000000
19685  -19.331  -61.058  -25.967 0.0000000000
21015  -17.751  -59.528  -25.874 0.0000000000
19716  -18.261  -60.151  -26.896 0.0000000000
21044  -17.798  -59.561  -26.614 0.0000000000
18393  -19.199  -61.080  -26.615 0.0000000000
19717  -18.825  -60.728  -27.161 0.0000000000
18394  -19.690  -61.454  -26.318 0.0000000000
19738  -18.402  -60.274  -27.851 0.0000000000
21057  -17.808  -59.572  -27.585 0.0000000000
18408  -19.197  -61.145  -27.141 0.0000000000
18425  -19.118  -61.102  -27.598 0.0000000000
19739  -18.846  -60.774  -27.848 0.0000000000
19753  -18.709  -60.729  -28.426 0.0000000000
19752  -18.188  -60.385  -28.644 0.0000000000
21072  -17.846  -59.916  -28.326 0.0000000000
18439  -19.087  -61.133  -28.190 0.0000000000
19760  -17.913  -60.737  -29.170 0.0000000000
19751  -17.523  -60.222  -28.872 0.0000000000
19761  -18.478  -60.798  -28.972 0.0000000000
18451  -18.979  -61.295  -28.950 0.0000000000
18450  -18.361  -61.178  -29.394 0.0000000000
18449  -17.666  -61.283  -29.536 0.0000000000
19759  -17.198  -60.791  -29.271 0.0000000000
20921  -18.579  -60.019  -23.970 0.0000000000
20947  -17.930  -59.621  -24.480 0.0000000000
20978  -17.399  -59.124  -25.204 0.0000000000
21014  -17.417  -59.025  -26.249 0.0000000000
21043  -17.452  -59.032  -27.068 0.0000000000
21056  -17.299  -59.088  -27.715 0.0000000000
21071  -17.009  -59.534  -28.421 0.0000000000
22286  -17.121  -58.607  -27.429 0.0000000000
22300  -16.907  -58.879  -27.910 0.0000000000
22270  -17.179  -58.427  -26.737 0.0000000000
22259  -17.121  -58.380  -25.909 0.0000000000
20946  -17.428  -59.204  -24.116 0.0000000000
22225  -17.056  -58.612  -24.433 0.0000000000
22244  -16.990  -58.361  -25.182 0.0000000000
20920  -17.826  -59.411  -23.454 0.0000000000
20919  -17.482  -59.195  -23.669 0.0000000000
22204  -17.271  -58.874  -23.453 0.0000000000
20895  -18.755  -59.811  -22.928 0.0000000000
19596  -19.214  -60.351  -23.426 0.0000000000
19619  -19.110  -60.509  -24.043 0.0000000000
20894  -18.148  -59.316  -22.521 0.0000000000
22183  -17.622  -59.034  -22.821 0.0000000000
22205  -17.538  -59.145  -23.232 0.0000000000
20896  -19.463  -60.153  -22.835 0.0000000000
20871  -18.733  -59.424  -22.191 0.0000000000
20872  -19.450  -59.746  -22.243 0.0000000000
20870  -18.341  -59.124  -22.071 0.0000000000
22161  -17.874  -58.668  -21.892 0.0000000000
20873  -20.268  -59.802  -21.962 0.0000000000
19576  -20.053  -60.223  -22.538 0.0000000000
20853  -19.757  -59.350  -21.599 0.0000000000
22163  -19.153  -59.313  -21.802 0.0000000000
22162  -18.655  -58.999  -21.773 0.0000000000
20854  -20.531  -59.300  -21.418 0.0000000000
22144  -19.988  -58.735  -21.186 0.0000000000
22143  -19.238  -58.871  -21.410 0.0000000000
21080  -16.869  -60.277  -28.992 0.0000000000
19620  -19.695  -60.748  -23.819 0.0000000000
18338  -19.764  -60.956  -24.248 0.0000000000
18339  -20.215  -61.083  -24.094 0.0000000000
19621  -20.392  -60.793  -23.492 0.0000000000
19597  -19.892  -60.484  -23.160 0.0000000000
19598  -20.540  -60.532  -22.955 0.0000000000
19577  -20.781  -60.247  -22.369 0.0000000000
17196  -19.557  -62.077  -29.033 0.0000000000
17195  -19.077  -61.757  -29.332 0.0000000000
18452  -19.389  -61.531  -28.447 0.0000000000
18456  -18.735  -61.590  -29.478 0.0000000000
18455  -18.216  -61.716  -29.723 0.0000000000
18454  -17.543  -61.903  -29.657 0.0000000000
18448  -16.851  -61.560  -29.417 0.0000000000
18440  -19.417  -61.446  -27.862 0.0000000000
18426  -19.398  -61.364  -27.390 0.0000000000
18409  -19.515  -61.410  -26.947 0.0000000000
18395  -20.053  -61.726  -25.968 0.0000000000
17131  -20.050  -61.844  -26.431 0.0000000000
17146  -19.834  -61.739  -26.810 0.0000000000
18363  -20.534  -61.593  -24.737 0.0000000000
18378  -20.309  -61.806  -25.522 0.0000000000
18364  -21.205  -61.811  -24.351 0.0000000000
17094  -21.115  -62.043  -24.857 0.0000000000
17115  -20.791  -62.115  -25.385 0.0000000000
18340  -21.127  -61.199  -23.672 0.0000000000
18341  -22.034  -61.438  -23.496 0.0000000000
17068  -21.752  -61.870  -24.034 0.0000000000
18314  -21.354  -60.956  -23.246 0.0000000000
18315  -21.692  -60.989  -23.159 0.0000000000
19599  -21.239  -60.679  -22.947 0.0000000000
19622  -20.838  -60.776  -23.273 0.0000000000
19600  -22.000  -60.571  -22.695 0.0000000000
18316  -22.416  -61.007  -23.043 0.0000000000
15903  -19.898  -62.837  -29.244 0.0000000000
15902  -19.587  -62.528  -29.407 0.0000000000
17197  -19.970  -62.510  -28.808 0.0000000000
17208  -19.400  -62.386  -29.510 0.0000000000
17178  -19.707  -61.881  -28.134 0.0000000000
17179  -20.044  -62.355  -28.333 0.0000000000
17207  -18.932  -62.168  -29.703 0.0000000000
17164  -20.073  -62.168  -27.712 0.0000000000
15862  -20.469  -62.806  -27.676 0.0000000000
15883  -20.260  -62.855  -28.532 0.0000000000
17163  -19.729  -61.752  -27.401 0.0000000000
17147  -20.272  -62.174  -26.967 0.0000000000
17148  -20.666  -62.521  -26.516 0.0000000000
15840  -20.621  -62.727  -26.983 0.0000000000
17132  -20.447  -62.099  -26.105 0.0000000000
17133  -20.969  -62.541  -25.940 0.0000000000
17116  -21.434  -62.524  -25.221 0.0000000000
17095  -21.589  -62.193  -24.616 0.0000000000
17096  -22.189  -62.411  -24.463 0.0000000000
17069  -22.464  -61.949  -23.856 0.0000000000
14569  -20.354  -63.423  -28.883 0.0000000000
14582  -19.891  -63.580  -29.621 0.0000000000
15915  -19.763  -63.078  -29.574 0.0000000000
15914  -19.427  -62.870  -29.710 0.0000000000
14555  -20.563  -63.341  -28.101 0.0000000000
14542  -20.880  -63.494  -27.448 0.0000000000
14541  -20.632  -63.212  -27.747 0.0000000000
15863  -20.736  -63.030  -27.173 0.0000000000
15841  -21.015  -63.081  -26.580 0.0000000000
13317  -20.509  -64.198  -29.136 0.0000000000
13331  -20.192  -64.364  -29.735 0.0000000000
13330  -19.554  -64.425  -30.110 0.0000000000
14581  -19.088  -63.639  -29.998 0.0000000000
13299  -20.634  -63.887  -28.417 0.0000000000
14556  -20.722  -63.732  -27.956 0.0000000000
14527  -21.461  -63.869  -26.678 0.0000000000
13280  -21.412  -64.225  -27.210 0.0000000000
13300  -20.978  -64.151  -27.895 0.0000000000
13261  -21.915  -64.319  -26.768 0.0000000000
13260  -21.579  -64.157  -26.870 0.0000000000
14528  -21.775  -64.043  -26.517 0.0000000000
14508  -21.504  -63.442  -26.141 0.0000000000
14509  -22.000  -63.880  -26.160 0.0000000000
13240  -22.402  -64.236  -26.268 0.0000000000
13239  -22.100  -64.160  -26.385 0.0000000000
14510  -22.727  -63.895  -25.825 0.0000000000
14483  -22.412  -63.465  -25.457 0.0000000000
15819  -21.858  -63.250  -25.662 0.0000000000
15818  -21.410  -62.957  -25.820 0.0000000000
14484  -23.054  -63.547  -25.366 0.0000000000
15796  -22.812  -63.122  -24.997 0.0000000000
15795  -22.121  -62.856  -25.020 0.0000000000
12025  -21.073  -65.078  -29.131 0.0000000000
12024  -20.550  -64.659  -29.539 0.0000000000
13318  -20.894  -64.399  -28.550 0.0000000000
11989  -21.348  -64.442  -27.662 0.0000000000
12007  -21.277  -64.684  -28.132 0.0000000000
11990  -21.778  -64.658  -27.422 0.0000000000
13281  -21.696  -64.413  -27.128 0.0000000000
11972  -22.261  -64.755  -27.066 0.0000000000
11971  -21.985  -64.584  -27.084 0.0000000000
13262  -22.671  -64.557  -26.633 0.0000000000
13241  -23.106  -64.264  -26.134 0.0000000000
12008  -21.812  -65.167  -28.231 0.0000000000
11991  -22.419  -65.119  -27.618 0.0000000000
11973  -22.929  -64.937  -27.096 0.0000000000
11992  -23.211  -65.162  -27.726 0.0000000000
13263  -23.434  -64.627  -26.615 0.0000000000
11974  -23.594  -64.950  -27.168 0.0000000000
11993  -24.086  -65.075  -27.696 0.0000000000
13264  -24.271  -64.681  -26.840 0.0000000000
12009  -22.657  -65.452  -28.444 0.0000000000
12010  -23.562  -65.358  -28.374 0.0000000000
13282  -24.761  -64.864  -27.395 0.0000000000
12011  -24.292  -65.278  -28.427 0.0000000000
11994  -24.850  -65.069  -27.986 0.0000000000
12012  -25.024  -65.408  -28.621 0.0000000000
13283  -25.396  -64.754  -27.589 0.0000000000
11995  -25.493  -64.999  -28.139 0.0000000000
12013  -25.978  -65.344  -28.326 0.0000000000
13284  -26.225  -64.618  -27.903 0.0000000000
12026  -21.917  -65.526  -28.867 0.0000000000
10736  -23.228  -65.635  -28.740 0.0000000000
10751  -22.741  -65.971  -29.055 0.0000000000
12027  -22.353  -65.705  -28.913 0.0000000000
10737  -23.562  -65.546  -28.767 0.0000000000
12028  -23.867  -65.464  -28.759 0.0000000000
12029  -24.313  -65.548  -28.935 0.0000000000
10739  -25.348  -66.089  -28.377 0.0000000000
10754  -24.891  -65.923  -28.799 0.0000000000
12030  -24.707  -65.696  -29.018 0.0000000000
10740  -26.181  -66.053  -27.858 0.0000000000
12014  -26.835  -65.426  -27.986 0.0000000000
13301  -26.508  -64.998  -28.180 0.0000000000
11996  -26.991  -65.784  -27.527 0.0000000000
10741  -26.691  -65.867  -27.694 0.0000000000
11997  -27.518  -65.528  -27.337 0.0000000000
12015  -27.639  -64.969  -28.029 0.0000000000
13302  -27.009  -64.702  -28.168 0.0000000000
11998  -28.367  -64.965  -27.546 0.0000000000
12016  -28.116  -64.646  -28.059 0.0000000000
13303  -27.825  -64.247  -28.060 0.0000000000
13304  -28.599  -64.326  -28.074 0.0000000000
10750  -22.084  -65.906  -29.249 0.0000000000
10749  -21.593  -65.684  -29.326 0.0000000000
10752  -23.620  -65.944  -28.972 0.0000000000
10753  -24.365  -66.120  -28.907 0.0000000000
14511  -23.393  -63.900  -25.679 0.0000000000
13242  -24.004  -64.174  -25.960 0.0000000000
13219  -24.292  -63.979  -25.670 0.0000000000
13220  -24.620  -64.022  -25.684 0.0000000000
13243  -24.831  -64.336  -26.230 0.0000000000
14486  -24.244  -63.733  -25.376 0.0000000000
14512  -23.820  -63.850  -25.577 0.0000000000
13221  -25.323  -64.077  -25.733 0.0000000000
13244  -25.601  -64.311  -26.363 0.0000000000
13265  -25.132  -64.574  -26.915 0.0000000000
13222  -26.063  -64.098  -25.806 0.0000000000
13245  -26.338  -64.278  -26.445 0.0000000000
13266  -25.896  -64.472  -27.072 0.0000000000
13223  -26.717  -64.084  -25.906 0.0000000000
13246  -27.045  -64.165  -26.438 0.0000000000
13267  -26.661  -64.318  -27.129 0.0000000000
14490  -27.514  -63.853  -25.641 0.0000000000
14513  -27.598  -63.966  -26.487 0.0000000000
13268  -27.336  -64.099  -27.069 0.0000000000
13285  -27.107  -64.273  -27.699 0.0000000000
14529  -27.882  -63.818  -26.983 0.0000000000
13286  -27.701  -63.934  -27.554 0.0000000000
14543  -28.123  -63.692  -27.416 0.0000000000
14557  -28.114  -63.757  -27.819 0.0000000000
14558  -28.542  -63.740  -28.123 0.0000000000
13287  -28.935  -64.515  -27.687 0.0000000000
13305  -29.264  -64.148  -27.940 0.0000000000
14559  -29.086  -63.806  -28.211 0.0000000000
13288  -29.430  -64.356  -27.414 0.0000000000
13306  -29.618  -64.066  -27.776 0.0000000000
14560  -29.844  -63.667  -28.065 0.0000000000
14485  -23.629  -63.590  -25.307 0.0000000000
15797  -23.350  -63.263  -25.016 0.0000000000
14465  -23.903  -63.252  -24.851 0.0000000000
14487  -25.016  -63.705  -25.239 0.0000000000
14466  -24.656  -63.270  -24.759 0.0000000000
14488  -25.786  -63.756  -25.229 0.0000000000
14467  -25.454  -63.332  -24.700 0.0000000000
14489  -26.583  -63.818  -25.304 0.0000000000
14468  -26.265  -63.408  -24.681 0.0000000000
14469  -27.123  -63.464  -24.733 0.0000000000
14470  -27.996  -63.324  -24.816 0.0000000000
14491  -28.613  -63.361  -25.507 0.0000000000
14514  -28.172  -63.734  -26.320 0.0000000000
14471  -28.470  -63.062  -24.907 0.0000000000
15798  -28.800  -62.835  -24.998 0.0000000000
14515  -28.853  -63.450  -26.384 0.0000000000
14492  -29.106  -63.122  -25.959 0.0000000000
15799  -29.390  -62.587  -25.518 0.0000000000
15820  -29.411  -62.935  -26.520 0.0000000000
14530  -28.428  -63.586  -26.978 0.0000000000
14531  -28.973  -63.292  -27.104 0.0000000000
14544  -28.583  -63.506  -27.617 0.0000000000
15842  -29.415  -62.909  -27.380 0.0000000000
14545  -29.028  -63.185  -27.667 0.0000000000
15864  -28.936  -63.351  -28.036 0.0000000000
15865  -29.339  -62.952  -28.007 0.0000000000
15884  -28.960  -63.551  -28.207 0.0000000000
15885  -29.322  -63.348  -28.290 0.0000000000
15768  -22.302  -62.686  -24.684 0.0000000000
15769  -22.604  -62.733  -24.631 0.0000000000
17117  -21.830  -62.502  -24.818 0.0000000000
15794  -21.705  -62.896  -25.422 0.0000000000
15770  -23.341  -62.815  -24.575 0.0000000000
15776  -28.395  -62.635  -24.419 0.0000000000
15777  -28.970  -62.382  -24.821 0.0000000000
15913  -18.621  -62.953  -29.907 0.0000000000
17097  -22.888  -62.383  -24.198 0.0000000000
17070  -23.170  -61.958  -23.725 0.0000000000
18342  -22.796  -61.496  -23.389 0.0000000000
17098  -23.580  -62.358  -24.023 0.0000000000
17071  -23.797  -61.939  -23.648 0.0000000000
18343  -23.516  -61.530  -23.344 0.0000000000
17099  -24.079  -62.247  -23.867 0.0000000000
17072  -24.411  -61.921  -23.562 0.0000000000
18344  -24.029  -61.619  -23.354 0.0000000000
15745  -24.800  -62.325  -23.869 0.0000000000
15744  -24.380  -62.300  -23.882 0.0000000000
17073  -25.138  -61.898  -23.452 0.0000000000
17045  -24.319  -61.553  -23.249 0.0000000000
17046  -24.731  -61.505  -23.135 0.0000000000
15746  -25.533  -62.354  -23.798 0.0000000000
17074  -25.891  -61.841  -23.349 0.0000000000
17047  -25.436  -61.409  -23.041 0.0000000000
15747  -26.338  -62.379  -23.673 0.0000000000
17075  -26.775  -61.561  -23.329 0.0000000000
17048  -26.078  -61.314  -23.035 0.0000000000
15748  -27.163  -62.366  -23.727 0.0000000000
17076  -27.601  -61.758  -23.655 0.0000000000
18321  -26.451  -60.842  -22.925 0.0000000000
18345  -26.998  -60.780  -23.227 0.0000000000
18346  -27.457  -61.024  -23.599 0.0000000000
15749  -27.831  -62.347  -23.913 0.0000000000
17077  -28.218  -61.857  -24.002 0.0000000000
18347  -27.932  -61.326  -23.861 0.0000000000
15771  -24.230  -62.672  -24.259 0.0000000000
17206  -18.071  -62.375  -29.840 0.0000000000
19601  -22.780  -60.527  -22.578 0.0000000000
18317  -23.204  -61.022  -22.984 0.0000000000
19602  -23.605  -60.545  -22.463 0.0000000000
18318  -24.100  -61.180  -22.918 0.0000000000
18319  -24.974  -60.958  -22.712 0.0000000000
19603  -24.455  -60.470  -22.387 0.0000000000
18320  -25.748  -60.832  -22.754 0.0000000000
19604  -25.318  -60.137  -22.429 0.0000000000
19605  -26.083  -60.220  -22.815 0.0000000000
19606  -26.641  -60.257  -23.190 0.0000000000
17205  -17.412  -62.455  -29.519 0.0000000000
18453  -17.198  -62.020  -29.473 0.0000000000
19578  -21.542  -60.195  -22.259 0.0000000000
20874  -21.051  -59.761  -21.816 0.0000000000
19579  -22.324  -60.068  -22.179 0.0000000000
20875  -21.839  -59.678  -21.718 0.0000000000
19580  -23.142  -59.955  -22.110 0.0000000000
20876  -22.635  -59.505  -21.692 0.0000000000
19581  -23.981  -59.929  -22.040 0.0000000000
20877  -23.531  -59.207  -21.631 0.0000000000
19582  -24.707  -59.850  -22.142 0.0000000000
20878  -24.408  -59.334  -21.907 0.0000000000
19583  -25.080  -59.707  -22.227 0.0000000000
20879  -24.909  -59.448  -22.103 0.0000000000
20897  -25.305  -59.398  -22.342 0.0000000000
20898  -25.795  -59.517  -22.857 0.0000000000
20899  -26.268  -59.817  -23.166 0.0000000000
20855  -21.332  -59.211  -21.328 0.0000000000
22145  -20.815  -58.626  -21.107 0.0000000000
20856  -22.114  -59.074  -21.329 0.0000000000
22146  -21.614  -58.520  -21.134 0.0000000000
20857  -22.824  -58.894  -21.389 0.0000000000
22147  -22.363  -58.403  -21.185 0.0000000000
20858  -23.239  -58.727  -21.426 0.0000000000
22148  -23.002  -58.348  -21.301 0.0000000000
22164  -23.551  -58.425  -21.497 0.0000000000
22165  -24.239  -58.552  -21.880 0.0000000000
22166  -24.891  -58.954  -22.165 0.0000000000
22185  -25.312  -58.773  -22.834 0.0000000000
22186  -25.745  -59.065  -23.309 0.0000000000
20922  -26.051  -59.451  -23.524 0.0000000000
22142  -18.619  -58.522  -21.386 0.0000000000
23523  -19.351  -58.101  -21.119 0.0000000000
23524  -20.290  -57.971  -21.044 0.0000000000
23525  -21.120  -57.898  -21.096 0.0000000000
23526  -21.888  -57.845  -21.211 0.0000000000
23527  -22.627  -57.690  -21.358 0.0000000000
23528  -23.246  -57.935  -21.473 0.0000000000
22141  -18.177  -58.324  -21.376 0.0000000000
23521  -17.750  -58.043  -21.281 0.0000000000
23548  -17.599  -58.331  -21.623 0.0000000000
22182  -17.257  -58.563  -22.478 0.0000000000
22160  -17.440  -58.498  -22.041 0.0000000000
23547  -17.260  -58.168  -21.819 0.0000000000
23550  -23.729  -57.817  -21.863 0.0000000000
23551  -24.339  -57.905  -22.377 0.0000000000
22184  -24.781  -58.398  -22.412 0.0000000000
23570  -16.880  -58.081  -22.439 0.0000000000
23589  -16.839  -58.218  -23.072 0.0000000000
23571  -24.776  -58.055  -23.085 0.0000000000
23572  -25.221  -58.419  -23.290 0.0000000000
22206  -25.430  -58.755  -23.570 0.0000000000
22207  -25.726  -59.139  -23.891 0.0000000000
23608  -16.810  -58.144  -23.862 0.0000000000
23592  -25.051  -58.351  -23.743 0.0000000000
22227  -25.251  -59.006  -24.378 0.0000000000
23625  -16.681  -57.807  -24.742 0.0000000000
23639  -16.869  -57.796  -25.547 0.0000000000
23659  -16.798  -57.591  -26.456 0.0000000000
23522  -18.511  -57.958  -21.102 0.0000000000
23520  -17.293  -57.794  -21.349 0.0000000000
24962  -17.406  -57.263  -21.063 0.0000000000
24963  -18.199  -57.314  -20.848 0.0000000000
24964  -19.015  -57.296  -20.980 0.0000000000
24965  -19.828  -57.282  -21.122 0.0000000000
24966  -20.642  -57.201  -21.228 0.0000000000
24967  -21.426  -57.280  -21.335 0.0000000000
24968  -22.119  -57.329  -21.478 0.0000000000
24969  -22.453  -57.358  -21.526 0.0000000000
23549  -23.148  -57.496  -21.661 0.0000000000
24991  -22.561  -57.137  -21.858 0.0000000000
24987  -16.964  -57.513  -21.515 0.0000000000
23546  -16.712  -57.619  -22.111 0.0000000000
24992  -23.350  -57.210  -22.151 0.0000000000
24993  -23.905  -57.433  -22.393 0.0000000000
25013  -24.164  -57.542  -22.961 0.0000000000
23569  -16.589  -57.655  -22.813 0.0000000000
23591  -24.468  -57.906  -23.841 0.0000000000
25031  -24.321  -57.694  -23.394 0.0000000000
23588  -16.590  -57.751  -23.431 0.0000000000
23590  -24.010  -57.710  -24.264 0.0000000000
23610  -24.323  -58.086  -24.449 0.0000000000
25030  -23.807  -57.346  -23.717 0.0000000000
23611  -24.787  -58.329  -24.228 0.0000000000
23607  -16.518  -57.541  -24.027 0.0000000000
22226  -24.606  -58.532  -24.621 0.0000000000
23628  -24.131  -58.305  -24.975 0.0000000000
23609  -23.830  -57.854  -24.746 0.0000000000
23624  -16.534  -57.336  -24.500 0.0000000000
25065  -16.561  -56.998  -24.991 0.0000000000
25066  -16.687  -57.467  -25.257 0.0000000000
25087  -16.706  -57.272  -25.688 0.0000000000
24961  -16.976  -56.964  -21.378 0.0000000000
26380  -17.188  -56.457  -21.106 0.0000000000
26381  -17.891  -56.522  -20.784 0.0000000000
26382  -18.714  -56.545  -20.805 0.0000000000
26383  -19.489  -56.546  -21.074 0.0000000000
26384  -20.193  -56.580  -21.361 0.0000000000
24989  -21.008  -56.767  -21.565 0.0000000000
24988  -20.605  -56.728  -21.440 0.0000000000
24990  -21.687  -56.842  -21.874 0.0000000000
24986  -16.678  -57.017  -21.816 0.0000000000
26400  -20.594  -56.369  -21.657 0.0000000000
26401  -21.033  -56.313  -22.090 0.0000000000
26402  -21.550  -56.439  -22.396 0.0000000000
25010  -22.123  -56.632  -22.453 0.0000000000
25011  -22.852  -56.825  -22.636 0.0000000000
25012  -23.568  -57.115  -22.872 0.0000000000
26417  -21.703  -56.307  -22.918 0.0000000000
25028  -22.283  -56.561  -23.191 0.0000000000
25029  -23.031  -56.795  -23.463 0.0000000000
26430  -21.742  -56.085  -23.631 0.0000000000
25045  -22.355  -56.549  -24.007 0.0000000000
25046  -23.033  -56.973  -24.341 0.0000000000
25047  -23.542  -57.451  -24.563 0.0000000000
26445  -21.947  -55.994  -24.423 0.0000000000
25067  -22.345  -56.567  -24.933 0.0000000000
25068  -22.981  -57.333  -25.281 0.0000000000
25069  -23.467  -57.642  -24.969 0.0000000000
26459  -22.122  -55.786  -25.072 0.0000000000
25088  -22.384  -56.748  -25.690 0.0000000000
26465  -22.272  -56.071  -25.624 0.0000000000
23626  -23.187  -57.753  -25.625 0.0000000000
23627  -23.529  -57.941  -25.304 0.0000000000
23640  -22.982  -57.610  -25.933 0.0000000000
25089  -22.639  -57.096  -26.250 0.0000000000
26466  -22.516  -56.253  -26.247 0.0000000000
26379  -16.751  -56.522  -21.496 0.0000000000
27757  -16.644  -55.706  -21.274 0.0000000000
27758  -17.571  -55.704  -20.778 0.0000000000
27759  -18.425  -55.746  -20.709 0.0000000000
27760  -19.210  -55.781  -20.928 0.0000000000
27761  -19.966  -55.784  -21.377 0.0000000000
27762  -20.302  -56.108  -21.573 0.0000000000
27776  -20.474  -55.685  -21.902 0.0000000000
27777  -20.926  -55.772  -22.382 0.0000000000
26416  -21.251  -56.059  -22.649 0.0000000000
27790  -21.124  -55.437  -22.855 0.0000000000
26429  -21.410  -55.888  -23.123 0.0000000000
27800  -21.447  -55.404  -23.455 0.0000000000
27801  -21.755  -55.392  -24.023 0.0000000000
27809  -21.985  -55.291  -24.622 0.0000000000
27812  -22.253  -55.153  -25.143 0.0000000000
27817  -22.378  -55.523  -25.485 0.0000000000
27818  -22.769  -55.467  -25.948 0.0000000000
26399  -16.392  -56.401  -22.007 0.0000000000
27774  -15.980  -55.788  -22.161 0.0000000000
29138  -17.334  -54.813  -20.814 0.0000000000
29137  -16.610  -54.594  -21.114 0.0000000000
29153  -16.055  -55.072  -21.598 0.0000000000
29139  -18.188  -54.893  -20.767 0.0000000000
29140  -18.925  -55.015  -20.929 0.0000000000
29141  -19.546  -55.054  -21.213 0.0000000000
27775  -20.208  -55.502  -21.622 0.0000000000
29154  -20.131  -55.028  -21.643 0.0000000000
29155  -20.560  -54.853  -22.172 0.0000000000
27789  -20.802  -55.311  -22.395 0.0000000000
29166  -20.942  -54.769  -22.663 0.0000000000
29167  -21.286  -54.758  -23.210 0.0000000000
29173  -21.611  -54.786  -23.739 0.0000000000
29174  -21.875  -54.746  -24.221 0.0000000000
29178  -22.113  -54.622  -24.758 0.0000000000
29182  -22.534  -54.585  -25.237 0.0000000000
27813  -22.614  -55.098  -25.500 0.0000000000
29136  -16.097  -54.254  -21.459 0.0000000000
30613  -16.654  -53.767  -21.285 0.0000000000
30614  -17.284  -53.969  -21.076 0.0000000000
30615  -17.997  -54.106  -20.988 0.0000000000
30616  -18.810  -54.119  -21.205 0.0000000000
30617  -19.249  -54.577  -21.172 0.0000000000
30632  -19.627  -54.198  -21.535 0.0000000000
27773  -15.727  -55.256  -22.134 0.0000000000
29152  -15.696  -54.668  -21.862 0.0000000000
30633  -20.251  -54.191  -22.011 0.0000000000
30640  -20.685  -54.144  -22.482 0.0000000000
30641  -21.051  -54.125  -22.964 0.0000000000
30647  -21.459  -54.028  -23.619 0.0000000000
30648  -21.768  -54.380  -23.934 0.0000000000
30660  -21.891  -53.991  -24.280 0.0000000000
30678  -22.307  -53.971  -24.911 0.0000000000
30612  -16.155  -53.499  -21.537 0.0000000000
32181  -16.674  -53.172  -21.594 0.0000000000
32182  -17.261  -53.300  -21.437 0.0000000000
32183  -17.926  -53.459  -21.350 0.0000000000
32184  -18.386  -53.648  -21.286 0.0000000000
30631  -19.193  -53.697  -21.617 0.0000000000
32209  -18.720  -53.138  -21.868 0.0000000000
32210  -19.555  -53.473  -21.967 0.0000000000
32211  -19.939  -53.772  -21.997 0.0000000000
32232  -20.231  -53.360  -22.569 0.0000000000
32233  -20.745  -53.739  -22.785 0.0000000000
32246  -20.903  -53.444  -23.188 0.0000000000
30659  -21.617  -53.599  -23.974 0.0000000000
32261  -21.304  -53.265  -23.777 0.0000000000
32180  -16.290  -53.101  -21.750 0.0000000000
32206  -16.555  -52.777  -21.927 0.0000000000
32207  -17.189  -52.800  -21.859 0.0000000000
32208  -17.852  -52.927  -21.797 0.0000000000
32205  -15.804  -53.013  -21.963 0.0000000000
33773  -16.384  -52.427  -22.275 0.0000000000
33774  -17.046  -52.391  -22.269 0.0000000000
33775  -17.746  -52.484  -22.250 0.0000000000
33776  -18.224  -52.678  -22.169 0.0000000000
32231  -19.472  -52.962  -22.402 0.0000000000
32230  -19.044  -52.692  -22.459 0.0000000000
33797  -18.558  -52.285  -22.747 0.0000000000
33798  -19.389  -52.540  -22.822 0.0000000000
33799  -19.782  -52.851  -22.792 0.0000000000
32245  -20.497  -53.032  -23.162 0.0000000000
33810  -20.063  -52.572  -23.260 0.0000000000
33811  -20.766  -52.843  -23.587 0.0000000000
33772  -15.950  -52.480  -22.315 0.0000000000
33794  -16.188  -52.147  -22.625 0.0000000000
33795  -16.838  -52.045  -22.662 0.0000000000
33796  -17.576  -52.059  -22.683 0.0000000000
35282  -16.583  -51.621  -22.893 0.0000000000
35283  -17.278  -51.577  -22.938 0.0000000000
35284  -18.015  -51.602  -23.036 0.0000000000
33809  -19.349  -52.091  -23.244 0.0000000000
33808  -18.945  -51.880  -23.218 0.0000000000
35296  -18.667  -51.578  -23.250 0.0000000000
35297  -19.242  -51.552  -23.454 0.0000000000
35281  -15.899  -51.737  -22.832 0.0000000000
36746  -16.337  -51.107  -22.881 0.0000000000
36747  -17.004  -51.081  -22.943 0.0000000000
36748  -17.690  -51.050  -23.075 0.0000000000
36749  -18.358  -51.059  -23.241 0.0000000000
36769  -18.970  -51.047  -23.430 0.0000000000
36745  -15.613  -51.122  -22.738 0.0000000000
38271  -16.227  -50.591  -22.587 0.0000000000
38272  -16.780  -50.656  -22.701 0.0000000000
38273  -17.399  -50.575  -22.841 0.0000000000
38270  -15.784  -50.645  -22.513 0.0000000000
38247  -16.009  -50.385  -22.409 0.0000000000
39842  -16.427  -49.956  -22.264 0.0000000000
39865  -16.626  -50.350  -22.513 0.0000000000
39866  -17.035  -50.200  -22.579 0.0000000000
25009  -16.441  -57.020  -22.495 0.0000000000
26415  -16.031  -56.265  -22.887 0.0000000000
25027  -16.386  -57.108  -23.381 0.0000000000
25044  -16.429  -56.999  -24.205 0.0000000000
17204  -17.030  -62.124  -29.232 0.0000000000
15912  -17.906  -63.074  -29.635 0.0000000000
14580  -18.374  -63.656  -29.865 0.0000000000
15775  -27.560  -62.896  -24.232 0.0000000000
17100  -28.748  -61.872  -24.468 0.0000000000
15774  -26.732  -62.935  -24.163 0.0000000000
15773  -25.905  -62.882  -24.194 0.0000000000
15772  -25.099  -62.803  -24.264 0.0000000000
11999  -28.985  -64.725  -27.233 0.0000000000
11977  -28.808  -65.069  -26.638 0.0000000000
13269  -29.339  -64.652  -26.726 0.0000000000
11976  -28.096  -65.484  -26.692 0.0000000000
11975  -27.705  -65.719  -26.817 0.0000000000
10710  -27.403  -66.067  -26.692 0.0000000000
10725  -27.156  -65.886  -27.212 0.0000000000
10724  -26.710  -66.177  -27.239 0.0000000000
11955  -29.085  -65.241  -25.770 0.0000000000
11954  -28.521  -65.468  -26.123 0.0000000000
13247  -29.231  -64.903  -26.270 0.0000000000
10697  -28.129  -66.074  -25.925 0.0000000000
10711  -27.821  -65.820  -26.524 0.0000000000
10698  -28.655  -65.663  -25.697 0.0000000000
10738  -24.744  -66.328  -28.555 0.0000000000
9535  -24.331  -66.634  -28.553 0.0000000000
9534  -23.806  -66.651  -28.829 0.0000000000
9533  -23.016  -66.771  -29.047 0.0000000000
9532  -22.047  -66.664  -29.456 0.0000000000
10765  -21.714  -66.070  -29.603 0.0000000000
10723  -26.267  -66.361  -27.445 0.0000000000
9512  -25.945  -66.549  -27.530 0.0000000000
9511  -25.544  -66.533  -27.831 0.0000000000
9510  -24.742  -66.886  -27.932 0.0000000000
10709  -26.905  -66.451  -26.717 0.0000000000
9490  -26.620  -66.557  -26.873 0.0000000000
9489  -26.221  -66.685  -27.086 0.0000000000
10696  -27.560  -66.451  -26.109 0.0000000000
9471  -27.167  -66.568  -26.350 0.0000000000
9470  -26.649  -66.943  -26.443 0.0000000000
9454  -27.772  -66.595  -25.784 0.0000000000
9453  -27.334  -66.970  -25.810 0.0000000000
9509  -23.937  -67.128  -28.329 0.0000000000
9508  -23.393  -67.127  -28.626 0.0000000000
9452  -26.930  -67.137  -26.049 0.0000000000
8329  -26.598  -67.329  -26.124 0.0000000000
8328  -26.194  -67.528  -26.272 0.0000000000
9469  -25.938  -67.219  -26.784 0.0000000000
9432  -28.019  -66.846  -25.275 0.0000000000
9431  -27.584  -67.161  -25.355 0.0000000000
8293  -27.225  -67.492  -25.237 0.0000000000
8313  -27.030  -67.332  -25.698 0.0000000000
8312  -26.640  -67.589  -25.768 0.0000000000
8294  -27.711  -67.267  -25.123 0.0000000000
8272  -27.870  -67.364  -24.595 0.0000000000
26428  -16.124  -56.529  -23.803 0.0000000000
26444  -16.243  -56.590  -24.518 0.0000000000
