#!ascii label  , from subject  vox2ras=TkReg
641
24615  23.884  -51.702  -17.752 0.0000000000
24594  24.077  -51.698  -16.934 0.0000000000
24614  24.583  -51.916  -17.541 0.0000000000
24595  23.324  -51.650  -17.041 0.0000000000
24616  23.082  -51.586  -17.860 0.0000000000
24628  24.578  -51.837  -18.492 0.0000000000
24629  23.681  -51.621  -18.613 0.0000000000
24596  22.539  -51.491  -17.103 0.0000000000
24617  22.286  -51.350  -17.913 0.0000000000
24630  22.874  -51.409  -18.680 0.0000000000
24597  21.749  -51.225  -17.121 0.0000000000
24618  21.701  -51.109  -17.763 0.0000000000
24631  22.302  -51.184  -18.543 0.0000000000
25981  21.909  -51.068  -18.233 0.0000000000
25966  21.292  -51.017  -17.442 0.0000000000
25982  21.283  -50.859  -18.096 0.0000000000
23247  25.153  -52.180  -18.016 0.0000000000
24627  25.292  -52.102  -18.692 0.0000000000
24641  25.194  -51.811  -19.390 0.0000000000
24642  24.273  -51.568  -19.400 0.0000000000
24643  23.470  -51.361  -19.419 0.0000000000
24644  22.912  -51.230  -19.298 0.0000000000
25987  22.536  -51.120  -18.991 0.0000000000
25988  21.962  -50.851  -18.852 0.0000000000
24658  24.813  -51.431  -20.173 0.0000000000
24659  23.978  -51.105  -20.198 0.0000000000
24660  23.503  -51.092  -19.872 0.0000000000
25997  23.177  -51.093  -19.682 0.0000000000
25998  22.664  -50.840  -19.549 0.0000000000
24672  24.547  -51.033  -20.860 0.0000000000
24673  24.147  -50.965  -20.624 0.0000000000
26011  23.372  -50.819  -20.191 0.0000000000
26010  23.756  -50.895  -20.400 0.0000000000
26023  23.898  -50.781  -20.806 0.0000000000
24671  25.272  -51.347  -20.882 0.0000000000
24683  25.052  -51.119  -21.282 0.0000000000
26022  24.334  -50.809  -21.244 0.0000000000
26033  24.801  -50.834  -21.669 0.0000000000
24682  25.528  -51.327  -21.705 0.0000000000
24598  21.114  -51.037  -16.922 0.0000000000
25967  20.628  -50.832  -17.301 0.0000000000
25983  20.430  -50.556  -18.131 0.0000000000
25989  21.094  -50.450  -18.927 0.0000000000
25999  21.954  -50.361  -19.617 0.0000000000
25990  20.257  -50.155  -18.739 0.0000000000
26000  21.267  -50.059  -19.574 0.0000000000
27275  20.636  -49.957  -19.327 0.0000000000
25984  19.676  -50.144  -18.158 0.0000000000
25991  19.743  -49.864  -18.708 0.0000000000
27276  20.030  -49.774  -19.131 0.0000000000
27268  19.288  -49.706  -18.476 0.0000000000
27277  19.519  -49.414  -19.002 0.0000000000
26012  22.704  -50.392  -20.228 0.0000000000
26013  22.215  -50.111  -20.221 0.0000000000
27286  21.676  -49.933  -20.077 0.0000000000
27287  20.966  -49.573  -19.944 0.0000000000
26024  23.254  -50.360  -20.780 0.0000000000
26025  22.858  -50.178  -20.667 0.0000000000
27297  22.566  -50.073  -20.567 0.0000000000
27298  22.145  -49.795  -20.628 0.0000000000
26034  24.078  -50.570  -21.599 0.0000000000
26035  23.609  -50.411  -21.269 0.0000000000
27309  22.858  -49.922  -21.109 0.0000000000
27308  23.329  -50.178  -21.245 0.0000000000
26032  25.266  -50.972  -22.118 0.0000000000
26045  24.981  -50.601  -22.460 0.0000000000
26046  24.445  -50.471  -22.087 0.0000000000
27319  23.554  -50.039  -21.801 0.0000000000
27318  24.085  -50.284  -22.038 0.0000000000
26044  25.766  -51.061  -22.550 0.0000000000
26060  25.454  -50.480  -22.954 0.0000000000
27329  24.311  -49.987  -22.512 0.0000000000
27328  25.050  -50.056  -22.886 0.0000000000
25985  19.086  -49.871  -18.001 0.0000000000
27269  18.695  -49.417  -18.262 0.0000000000
27278  19.100  -49.373  -18.675 0.0000000000
27288  20.270  -49.534  -19.548 0.0000000000
27289  19.884  -49.480  -19.324 0.0000000000
28663  18.865  -48.982  -19.023 0.0000000000
28662  19.358  -49.130  -19.251 0.0000000000
28685  19.718  -49.164  -19.615 0.0000000000
27299  21.549  -49.572  -20.418 0.0000000000
28684  20.357  -49.243  -19.983 0.0000000000
28683  20.732  -49.234  -20.227 0.0000000000
28703  21.118  -49.200  -20.578 0.0000000000
27310  22.314  -49.574  -21.111 0.0000000000
28702  21.804  -49.369  -20.890 0.0000000000
27320  22.994  -49.642  -21.695 0.0000000000
28720  22.605  -49.519  -21.472 0.0000000000
27330  23.656  -49.607  -22.359 0.0000000000
28738  23.251  -49.515  -22.045 0.0000000000
28686  19.282  -48.981  -19.426 0.0000000000
28643  18.389  -49.083  -18.541 0.0000000000
28664  18.084  -48.794  -18.732 0.0000000000
30152  18.236  -48.486  -19.253 0.0000000000
30151  18.710  -48.584  -19.458 0.0000000000
30178  19.209  -48.685  -19.769 0.0000000000
28704  20.442  -48.987  -20.466 0.0000000000
28705  19.976  -49.010  -20.150 0.0000000000
30177  19.661  -48.879  -20.029 0.0000000000
28723  20.795  -48.816  -20.948 0.0000000000
30197  19.795  -48.571  -20.534 0.0000000000
30196  20.361  -48.697  -20.791 0.0000000000
30179  18.508  -48.227  -19.827 0.0000000000
30153  17.451  -48.344  -18.936 0.0000000000
30180  17.779  -48.062  -19.604 0.0000000000
30198  19.053  -48.173  -20.336 0.0000000000
30199  18.571  -47.815  -20.271 0.0000000000
31627  18.039  -47.718  -20.055 0.0000000000
30181  17.160  -47.850  -19.484 0.0000000000
31628  17.411  -47.553  -19.887 0.0000000000
30214  20.451  -48.321  -21.160 0.0000000000
30215  19.845  -48.026  -21.043 0.0000000000
31645  19.382  -48.005  -20.787 0.0000000000
31646  18.972  -47.530  -20.654 0.0000000000
31647  18.345  -47.324  -20.351 0.0000000000
31664  19.527  -47.475  -20.975 0.0000000000
31663  20.353  -47.544  -21.219 0.0000000000
31648  17.712  -47.225  -20.206 0.0000000000
31629  16.636  -47.321  -19.826 0.0000000000
31649  17.194  -47.138  -20.075 0.0000000000
31665  19.205  -47.315  -20.881 0.0000000000
33000  18.799  -46.851  -20.513 0.0000000000
33018  19.034  -47.166  -20.780 0.0000000000
33001  18.035  -46.785  -20.225 0.0000000000
33002  17.414  -46.763  -20.106 0.0000000000
33003  16.904  -46.780  -20.028 0.0000000000
30233  20.656  -47.938  -21.402 0.0000000000
31681  20.622  -47.699  -21.364 0.0000000000
31680  20.862  -47.677  -21.425 0.0000000000
31662  21.029  -47.195  -21.253 0.0000000000
33015  20.564  -46.833  -20.834 0.0000000000
33016  19.852  -46.894  -20.928 0.0000000000
33017  19.290  -47.014  -20.844 0.0000000000
32999  19.414  -46.533  -20.597 0.0000000000
34375  19.017  -46.339  -20.138 0.0000000000
34376  18.318  -46.270  -20.113 0.0000000000
34377  17.623  -46.323  -20.011 0.0000000000
34378  17.038  -46.370  -19.951 0.0000000000
32984  16.550  -46.658  -19.882 0.0000000000
34379  16.722  -46.454  -19.932 0.0000000000
33014  21.156  -47.014  -20.652 0.0000000000
32997  20.800  -46.775  -20.080 0.0000000000
32998  20.046  -46.476  -20.308 0.0000000000
34374  19.536  -46.351  -20.146 0.0000000000
34358  19.357  -46.426  -19.691 0.0000000000
34359  18.612  -46.382  -19.434 0.0000000000
34360  17.830  -46.181  -19.492 0.0000000000
34361  17.164  -46.048  -19.581 0.0000000000
34362  16.478  -46.080  -19.632 0.0000000000
34357  19.770  -46.401  -19.881 0.0000000000
34343  17.228  -45.879  -18.933 0.0000000000
34344  16.761  -45.774  -19.220 0.0000000000
34342  18.041  -46.274  -18.751 0.0000000000
32983  18.719  -46.523  -19.045 0.0000000000
34341  18.488  -46.471  -18.972 0.0000000000
32982  19.133  -46.612  -19.132 0.0000000000
32981  20.038  -46.677  -19.392 0.0000000000
35820  16.741  -45.566  -18.884 0.0000000000
35821  16.226  -45.323  -18.992 0.0000000000
34323  17.431  -45.858  -18.203 0.0000000000
35800  16.815  -45.253  -18.377 0.0000000000
32967  18.230  -46.475  -18.311 0.0000000000
34322  17.975  -46.234  -17.988 0.0000000000
32966  18.645  -46.652  -18.587 0.0000000000
34302  17.666  -45.853  -17.599 0.0000000000
35784  17.258  -45.308  -17.673 0.0000000000
32950  18.393  -46.584  -17.907 0.0000000000
34301  18.266  -46.207  -17.212 0.0000000000
31661  21.738  -47.354  -20.974 0.0000000000
32996  21.543  -47.165  -20.059 0.0000000000
32980  21.178  -47.149  -19.226 0.0000000000
31644  22.216  -47.534  -20.363 0.0000000000
31625  21.930  -47.514  -19.489 0.0000000000
32979  21.550  -47.273  -19.601 0.0000000000
32965  19.462  -46.901  -18.530 0.0000000000
32964  20.402  -47.189  -18.400 0.0000000000
31626  21.642  -47.469  -18.994 0.0000000000
31603  21.453  -47.503  -18.502 0.0000000000
32963  21.001  -47.322  -18.591 0.0000000000
32949  18.935  -46.867  -17.896 0.0000000000
32948  19.682  -47.191  -17.682 0.0000000000
31604  20.965  -47.435  -18.207 0.0000000000
31579  20.654  -47.482  -17.708 0.0000000000
32947  20.222  -47.350  -17.828 0.0000000000
32930  18.609  -46.669  -17.519 0.0000000000
32929  19.012  -46.780  -17.144 0.0000000000
31580  20.182  -47.390  -17.475 0.0000000000
31556  19.962  -47.240  -17.089 0.0000000000
32928  19.588  -47.038  -17.033 0.0000000000
32909  19.574  -46.761  -16.504 0.0000000000
32910  19.048  -46.588  -16.686 0.0000000000
34300  18.743  -46.395  -16.759 0.0000000000
31540  19.803  -47.061  -16.783 0.0000000000
31679  21.421  -47.648  -21.549 0.0000000000
31660  22.479  -47.682  -21.099 0.0000000000
31678  22.144  -47.737  -21.649 0.0000000000
31659  23.095  -47.964  -21.217 0.0000000000
31643  22.835  -47.851  -20.605 0.0000000000
31677  22.772  -47.903  -21.661 0.0000000000
31624  22.683  -47.851  -19.889 0.0000000000
30195  23.150  -48.135  -20.252 0.0000000000
31642  23.306  -48.139  -20.738 0.0000000000
31602  22.017  -47.690  -18.725 0.0000000000
31601  22.619  -47.999  -18.992 0.0000000000
31578  21.325  -47.597  -17.787 0.0000000000
31577  22.057  -47.795  -17.933 0.0000000000
31576  22.363  -47.937  -18.420 0.0000000000
31555  20.460  -47.420  -17.065 0.0000000000
31554  21.090  -47.589  -17.122 0.0000000000
31553  21.718  -47.729  -17.227 0.0000000000
30123  22.449  -48.014  -17.584 0.0000000000
30102  22.214  -47.929  -17.213 0.0000000000
30122  22.798  -48.199  -18.009 0.0000000000
31539  20.146  -47.118  -16.542 0.0000000000
31538  20.805  -47.414  -16.503 0.0000000000
31537  21.609  -47.644  -16.456 0.0000000000
30084  21.980  -47.833  -16.848 0.0000000000
30101  22.705  -48.167  -17.177 0.0000000000
30121  23.636  -48.568  -17.938 0.0000000000
30100  23.329  -48.406  -17.247 0.0000000000
30150  23.364  -48.446  -18.755 0.0000000000
30120  24.303  -48.851  -17.843 0.0000000000
30099  23.990  -48.671  -17.221 0.0000000000
30149  24.061  -48.772  -18.554 0.0000000000
30083  22.387  -47.958  -16.501 0.0000000000
30082  23.144  -48.271  -16.514 0.0000000000
30081  23.725  -48.499  -16.632 0.0000000000
30071  22.912  -48.012  -15.892 0.0000000000
30072  22.468  -47.852  -15.966 0.0000000000
31536  22.125  -47.719  -15.999 0.0000000000
30070  23.895  -48.283  -15.705 0.0000000000
28600  24.312  -48.719  -16.514 0.0000000000
24694  26.026  -51.429  -22.125 0.0000000000
24693  26.540  -51.554  -22.411 0.0000000000
26043  26.500  -51.055  -22.958 0.0000000000
26059  26.045  -50.562  -23.165 0.0000000000
24692  27.012  -51.366  -22.889 0.0000000000
26042  26.932  -50.982  -23.112 0.0000000000
26058  26.725  -50.621  -23.303 0.0000000000
26057  27.445  -50.896  -23.222 0.0000000000
24681  26.301  -51.622  -21.744 0.0000000000
23321  26.845  -51.834  -21.989 0.0000000000
23336  26.851  -51.771  -22.300 0.0000000000
23335  27.133  -51.946  -22.486 0.0000000000
24705  27.530  -51.688  -22.971 0.0000000000
24670  26.014  -51.590  -21.011 0.0000000000
23246  25.837  -52.442  -18.440 0.0000000000
23270  25.745  -52.135  -19.061 0.0000000000
24593  24.746  -51.883  -16.758 0.0000000000
23224  25.102  -52.181  -17.269 0.0000000000
24574  22.064  -51.333  -16.346 0.0000000000
24575  21.299  -51.154  -16.340 0.0000000000
24573  22.844  -51.489  -16.319 0.0000000000
24572  23.609  -51.580  -16.270 0.0000000000
24571  24.315  -51.664  -16.201 0.0000000000
24570  24.919  -51.817  -16.105 0.0000000000
23191  25.047  -51.975  -16.474 0.0000000000
23207  25.133  -52.131  -16.738 0.0000000000
24540  22.391  -51.382  -15.587 0.0000000000
24539  23.183  -51.469  -15.570 0.0000000000
24538  23.942  -51.584  -15.550 0.0000000000
24537  24.576  -51.696  -15.565 0.0000000000
24569  25.197  -51.956  -15.885 0.0000000000
23190  25.353  -52.164  -16.278 0.0000000000
24536  25.030  -51.862  -15.531 0.0000000000
23174  25.405  -52.138  -15.633 0.0000000000
24507  22.751  -51.550  -14.870 0.0000000000
24506  23.550  -51.627  -14.880 0.0000000000
24505  24.395  -51.816  -14.867 0.0000000000
24504  24.808  -51.792  -15.182 0.0000000000
23149  25.102  -52.153  -14.893 0.0000000000
24480  23.851  -51.941  -14.359 0.0000000000
23120  24.491  -52.380  -14.256 0.0000000000
23150  24.677  -52.073  -14.631 0.0000000000
23223  25.591  -52.492  -17.625 0.0000000000
23222  26.132  -52.846  -17.890 0.0000000000
23245  26.598  -52.901  -18.619 0.0000000000
23269  26.368  -52.358  -19.116 0.0000000000
23206  25.473  -52.408  -16.931 0.0000000000
23205  25.922  -52.760  -17.183 0.0000000000
21860  26.349  -53.150  -17.384 0.0000000000
21876  26.567  -53.184  -18.036 0.0000000000
23189  25.828  -52.605  -16.515 0.0000000000
21844  26.176  -53.005  -16.763 0.0000000000
23173  25.759  -52.432  -15.948 0.0000000000
21829  26.260  -52.900  -16.009 0.0000000000
23148  25.834  -52.519  -15.330 0.0000000000
23119  25.216  -52.702  -14.329 0.0000000000
21814  25.696  -52.733  -14.706 0.0000000000
21813  26.425  -53.221  -14.959 0.0000000000
21787  24.880  -53.237  -13.948 0.0000000000
21786  25.738  -53.307  -14.238 0.0000000000
21859  26.730  -53.528  -17.653 0.0000000000
21875  26.825  -53.423  -18.214 0.0000000000
21898  26.748  -53.217  -18.414 0.0000000000
20552  27.066  -53.828  -18.184 0.0000000000
21897  27.013  -53.316  -18.728 0.0000000000
21843  26.699  -53.384  -16.763 0.0000000000
20539  27.111  -53.941  -17.285 0.0000000000
21828  26.932  -53.349  -15.826 0.0000000000
20526  27.359  -53.745  -16.444 0.0000000000
21812  27.037  -53.515  -15.258 0.0000000000
20511  27.508  -53.788  -15.565 0.0000000000
21785  26.245  -53.537  -14.379 0.0000000000
20495  26.568  -53.740  -14.448 0.0000000000
20494  27.129  -53.914  -14.801 0.0000000000
20472  25.306  -54.023  -13.854 0.0000000000
20471  26.151  -54.014  -14.072 0.0000000000
20551  27.467  -54.414  -17.798 0.0000000000
20566  27.482  -54.139  -18.773 0.0000000000
20567  27.216  -53.719  -18.670 0.0000000000
20538  27.806  -54.171  -16.992 0.0000000000
19268  28.144  -54.505  -17.492 0.0000000000
19284  27.967  -54.937  -18.242 0.0000000000
20537  28.362  -54.173  -16.676 0.0000000000
19251  28.240  -54.266  -17.089 0.0000000000
20525  27.988  -54.006  -16.200 0.0000000000
20536  28.845  -54.287  -16.567 0.0000000000
19250  28.630  -54.308  -17.152 0.0000000000
20524  28.586  -54.294  -16.023 0.0000000000
20523  28.864  -54.365  -16.269 0.0000000000
19232  29.144  -54.547  -16.213 0.0000000000
19249  29.306  -54.480  -17.084 0.0000000000
20510  28.132  -54.253  -15.495 0.0000000000
20509  28.410  -54.356  -15.653 0.0000000000
19216  28.481  -54.571  -15.462 0.0000000000
19233  28.838  -54.561  -15.792 0.0000000000
20493  27.678  -54.171  -15.078 0.0000000000
19196  27.965  -54.710  -14.911 0.0000000000
19217  28.210  -54.485  -15.265 0.0000000000
20470  26.765  -54.173  -14.274 0.0000000000
19168  27.285  -54.640  -14.371 0.0000000000
19197  27.528  -54.344  -14.766 0.0000000000
19169  26.549  -54.704  -13.991 0.0000000000
19170  25.754  -54.785  -13.800 0.0000000000
19283  28.535  -54.993  -18.192 0.0000000000
18003  28.548  -55.273  -18.583 0.0000000000
18004  28.027  -55.183  -18.886 0.0000000000
19298  27.850  -54.722  -19.067 0.0000000000
19267  28.777  -54.684  -17.818 0.0000000000
17985  28.878  -55.000  -18.221 0.0000000000
19266  29.579  -54.703  -17.895 0.0000000000
17984  29.152  -54.854  -18.116 0.0000000000
18002  29.360  -55.086  -18.530 0.0000000000
19282  30.002  -54.862  -18.332 0.0000000000
19248  30.046  -54.790  -17.294 0.0000000000
19265  30.319  -54.817  -17.900 0.0000000000
19231  29.812  -54.841  -16.580 0.0000000000
19230  30.399  -55.219  -16.872 0.0000000000
19247  30.694  -55.048  -17.459 0.0000000000
19215  29.044  -54.980  -15.550 0.0000000000
19214  29.563  -55.026  -15.996 0.0000000000
17961  30.010  -55.513  -16.239 0.0000000000
17960  30.506  -55.775  -16.659 0.0000000000
17972  30.991  -55.707  -17.221 0.0000000000
19195  28.567  -55.074  -15.115 0.0000000000
19194  28.863  -55.289  -15.220 0.0000000000
17948  29.031  -55.582  -15.329 0.0000000000
17947  29.456  -55.550  -15.702 0.0000000000
19167  27.624  -54.974  -14.503 0.0000000000
17932  27.784  -55.277  -14.530 0.0000000000
17931  28.186  -55.467  -14.791 0.0000000000
17930  28.676  -55.583  -15.060 0.0000000000
17912  26.236  -55.455  -13.938 0.0000000000
17911  26.935  -55.261  -14.066 0.0000000000
17910  27.423  -55.288  -14.286 0.0000000000
16695  29.721  -56.065  -15.890 0.0000000000
16711  30.195  -56.341  -16.338 0.0000000000
16710  30.722  -56.222  -16.795 0.0000000000
16679  28.848  -55.904  -15.164 0.0000000000
16696  29.115  -56.227  -15.488 0.0000000000
16681  27.531  -55.982  -14.457 0.0000000000
16680  28.414  -56.205  -15.006 0.0000000000
16657  25.964  -56.348  -14.240 0.0000000000
16656  26.768  -55.865  -14.175 0.0000000000
17913  25.362  -55.657  -13.948 0.0000000000
16655  27.177  -55.607  -14.203 0.0000000000
15371  29.579  -56.710  -15.965 0.0000000000
15390  29.917  -57.274  -16.412 0.0000000000
15389  30.612  -56.856  -16.726 0.0000000000
16723  31.148  -56.510  -17.167 0.0000000000
15372  28.969  -57.104  -15.755 0.0000000000
16697  28.690  -56.646  -15.381 0.0000000000
15353  27.163  -56.756  -14.711 0.0000000000
15352  27.771  -56.651  -14.879 0.0000000000
16682  26.713  -56.449  -14.430 0.0000000000
15373  28.229  -57.036  -15.329 0.0000000000
15330  25.533  -56.747  -14.398 0.0000000000
15329  25.792  -56.698  -14.379 0.0000000000
16658  25.079  -56.416  -14.321 0.0000000000
15355  25.883  -56.971  -14.550 0.0000000000
16683  26.278  -56.694  -14.463 0.0000000000
14142  29.190  -57.747  -16.200 0.0000000000
14141  29.683  -57.804  -16.506 0.0000000000
15391  29.417  -57.208  -16.083 0.0000000000
14158  30.060  -57.998  -16.816 0.0000000000
15405  30.455  -57.472  -16.844 0.0000000000
15404  30.970  -57.290  -17.121 0.0000000000
14120  28.533  -57.680  -15.817 0.0000000000
14121  27.726  -57.727  -15.505 0.0000000000
15374  27.444  -57.184  -15.084 0.0000000000
14119  28.903  -57.516  -15.917 0.0000000000
14101  26.280  -57.447  -14.865 0.0000000000
15354  26.554  -56.983  -14.685 0.0000000000
14102  25.681  -57.556  -14.857 0.0000000000
15356  24.986  -57.120  -14.804 0.0000000000
14100  26.647  -57.336  -14.922 0.0000000000
15375  26.926  -57.193  -14.926 0.0000000000
12943  30.397  -58.615  -17.202 0.0000000000
14157  30.706  -57.954  -17.144 0.0000000000
12944  29.694  -58.672  -17.011 0.0000000000
14159  29.529  -58.168  -16.639 0.0000000000
12942  31.071  -58.510  -17.494 0.0000000000
14156  31.260  -57.835  -17.417 0.0000000000
12941  31.441  -58.236  -17.629 0.0000000000
14175  31.723  -57.880  -17.722 0.0000000000
15403  31.574  -57.126  -17.502 0.0000000000
14143  28.646  -58.266  -16.141 0.0000000000
12916  29.050  -58.649  -16.578 0.0000000000
12895  27.278  -58.404  -15.667 0.0000000000
12894  28.049  -58.344  -15.878 0.0000000000
14122  26.853  -57.729  -15.199 0.0000000000
14123  26.044  -57.993  -15.169 0.0000000000
14124  25.257  -57.989  -15.299 0.0000000000
11807  29.205  -59.424  -17.172 0.0000000000
11806  30.019  -59.293  -17.411 0.0000000000
11805  30.736  -59.171  -17.559 0.0000000000
12964  31.198  -59.015  -17.695 0.0000000000
12963  31.716  -58.724  -17.853 0.0000000000
12917  28.346  -58.848  -16.313 0.0000000000
11776  28.625  -59.302  -16.712 0.0000000000
12918  27.638  -58.960  -16.114 0.0000000000
12919  26.862  -59.015  -15.999 0.0000000000
12896  26.476  -58.488  -15.544 0.0000000000
11808  28.391  -59.949  -17.144 0.0000000000
11841  29.644  -59.976  -17.732 0.0000000000
11842  28.982  -60.126  -17.599 0.0000000000
11840  30.420  -59.885  -17.809 0.0000000000
11839  31.253  -59.646  -17.881 0.0000000000
11777  27.986  -59.459  -16.576 0.0000000000
11809  27.601  -60.040  -16.864 0.0000000000
11778  27.237  -59.536  -16.432 0.0000000000
11810  26.836  -60.041  -16.810 0.0000000000
11779  26.458  -59.550  -16.389 0.0000000000
11811  26.059  -59.974  -16.877 0.0000000000
11780  25.697  -59.476  -16.476 0.0000000000
12920  26.069  -59.033  -15.974 0.0000000000
11812  25.221  -59.730  -17.177 0.0000000000
11781  25.282  -59.344  -16.607 0.0000000000
12921  25.250  -58.872  -16.164 0.0000000000
10748  27.847  -60.459  -17.320 0.0000000000
10776  28.396  -60.730  -17.859 0.0000000000
10749  27.190  -60.481  -17.250 0.0000000000
10750  26.462  -60.440  -17.268 0.0000000000
10751  25.773  -60.335  -17.385 0.0000000000
10773  30.846  -60.552  -18.112 0.0000000000
10772  31.708  -60.536  -18.015 0.0000000000
11838  32.149  -59.667  -18.044 0.0000000000
10774  30.005  -60.660  -18.195 0.0000000000
10775  29.244  -60.567  -18.064 0.0000000000
12897  25.719  -58.521  -15.579 0.0000000000
12898  25.289  -58.459  -15.679 0.0000000000
12962  32.639  -58.857  -18.166 0.0000000000
14174  32.307  -58.013  -18.007 0.0000000000
14173  33.072  -58.004  -18.389 0.0000000000
15419  32.570  -57.258  -18.151 0.0000000000
15420  32.054  -57.375  -17.855 0.0000000000
16722  31.613  -56.398  -17.534 0.0000000000
16735  32.075  -56.636  -17.896 0.0000000000
15418  33.076  -57.092  -18.595 0.0000000000
16734  32.598  -56.535  -18.474 0.0000000000
17971  31.402  -56.060  -17.408 0.0000000000
16733  32.907  -56.733  -18.646 0.0000000000
16745  32.995  -56.638  -18.895 0.0000000000
16746  32.548  -56.179  -19.065 0.0000000000
17981  32.157  -56.163  -18.181 0.0000000000
17998  32.141  -55.878  -18.566 0.0000000000
15428  33.564  -57.079  -19.153 0.0000000000
16753  33.003  -56.534  -19.554 0.0000000000
16754  32.295  -56.179  -19.676 0.0000000000
18016  31.953  -55.725  -19.221 0.0000000000
15435  33.539  -56.934  -19.795 0.0000000000
16767  33.159  -56.706  -20.101 0.0000000000
16768  32.634  -56.508  -20.155 0.0000000000
15447  33.496  -57.011  -20.346 0.0000000000
15448  32.962  -56.878  -20.548 0.0000000000
35841  16.068  -45.724  -19.402 0.0000000000
35801  16.385  -44.902  -18.492 0.0000000000
37324  16.122  -44.505  -18.519 0.0000000000
35842  15.858  -45.567  -19.324 0.0000000000
35822  15.431  -45.363  -19.150 0.0000000000
37325  15.639  -44.577  -18.788 0.0000000000
15446  33.935  -57.247  -20.075 0.0000000000
15466  33.871  -57.297  -20.591 0.0000000000
15467  33.406  -57.228  -20.891 0.0000000000
15434  33.883  -57.315  -19.533 0.0000000000
14201  34.256  -57.667  -19.777 0.0000000000
14218  34.299  -57.594  -20.409 0.0000000000
15427  33.834  -57.368  -19.277 0.0000000000
14188  33.981  -57.766  -19.175 0.0000000000
14189  33.534  -57.607  -18.748 0.0000000000
14200  34.679  -58.080  -20.078 0.0000000000
14217  34.645  -57.967  -20.772 0.0000000000
14234  34.046  -57.692  -21.132 0.0000000000
13020  34.997  -58.433  -20.478 0.0000000000
13033  34.859  -58.439  -21.266 0.0000000000
14233  34.502  -58.034  -21.196 0.0000000000
13002  34.474  -58.223  -19.500 0.0000000000
13001  34.986  -58.891  -19.670 0.0000000000
12983  33.703  -58.236  -18.725 0.0000000000
12982  34.316  -58.799  -18.903 0.0000000000
12961  33.615  -59.010  -18.407 0.0000000000
13019  35.371  -59.075  -20.663 0.0000000000
13000  35.440  -59.391  -19.932 0.0000000000
11893  35.641  -59.851  -20.321 0.0000000000
11902  35.552  -59.914  -21.280 0.0000000000
13032  35.131  -59.126  -21.701 0.0000000000
12981  34.778  -59.180  -19.109 0.0000000000
11862  35.152  -59.654  -19.060 0.0000000000
11880  35.297  -59.447  -19.547 0.0000000000
11879  35.571  -59.898  -19.574 0.0000000000
12960  34.075  -59.128  -18.591 0.0000000000
11835  34.310  -59.568  -18.465 0.0000000000
11863  34.668  -59.382  -18.831 0.0000000000
11837  33.022  -59.730  -18.099 0.0000000000
11836  33.721  -59.834  -18.130 0.0000000000
11834  34.791  -59.724  -18.673 0.0000000000
10768  35.023  -60.334  -18.418 0.0000000000
10793  35.463  -60.234  -18.870 0.0000000000
11861  35.531  -60.073  -19.158 0.0000000000
10771  32.597  -60.525  -17.923 0.0000000000
10770  33.426  -60.503  -17.888 0.0000000000
10769  34.206  -60.446  -18.013 0.0000000000
10777  27.544  -60.874  -17.699 0.0000000000
9740  27.787  -61.208  -18.161 0.0000000000
9764  28.299  -61.448  -18.669 0.0000000000
10796  28.922  -61.027  -18.377 0.0000000000
10795  29.506  -61.016  -18.476 0.0000000000
9739  30.073  -61.081  -18.474 0.0000000000
9738  30.448  -61.141  -18.471 0.0000000000
10794  29.826  -61.057  -18.490 0.0000000000
9737  31.241  -61.464  -18.314 0.0000000000
9736  32.181  -61.381  -17.922 0.0000000000
9735  33.124  -61.373  -17.647 0.0000000000
9734  33.898  -61.188  -17.704 0.0000000000
9733  34.782  -61.404  -17.834 0.0000000000
9732  35.653  -61.255  -18.241 0.0000000000
10767  35.632  -60.649  -18.646 0.0000000000
10778  26.816  -60.874  -17.679 0.0000000000
10779  26.117  -60.801  -17.727 0.0000000000
9765  27.462  -61.554  -18.585 0.0000000000
8817  27.677  -61.822  -19.028 0.0000000000
8829  28.155  -62.015  -19.438 0.0000000000
9781  28.774  -61.758  -19.153 0.0000000000
9763  29.124  -61.397  -18.801 0.0000000000
9780  29.332  -61.780  -19.179 0.0000000000
9762  29.872  -61.480  -18.850 0.0000000000
8816  29.877  -61.882  -19.204 0.0000000000
8815  30.199  -62.129  -19.326 0.0000000000
9761  30.618  -61.709  -18.788 0.0000000000
9779  29.647  -61.791  -19.164 0.0000000000
8814  30.852  -62.222  -18.999 0.0000000000
9760  31.028  -61.919  -18.681 0.0000000000
8798  31.354  -62.186  -18.691 0.0000000000
9741  27.138  -61.250  -18.123 0.0000000000
8797  31.907  -62.163  -18.254 0.0000000000
8796  32.656  -62.238  -17.762 0.0000000000
8781  33.558  -62.261  -17.464 0.0000000000
9716  33.682  -61.652  -17.532 0.0000000000
9715  34.159  -61.838  -17.553 0.0000000000
8780  34.332  -62.504  -17.474 0.0000000000
9714  34.658  -62.078  -17.628 0.0000000000
8830  27.353  -62.134  -19.474 0.0000000000
8843  28.363  -62.470  -19.988 0.0000000000
8828  28.927  -62.180  -19.669 0.0000000000
8844  27.647  -62.487  -19.948 0.0000000000
7885  28.985  -62.507  -20.005 0.0000000000
7884  29.392  -62.538  -19.976 0.0000000000
8827  29.612  -62.077  -19.473 0.0000000000
8842  28.757  -62.489  -20.010 0.0000000000
8826  29.844  -62.392  -19.701 0.0000000000
7883  30.159  -62.801  -20.074 0.0000000000
8818  27.050  -61.868  -19.019 0.0000000000
7871  30.682  -62.590  -19.457 0.0000000000
7870  31.274  -62.736  -19.169 0.0000000000
7856  31.765  -62.653  -18.706 0.0000000000
7855  32.374  -63.005  -18.340 0.0000000000
7854  33.175  -63.135  -17.721 0.0000000000
7840  33.925  -63.091  -17.475 0.0000000000
7900  28.749  -62.735  -20.438 0.0000000000
7899  29.464  -62.956  -20.599 0.0000000000
7017  30.733  -63.276  -20.342 0.0000000000
7882  30.946  -63.011  -19.790 0.0000000000
7031  30.183  -63.363  -20.810 0.0000000000
7898  29.881  -63.076  -20.594 0.0000000000
7016  31.276  -63.505  -20.095 0.0000000000
7881  31.465  -63.238  -19.562 0.0000000000
7015  31.854  -63.804  -19.650 0.0000000000
7869  31.883  -63.215  -19.054 0.0000000000
7003  32.478  -63.930  -18.845 0.0000000000
6986  32.876  -63.653  -18.190 0.0000000000
7030  31.007  -63.794  -20.882 0.0000000000
7038  30.344  -63.749  -21.616 0.0000000000
7039  29.509  -63.414  -21.393 0.0000000000
7032  29.694  -63.195  -20.887 0.0000000000
6200  31.617  -64.397  -20.794 0.0000000000
7029  31.581  -63.951  -20.328 0.0000000000
6203  31.200  -64.335  -21.475 0.0000000000
7037  30.890  -63.947  -21.462 0.0000000000
6199  31.917  -64.408  -20.108 0.0000000000
6193  32.277  -64.440  -19.523 0.0000000000
5374  31.403  -65.064  -21.209 0.0000000000
5378  31.143  -64.899  -21.879 0.0000000000
6207  31.024  -64.447  -21.777 0.0000000000
6204  30.834  -64.035  -21.765 0.0000000000
5371  31.797  -65.074  -20.362 0.0000000000
5370  32.148  -64.847  -19.892 0.0000000000
6208  30.558  -63.919  -22.026 0.0000000000
5384  30.890  -64.859  -22.504 0.0000000000
6212  30.711  -64.305  -22.508 0.0000000000
7043  30.107  -63.815  -22.357 0.0000000000
6213  30.409  -63.989  -22.553 0.0000000000
6216  30.730  -64.558  -22.916 0.0000000000
7049  30.458  -64.217  -22.898 0.0000000000
7050  30.068  -63.938  -22.918 0.0000000000
7917  29.407  -63.173  -21.028 0.0000000000
7044  29.582  -63.637  -22.132 0.0000000000
7045  28.911  -63.464  -21.978 0.0000000000
7040  29.042  -63.342  -21.556 0.0000000000
7918  28.942  -63.145  -21.218 0.0000000000
7927  28.811  -63.319  -21.649 0.0000000000
7051  29.571  -63.725  -22.787 0.0000000000
7052  29.001  -63.614  -22.617 0.0000000000
7053  28.498  -63.522  -22.501 0.0000000000
7046  28.488  -63.456  -22.163 0.0000000000
7928  28.333  -63.367  -21.830 0.0000000000
7919  28.138  -63.107  -21.136 0.0000000000
7901  27.907  -62.818  -20.501 0.0000000000
9766  26.741  -61.590  -18.583 0.0000000000
9742  26.422  -61.243  -18.137 0.0000000000
