#!ascii label  , from subject  vox2ras=TkReg
634
18099  28.962  -55.256  -24.371 0.0000000000
16837  29.315  -55.917  -24.203 0.0000000000
18098  29.708  -55.212  -24.284 0.0000000000
16838  28.674  -55.953  -24.018 0.0000000000
18100  28.565  -55.273  -23.937 0.0000000000
18109  29.330  -54.886  -24.491 0.0000000000
19384  28.633  -54.809  -24.062 0.0000000000
19383  29.024  -54.513  -24.291 0.0000000000
18084  28.480  -55.473  -23.440 0.0000000000
19370  28.468  -54.795  -23.532 0.0000000000
18108  29.598  -54.800  -24.526 0.0000000000
19391  29.421  -54.563  -24.469 0.0000000000
19353  28.408  -54.920  -22.749 0.0000000000
20670  28.332  -54.015  -23.069 0.0000000000
20679  28.588  -54.233  -23.828 0.0000000000
20678  29.089  -53.738  -24.038 0.0000000000
20688  29.407  -54.191  -24.358 0.0000000000
19390  29.783  -54.469  -24.362 0.0000000000
20654  28.300  -54.139  -22.206 0.0000000000
22006  28.028  -53.395  -22.371 0.0000000000
22021  28.126  -52.977  -23.148 0.0000000000
20669  28.563  -53.606  -23.568 0.0000000000
22020  28.797  -53.064  -23.673 0.0000000000
22031  29.233  -53.184  -23.962 0.0000000000
20687  29.786  -53.691  -24.311 0.0000000000
20677  29.417  -53.413  -24.155 0.0000000000
19389  30.042  -54.101  -24.076 0.0000000000
20686  30.451  -53.661  -24.181 0.0000000000
22030  29.629  -53.050  -24.146 0.0000000000
22040  29.956  -53.213  -24.280 0.0000000000
22039  30.295  -53.255  -24.326 0.0000000000
21988  28.319  -53.588  -21.554 0.0000000000
21989  27.841  -52.882  -21.698 0.0000000000
22007  27.618  -52.635  -22.487 0.0000000000
23320  27.326  -52.261  -21.811 0.0000000000
23335  27.133  -51.946  -22.486 0.0000000000
22022  27.773  -52.513  -22.920 0.0000000000
23349  27.575  -52.203  -22.817 0.0000000000
23347  28.597  -52.243  -23.466 0.0000000000
23359  29.222  -52.646  -23.813 0.0000000000
23348  27.923  -52.195  -23.128 0.0000000000
23358  29.757  -52.402  -24.000 0.0000000000
23368  30.097  -52.826  -24.287 0.0000000000
22038  30.771  -53.245  -24.342 0.0000000000
23367  30.647  -52.769  -24.438 0.0000000000
23306  27.542  -52.467  -21.008 0.0000000000
23307  26.827  -51.935  -21.167 0.0000000000
23321  26.845  -51.834  -21.989 0.0000000000
23346  29.289  -51.930  -23.690 0.0000000000
24703  28.789  -51.390  -23.470 0.0000000000
24704  28.115  -51.522  -23.217 0.0000000000
24705  27.530  -51.688  -22.971 0.0000000000
24713  29.884  -51.677  -23.946 0.0000000000
23357  30.330  -52.233  -24.241 0.0000000000
23366  31.361  -52.809  -24.795 0.0000000000
24721  30.917  -52.118  -24.600 0.0000000000
24702  29.392  -51.203  -23.690 0.0000000000
26055  29.005  -50.685  -23.555 0.0000000000
26056  28.297  -50.786  -23.374 0.0000000000
26057  27.445  -50.896  -23.222 0.0000000000
24712  30.482  -51.493  -24.324 0.0000000000
26069  29.863  -50.785  -24.024 0.0000000000
24720  31.506  -51.917  -24.960 0.0000000000
26078  31.066  -51.349  -24.760 0.0000000000
26054  29.415  -50.774  -23.738 0.0000000000
26070  29.390  -50.450  -23.755 0.0000000000
27337  28.605  -50.125  -23.391 0.0000000000
27336  29.136  -50.108  -23.606 0.0000000000
27338  27.840  -50.158  -23.331 0.0000000000
26068  30.643  -50.733  -24.486 0.0000000000
27351  30.229  -50.044  -24.273 0.0000000000
27352  29.561  -49.932  -23.865 0.0000000000
26077  31.678  -51.073  -25.060 0.0000000000
26067  31.234  -50.614  -24.798 0.0000000000
28766  29.211  -49.399  -23.347 0.0000000000
28767  28.197  -49.696  -23.002 0.0000000000
27339  27.078  -50.087  -23.362 0.0000000000
28768  27.417  -49.539  -23.107 0.0000000000
26058  26.725  -50.621  -23.303 0.0000000000
27340  26.330  -50.004  -23.339 0.0000000000
28769  26.634  -49.476  -23.151 0.0000000000
27350  30.968  -50.108  -24.680 0.0000000000
28780  30.598  -49.447  -24.457 0.0000000000
28781  29.873  -49.319  -23.920 0.0000000000
28782  29.504  -49.525  -23.760 0.0000000000
28750  29.117  -49.119  -22.360 0.0000000000
28751  28.447  -49.398  -22.433 0.0000000000
30242  29.552  -48.916  -22.925 0.0000000000
30255  29.528  -49.061  -23.274 0.0000000000
28765  29.640  -49.199  -23.604 0.0000000000
30254  29.863  -48.904  -23.501 0.0000000000
28752  27.669  -49.477  -22.437 0.0000000000
28753  26.899  -49.363  -22.504 0.0000000000
28770  25.882  -49.496  -23.132 0.0000000000
28754  26.089  -49.228  -22.603 0.0000000000
27341  25.599  -49.908  -23.188 0.0000000000
28771  25.510  -49.522  -23.154 0.0000000000
28755  25.102  -49.292  -22.792 0.0000000000
27361  31.104  -49.573  -24.853 0.0000000000
28791  30.964  -49.015  -24.727 0.0000000000
30265  30.507  -48.674  -24.197 0.0000000000
30266  30.033  -48.933  -23.913 0.0000000000
28790  31.490  -49.214  -25.107 0.0000000000
30276  30.958  -48.679  -24.588 0.0000000000
30275  31.335  -48.594  -24.862 0.0000000000
30226  29.689  -48.719  -22.174 0.0000000000
30241  30.104  -48.512  -22.768 0.0000000000
30253  30.537  -48.350  -23.349 0.0000000000
31701  31.052  -48.104  -23.856 0.0000000000
31712  31.045  -48.338  -24.256 0.0000000000
30264  31.078  -48.476  -24.479 0.0000000000
30274  31.898  -48.619  -25.339 0.0000000000
31711  31.535  -48.067  -24.460 0.0000000000
31722  31.709  -48.300  -24.954 0.0000000000
31690  31.062  -47.811  -23.095 0.0000000000
31700  31.738  -47.497  -23.647 0.0000000000
31710  32.388  -47.469  -24.340 0.0000000000
31721  32.155  -48.007  -25.026 0.0000000000
30273  32.498  -48.278  -25.494 0.0000000000
31720  33.125  -47.614  -25.236 0.0000000000
30284  33.004  -48.478  -25.927 0.0000000000
31732  33.470  -47.987  -25.934 0.0000000000
31709  32.934  -47.293  -24.537 0.0000000000
33067  33.249  -47.083  -24.603 0.0000000000
31731  34.083  -47.528  -25.937 0.0000000000
31719  33.791  -47.271  -25.382 0.0000000000
33066  33.792  -46.871  -24.889 0.0000000000
33077  34.127  -47.012  -25.430 0.0000000000
31699  32.247  -47.248  -23.824 0.0000000000
33056  32.478  -47.122  -23.897 0.0000000000
33055  32.905  -46.888  -24.002 0.0000000000
31689  31.513  -47.367  -22.876 0.0000000000
33046  31.840  -47.142  -23.188 0.0000000000
33045  32.362  -46.856  -23.399 0.0000000000
31675  31.021  -47.591  -22.128 0.0000000000
30240  30.661  -48.096  -22.597 0.0000000000
31674  31.527  -47.158  -22.417 0.0000000000
33036  31.853  -46.952  -22.742 0.0000000000
30225  30.420  -48.188  -21.968 0.0000000000
30224  30.705  -47.967  -22.238 0.0000000000
31676  30.702  -47.867  -21.865 0.0000000000
31657  30.991  -47.358  -21.274 0.0000000000
31658  30.664  -47.808  -21.483 0.0000000000
33028  31.279  -47.145  -21.611 0.0000000000
33027  31.696  -46.692  -21.910 0.0000000000
31641  30.623  -47.629  -20.598 0.0000000000
30208  30.238  -48.200  -21.042 0.0000000000
31640  30.998  -47.069  -20.682 0.0000000000
33013  31.297  -46.855  -21.155 0.0000000000
31623  30.379  -47.659  -19.603 0.0000000000
30191  30.087  -48.173  -20.194 0.0000000000
31622  30.835  -47.003  -19.972 0.0000000000
32995  31.221  -46.494  -20.437 0.0000000000
31600  30.233  -47.378  -18.788 0.0000000000
30145  30.012  -47.930  -19.039 0.0000000000
30172  29.922  -48.176  -19.516 0.0000000000
31599  30.614  -47.092  -19.286 0.0000000000
28798  33.327  -49.259  -26.121 0.0000000000
30283  33.816  -48.467  -26.270 0.0000000000
28799  32.685  -49.181  -25.938 0.0000000000
30285  32.394  -48.773  -25.743 0.0000000000
28789  32.156  -49.413  -25.515 0.0000000000
30209  29.793  -48.635  -21.395 0.0000000000
28732  29.252  -49.021  -21.573 0.0000000000
30192  29.735  -48.624  -20.632 0.0000000000
28713  29.408  -48.958  -20.969 0.0000000000
30173  29.487  -48.570  -19.856 0.0000000000
28695  29.237  -48.946  -20.401 0.0000000000
30146  29.496  -48.368  -18.994 0.0000000000
28655  29.013  -48.837  -19.373 0.0000000000
28676  29.032  -48.928  -19.918 0.0000000000
30147  28.886  -48.752  -18.659 0.0000000000
30117  29.775  -47.852  -18.466 0.0000000000
30118  29.237  -48.251  -18.203 0.0000000000
30096  28.919  -48.068  -17.537 0.0000000000
30119  28.662  -48.646  -17.940 0.0000000000
31575  29.424  -47.567  -17.851 0.0000000000
31574  29.884  -47.338  -18.235 0.0000000000
27368  32.747  -49.957  -25.842 0.0000000000
27367  33.529  -50.083  -25.916 0.0000000000
28797  34.273  -49.297  -26.170 0.0000000000
27360  31.627  -50.108  -25.080 0.0000000000
27359  32.249  -50.037  -25.455 0.0000000000
27329  24.311  -49.987  -22.512 0.0000000000
27328  25.050  -50.056  -22.886 0.0000000000
28756  24.066  -49.222  -22.599 0.0000000000
28737  25.574  -49.063  -21.961 0.0000000000
30227  24.808  -48.875  -21.928 0.0000000000
30243  24.392  -48.816  -22.389 0.0000000000
28736  26.378  -49.255  -21.841 0.0000000000
28735  27.153  -49.499  -21.778 0.0000000000
28734  27.920  -49.493  -21.723 0.0000000000
28733  28.636  -49.333  -21.657 0.0000000000
28718  25.828  -49.145  -21.072 0.0000000000
30210  25.168  -48.933  -21.380 0.0000000000
28717  26.678  -49.429  -21.057 0.0000000000
28716  27.450  -49.521  -21.023 0.0000000000
28715  28.169  -49.432  -20.975 0.0000000000
28714  28.870  -49.251  -20.863 0.0000000000
28700  26.298  -49.362  -20.275 0.0000000000
28701  25.524  -49.185  -20.162 0.0000000000
28719  25.124  -48.991  -20.760 0.0000000000
28699  27.055  -49.437  -20.306 0.0000000000
28698  27.754  -49.387  -20.314 0.0000000000
28697  28.377  -49.262  -20.302 0.0000000000
28696  28.825  -49.121  -20.240 0.0000000000
28681  26.015  -49.343  -19.468 0.0000000000
28682  25.272  -49.195  -19.318 0.0000000000
30193  24.643  -48.951  -20.028 0.0000000000
28680  26.744  -49.370  -19.563 0.0000000000
28679  27.436  -49.324  -19.628 0.0000000000
28678  28.077  -49.243  -19.686 0.0000000000
28677  28.625  -49.092  -19.767 0.0000000000
28660  25.790  -49.325  -18.678 0.0000000000
28661  25.125  -49.154  -18.520 0.0000000000
30174  24.601  -48.965  -19.031 0.0000000000
28659  26.496  -49.351  -18.808 0.0000000000
28658  27.181  -49.291  -18.915 0.0000000000
28657  27.844  -49.230  -19.011 0.0000000000
28656  28.465  -49.082  -19.142 0.0000000000
28641  25.590  -49.232  -17.919 0.0000000000
28642  24.928  -49.074  -17.827 0.0000000000
30148  24.599  -48.978  -18.355 0.0000000000
28640  26.283  -49.292  -18.057 0.0000000000
28639  26.960  -49.261  -18.196 0.0000000000
28638  27.623  -49.186  -18.313 0.0000000000
28637  28.279  -49.046  -18.445 0.0000000000
28622  25.349  -49.107  -17.177 0.0000000000
28623  24.634  -48.952  -17.170 0.0000000000
30120  24.303  -48.851  -17.843 0.0000000000
28621  26.084  -49.175  -17.296 0.0000000000
28620  26.765  -49.191  -17.491 0.0000000000
28619  27.402  -49.133  -17.631 0.0000000000
28618  28.047  -48.960  -17.746 0.0000000000
28599  25.016  -48.959  -16.494 0.0000000000
28600  24.312  -48.719  -16.514 0.0000000000
30099  23.990  -48.671  -17.221 0.0000000000
28598  25.860  -48.959  -16.419 0.0000000000
28597  26.641  -49.031  -16.774 0.0000000000
28596  27.187  -49.020  -17.064 0.0000000000
30098  27.744  -48.804  -17.100 0.0000000000
30097  28.359  -48.467  -17.273 0.0000000000
28585  25.337  -48.755  -15.897 0.0000000000
28586  24.676  -48.724  -15.937 0.0000000000
28584  25.760  -48.718  -15.914 0.0000000000
30080  26.071  -48.621  -15.913 0.0000000000
30079  26.556  -48.655  -16.156 0.0000000000
30078  27.282  -48.621  -16.477 0.0000000000
26076  32.403  -50.659  -25.388 0.0000000000
26085  32.809  -50.506  -25.777 0.0000000000
26084  33.055  -50.346  -25.817 0.0000000000
26075  33.096  -50.760  -25.498 0.0000000000
27358  33.586  -50.159  -25.135 0.0000000000
27366  33.994  -49.762  -25.480 0.0000000000
27349  31.290  -50.275  -24.840 0.0000000000
26060  25.454  -50.480  -22.954 0.0000000000
26059  26.045  -50.562  -23.165 0.0000000000
24719  32.208  -51.652  -25.139 0.0000000000
24718  32.638  -51.127  -25.310 0.0000000000
24710  32.727  -51.208  -24.928 0.0000000000
26065  33.133  -50.615  -24.704 0.0000000000
23365  31.805  -52.250  -24.975 0.0000000000
23355  31.959  -52.302  -24.643 0.0000000000
24711  32.320  -51.690  -24.495 0.0000000000
23343  31.884  -52.129  -24.041 0.0000000000
24700  32.192  -51.479  -23.830 0.0000000000
26066  32.644  -51.051  -24.274 0.0000000000
24701  31.625  -51.830  -23.459 0.0000000000
26053  31.896  -51.167  -23.236 0.0000000000
26052  32.452  -50.729  -23.558 0.0000000000
22028  31.041  -53.039  -23.946 0.0000000000
23356  31.520  -52.565  -24.235 0.0000000000
23344  31.312  -52.478  -23.641 0.0000000000
22017  30.966  -52.846  -23.481 0.0000000000
23345  30.948  -52.663  -23.190 0.0000000000
23333  31.131  -52.165  -23.058 0.0000000000
23334  30.827  -52.603  -22.672 0.0000000000
24691  30.991  -51.997  -22.441 0.0000000000
24690  31.443  -51.590  -22.819 0.0000000000
23289  27.073  -52.310  -20.293 0.0000000000
24656  26.433  -51.817  -20.319 0.0000000000
24670  26.014  -51.590  -21.011 0.0000000000
24681  26.301  -51.622  -21.744 0.0000000000
23288  27.672  -52.810  -20.207 0.0000000000
21968  28.062  -53.081  -20.882 0.0000000000
23268  27.132  -52.836  -19.360 0.0000000000
24639  26.657  -52.187  -19.718 0.0000000000
23267  27.654  -53.130  -19.746 0.0000000000
21942  28.017  -53.536  -20.134 0.0000000000
23244  26.926  -53.013  -18.910 0.0000000000
21897  27.013  -53.316  -18.728 0.0000000000
21920  27.283  -53.291  -19.101 0.0000000000
21919  27.572  -53.500  -19.380 0.0000000000
23245  26.598  -52.901  -18.619 0.0000000000
23269  26.368  -52.358  -19.116 0.0000000000
20685  30.616  -53.420  -24.232 0.0000000000
20675  30.739  -53.375  -24.070 0.0000000000
20676  30.598  -53.524  -23.818 0.0000000000
22029  30.661  -53.357  -23.576 0.0000000000
22018  30.634  -53.233  -23.095 0.0000000000
20667  30.416  -53.666  -23.409 0.0000000000
20668  30.290  -53.836  -23.057 0.0000000000
22019  30.365  -53.659  -22.826 0.0000000000
22005  30.406  -53.594  -22.517 0.0000000000
22004  30.625  -53.116  -22.315 0.0000000000
20653  30.291  -54.021  -22.696 0.0000000000
20638  30.434  -54.051  -22.255 0.0000000000
21987  30.546  -53.595  -22.079 0.0000000000
21986  30.808  -53.243  -21.673 0.0000000000
23319  30.847  -52.502  -21.985 0.0000000000
21967  28.267  -53.682  -20.734 0.0000000000
20621  28.372  -54.179  -21.154 0.0000000000
20639  28.384  -54.156  -21.680 0.0000000000
20637  30.757  -53.983  -21.857 0.0000000000
20620  31.159  -53.848  -21.434 0.0000000000
21966  31.335  -53.149  -21.166 0.0000000000
23305  31.061  -52.516  -21.402 0.0000000000
21941  28.198  -53.759  -20.393 0.0000000000
20601  28.246  -54.125  -20.312 0.0000000000
20584  27.963  -54.122  -19.631 0.0000000000
20602  28.117  -53.899  -20.016 0.0000000000
21896  27.324  -53.583  -18.936 0.0000000000
20566  27.482  -54.139  -18.773 0.0000000000
20567  27.216  -53.719  -18.670 0.0000000000
19381  30.230  -54.004  -23.673 0.0000000000
19369  30.111  -54.453  -23.129 0.0000000000
19368  30.195  -54.043  -23.267 0.0000000000
19339  28.417  -54.758  -21.761 0.0000000000
19352  30.301  -54.540  -22.500 0.0000000000
19338  30.618  -54.543  -22.129 0.0000000000
19337  31.117  -54.564  -21.765 0.0000000000
19320  28.364  -54.840  -20.858 0.0000000000
19319  31.551  -54.242  -21.458 0.0000000000
20619  31.731  -53.752  -21.205 0.0000000000
20583  28.204  -54.443  -19.870 0.0000000000
19309  28.265  -54.868  -20.075 0.0000000000
19298  27.850  -54.722  -19.067 0.0000000000
19297  28.097  -54.773  -19.546 0.0000000000
19382  30.003  -54.615  -23.846 0.0000000000
18083  29.974  -55.357  -23.491 0.0000000000
18071  30.303  -55.237  -22.696 0.0000000000
18058  28.500  -55.554  -22.244 0.0000000000
18072  28.484  -55.665  -22.909 0.0000000000
18057  30.464  -54.887  -22.353 0.0000000000
18041  28.454  -55.551  -21.386 0.0000000000
18056  30.766  -55.172  -22.226 0.0000000000
18055  31.400  -55.249  -21.997 0.0000000000
19336  31.791  -54.735  -21.659 0.0000000000
18054  32.147  -55.405  -22.062 0.0000000000
19335  32.555  -54.513  -21.641 0.0000000000
19318  32.046  -54.246  -21.379 0.0000000000
18031  28.381  -55.593  -20.467 0.0000000000
18021  28.296  -55.495  -19.432 0.0000000000
18022  28.016  -55.055  -19.237 0.0000000000
16836  29.731  -55.956  -23.871 0.0000000000
16823  28.547  -56.134  -23.337 0.0000000000
16822  29.947  -56.069  -23.494 0.0000000000
16807  30.185  -55.905  -23.122 0.0000000000
16808  28.556  -56.194  -22.673 0.0000000000
16806  30.667  -55.913  -22.676 0.0000000000
18070  30.612  -55.479  -22.493 0.0000000000
16794  30.793  -55.571  -22.420 0.0000000000
16795  28.565  -56.222  -21.929 0.0000000000
16793  31.073  -55.667  -22.325 0.0000000000
16792  31.594  -55.766  -22.278 0.0000000000
16804  32.059  -56.230  -22.562 0.0000000000
18069  32.660  -55.866  -22.453 0.0000000000
18053  32.944  -55.260  -22.209 0.0000000000
16781  28.569  -56.314  -21.070 0.0000000000
16773  28.734  -56.420  -20.025 0.0000000000
18004  28.027  -55.183  -18.886 0.0000000000
18020  28.955  -55.664  -18.989 0.0000000000
16759  28.742  -56.023  -19.366 0.0000000000
18003  28.548  -55.273  -18.583 0.0000000000
18019  29.695  -55.562  -19.116 0.0000000000
16758  29.281  -56.069  -19.465 0.0000000000
18002  29.360  -55.086  -18.530 0.0000000000
18018  30.447  -55.449  -19.341 0.0000000000
16757  30.028  -56.002  -19.614 0.0000000000
18001  30.149  -55.088  -18.820 0.0000000000
18017  31.222  -55.516  -19.329 0.0000000000
16756  30.806  -55.956  -19.734 0.0000000000
18000  30.859  -55.188  -18.855 0.0000000000
18016  31.953  -55.725  -19.221 0.0000000000
16755  31.574  -55.995  -19.750 0.0000000000
17999  31.521  -55.434  -18.654 0.0000000000
19281  30.579  -54.926  -18.406 0.0000000000
19282  30.002  -54.862  -18.332 0.0000000000
19280  31.113  -55.148  -18.374 0.0000000000
17982  31.632  -55.768  -17.912 0.0000000000
17998  32.141  -55.878  -18.566 0.0000000000
19279  31.417  -55.364  -18.244 0.0000000000
17971  31.402  -56.060  -17.408 0.0000000000
16722  31.613  -56.398  -17.534 0.0000000000
16735  32.075  -56.636  -17.896 0.0000000000
17981  32.157  -56.163  -18.181 0.0000000000
17972  30.991  -55.707  -17.221 0.0000000000
17983  31.157  -55.294  -17.689 0.0000000000
19263  31.261  -55.286  -18.039 0.0000000000
15554  28.752  -56.598  -23.688 0.0000000000
15553  29.215  -56.506  -23.928 0.0000000000
15552  29.551  -56.326  -23.994 0.0000000000
15536  29.877  -56.744  -23.566 0.0000000000
15538  28.707  -56.767  -23.075 0.0000000000
15515  30.081  -56.308  -23.347 0.0000000000
15517  28.664  -56.740  -22.420 0.0000000000
15514  30.330  -56.452  -23.103 0.0000000000
15513  30.903  -56.651  -22.891 0.0000000000
16805  31.304  -56.203  -22.558 0.0000000000
15512  31.585  -56.800  -22.905 0.0000000000
15511  32.236  -56.870  -23.057 0.0000000000
16803  32.848  -56.491  -22.930 0.0000000000
15532  32.782  -57.342  -23.627 0.0000000000
16821  33.326  -56.753  -23.390 0.0000000000
16802  33.462  -56.271  -23.122 0.0000000000
18068  33.248  -55.822  -22.697 0.0000000000
15493  28.773  -56.913  -21.756 0.0000000000
15473  28.961  -57.013  -20.932 0.0000000000
16772  29.627  -56.567  -19.907 0.0000000000
15453  29.370  -56.949  -20.405 0.0000000000
16771  30.409  -56.516  -20.020 0.0000000000
15452  30.035  -57.055  -20.389 0.0000000000
16770  31.177  -56.439  -20.148 0.0000000000
15451  30.806  -56.993  -20.467 0.0000000000
16769  31.931  -56.425  -20.192 0.0000000000
15450  31.568  -56.911  -20.554 0.0000000000
16768  32.634  -56.508  -20.155 0.0000000000
15449  32.299  -56.857  -20.598 0.0000000000
16754  32.295  -56.179  -19.676 0.0000000000
15537  29.225  -57.157  -23.475 0.0000000000
15516  29.052  -57.441  -22.584 0.0000000000
14298  29.428  -57.882  -23.253 0.0000000000
14297  29.867  -57.794  -23.607 0.0000000000
14296  30.571  -57.669  -23.567 0.0000000000
15535  30.510  -57.024  -23.198 0.0000000000
15534  31.128  -57.314  -23.177 0.0000000000
14295  31.401  -57.899  -23.671 0.0000000000
15533  31.879  -57.371  -23.380 0.0000000000
14294  32.132  -57.896  -23.909 0.0000000000
14293  32.581  -57.883  -24.091 0.0000000000
14310  32.983  -57.914  -24.340 0.0000000000
15551  33.393  -57.500  -24.085 0.0000000000
15531  33.526  -57.105  -23.755 0.0000000000
15550  34.034  -57.259  -24.279 0.0000000000
16820  33.948  -56.484  -23.609 0.0000000000
15492  29.157  -57.557  -21.624 0.0000000000
14261  29.445  -58.027  -22.142 0.0000000000
14280  29.518  -58.139  -22.759 0.0000000000
15472  29.619  -57.554  -20.924 0.0000000000
14240  29.596  -58.008  -21.544 0.0000000000
15471  30.450  -57.540  -20.859 0.0000000000
14239  30.169  -58.005  -21.368 0.0000000000
15470  31.218  -57.445  -20.919 0.0000000000
14238  30.887  -57.985  -21.303 0.0000000000
15469  31.974  -57.336  -20.999 0.0000000000
14237  31.646  -57.917  -21.328 0.0000000000
15468  32.714  -57.231  -21.037 0.0000000000
14236  32.420  -57.794  -21.417 0.0000000000
15467  33.406  -57.228  -20.891 0.0000000000
14235  33.214  -57.674  -21.427 0.0000000000
15448  32.962  -56.878  -20.548 0.0000000000
14311  32.413  -58.314  -24.514 0.0000000000
14324  33.273  -58.207  -24.871 0.0000000000
14309  33.572  -57.789  -24.509 0.0000000000
14325  32.832  -58.290  -24.705 0.0000000000
14323  34.098  -57.978  -25.049 0.0000000000
13074  29.676  -58.327  -23.228 0.0000000000
13086  29.705  -58.172  -23.489 0.0000000000
13085  30.045  -58.586  -23.605 0.0000000000
14314  30.378  -58.238  -23.886 0.0000000000
14313  30.991  -58.347  -24.019 0.0000000000
14312  31.708  -58.373  -24.269 0.0000000000
14279  29.756  -58.348  -22.415 0.0000000000
13073  29.965  -58.646  -22.840 0.0000000000
14260  29.956  -58.318  -21.971 0.0000000000
13053  29.969  -58.534  -22.368 0.0000000000
14259  30.573  -58.419  -21.780 0.0000000000
13052  30.284  -58.711  -22.281 0.0000000000
14258  31.288  -58.443  -21.725 0.0000000000
13051  30.916  -58.843  -22.205 0.0000000000
14257  32.061  -58.384  -21.770 0.0000000000
13050  31.643  -58.874  -22.201 0.0000000000
14256  32.892  -58.240  -21.958 0.0000000000
13049  32.392  -58.787  -22.286 0.0000000000
14278  33.004  -58.685  -22.417 0.0000000000
14255  33.764  -58.142  -21.900 0.0000000000
14277  33.415  -58.455  -22.290 0.0000000000
14254  34.361  -58.156  -21.582 0.0000000000
13047  34.492  -58.699  -22.316 0.0000000000
13048  33.822  -58.490  -22.345 0.0000000000
14234  34.046  -57.692  -21.132 0.0000000000
14233  34.502  -58.034  -21.196 0.0000000000
13033  34.859  -58.439  -21.266 0.0000000000
11938  30.283  -59.086  -23.263 0.0000000000
11956  30.506  -59.247  -23.810 0.0000000000
13099  30.648  -58.794  -24.089 0.0000000000
13072  30.547  -59.058  -22.739 0.0000000000
13071  31.215  -59.278  -22.684 0.0000000000
11937  30.812  -59.418  -23.264 0.0000000000
13070  31.966  -59.249  -22.736 0.0000000000
11936  31.517  -59.571  -23.281 0.0000000000
13069  32.718  -59.100  -22.812 0.0000000000
11935  32.280  -59.553  -23.324 0.0000000000
13068  33.567  -58.827  -22.794 0.0000000000
11934  33.072  -59.442  -23.345 0.0000000000
13067  34.136  -59.100  -22.887 0.0000000000
11933  33.814  -59.452  -23.252 0.0000000000
11932  34.560  -59.623  -23.007 0.0000000000
13046  34.951  -59.163  -22.234 0.0000000000
11917  34.843  -59.258  -22.512 0.0000000000
13032  35.131  -59.126  -21.701 0.0000000000
11916  35.140  -59.733  -22.329 0.0000000000
11955  31.129  -59.521  -23.840 0.0000000000
11972  30.900  -59.305  -24.256 0.0000000000
11954  31.805  -59.676  -23.927 0.0000000000
11971  31.391  -59.499  -24.327 0.0000000000
11953  32.583  -59.744  -23.967 0.0000000000
11970  32.059  -59.504  -24.641 0.0000000000
11952  33.454  -59.905  -23.903 0.0000000000
11969  32.910  -59.714  -24.588 0.0000000000
11951  34.051  -59.870  -23.546 0.0000000000
10872  33.885  -60.070  -23.831 0.0000000000
10880  33.881  -60.188  -24.133 0.0000000000
11968  33.637  -60.073  -24.741 0.0000000000
11950  34.374  -60.007  -23.474 0.0000000000
10871  34.188  -60.191  -23.802 0.0000000000
10870  34.724  -60.299  -23.600 0.0000000000
11931  34.948  -59.988  -22.832 0.0000000000
10860  34.851  -60.114  -23.080 0.0000000000
10879  34.348  -60.310  -24.410 0.0000000000
10878  35.147  -60.300  -24.513 0.0000000000
10886  34.707  -60.158  -24.912 0.0000000000
11967  34.254  -60.080  -25.055 0.0000000000
10859  35.277  -60.485  -22.925 0.0000000000
10869  35.439  -60.535  -23.798 0.0000000000
10885  35.037  -60.015  -25.000 0.0000000000
11979  34.723  -59.683  -25.335 0.0000000000
11980  33.922  -59.547  -25.370 0.0000000000
11981  33.161  -59.460  -25.156 0.0000000000
11982  32.611  -59.370  -24.954 0.0000000000
13098  31.335  -58.952  -24.493 0.0000000000
13097  32.109  -58.831  -24.715 0.0000000000
13110  32.297  -59.147  -25.011 0.0000000000
13107  34.375  -58.786  -25.649 0.0000000000
13108  33.561  -58.767  -25.287 0.0000000000
13109  32.717  -58.776  -24.960 0.0000000000
13096  32.397  -58.650  -24.772 0.0000000000
19247  30.694  -55.048  -17.459 0.0000000000
19264  30.877  -55.038  -17.980 0.0000000000
19265  30.319  -54.817  -17.900 0.0000000000
24669  31.020  -52.163  -21.655 0.0000000000
24680  31.051  -51.956  -21.918 0.0000000000
24640  26.028  -51.938  -19.624 0.0000000000
23270  25.745  -52.135  -19.061 0.0000000000
24641  25.194  -51.811  -19.390 0.0000000000
24657  25.640  -51.614  -20.228 0.0000000000
24658  24.813  -51.431  -20.173 0.0000000000
24671  25.272  -51.347  -20.882 0.0000000000
24668  31.335  -51.721  -21.447 0.0000000000
24679  31.347  -51.522  -22.167 0.0000000000
26041  31.778  -50.918  -22.547 0.0000000000
26040  32.178  -50.638  -22.995 0.0000000000
26051  32.961  -50.464  -24.032 0.0000000000
30211  24.484  -48.691  -21.082 0.0000000000
27330  23.656  -49.607  -22.359 0.0000000000
28757  23.348  -49.096  -22.323 0.0000000000
30244  23.742  -48.642  -22.366 0.0000000000
28738  23.251  -49.515  -22.045 0.0000000000
28739  22.704  -49.180  -21.959 0.0000000000
28758  22.937  -48.837  -22.265 0.0000000000
30245  23.163  -48.617  -22.249 0.0000000000
30230  22.619  -48.429  -22.055 0.0000000000
30246  22.915  -48.620  -22.222 0.0000000000
30149  24.061  -48.772  -18.554 0.0000000000
30175  23.920  -48.698  -19.397 0.0000000000
30150  23.364  -48.446  -18.755 0.0000000000
30176  23.229  -48.296  -19.616 0.0000000000
30194  23.766  -48.471  -20.344 0.0000000000
31601  22.619  -47.999  -18.992 0.0000000000
31624  22.683  -47.851  -19.889 0.0000000000
30195  23.150  -48.135  -20.252 0.0000000000
30212  23.706  -48.287  -21.196 0.0000000000
31642  23.306  -48.139  -20.738 0.0000000000
30228  24.109  -48.525  -21.837 0.0000000000
30229  23.343  -48.242  -21.866 0.0000000000
31659  23.095  -47.964  -21.217 0.0000000000
31677  22.772  -47.903  -21.661 0.0000000000
28740  21.936  -48.837  -21.862 0.0000000000
30231  21.742  -48.202  -21.816 0.0000000000
31678  22.144  -47.737  -21.649 0.0000000000
28741  21.413  -48.559  -21.619 0.0000000000
30232  21.054  -48.133  -21.546 0.0000000000
31679  21.421  -47.648  -21.549 0.0000000000
30213  21.025  -48.570  -21.323 0.0000000000
30214  20.451  -48.321  -21.160 0.0000000000
30233  20.656  -47.938  -21.402 0.0000000000
31680  20.862  -47.677  -21.425 0.0000000000
33012  31.540  -46.350  -21.043 0.0000000000
34398  31.822  -46.093  -21.373 0.0000000000
33035  32.224  -46.537  -22.600 0.0000000000
33026  32.177  -46.302  -22.188 0.0000000000
34397  32.182  -45.929  -21.831 0.0000000000
34408  32.507  -45.994  -22.460 0.0000000000
34417  32.582  -46.296  -22.960 0.0000000000
33044  32.765  -46.664  -23.611 0.0000000000
34416  33.014  -46.236  -23.424 0.0000000000
34426  33.394  -46.425  -23.920 0.0000000000
33054  33.467  -46.711  -24.318 0.0000000000
34388  31.982  -45.692  -21.289 0.0000000000
35861  32.230  -45.331  -21.521 0.0000000000
35871  32.668  -45.349  -22.186 0.0000000000
34389  31.674  -45.816  -20.821 0.0000000000
35881  32.818  -45.648  -22.601 0.0000000000
34407  32.835  -45.904  -22.870 0.0000000000
35880  33.222  -45.360  -22.906 0.0000000000
35891  33.447  -45.735  -23.420 0.0000000000
34415  33.569  -46.003  -23.706 0.0000000000
34425  33.913  -46.195  -24.215 0.0000000000
35862  31.871  -45.287  -20.997 0.0000000000
37365  32.101  -44.939  -21.241 0.0000000000
37383  32.463  -44.832  -21.677 0.0000000000
35870  33.003  -45.032  -22.414 0.0000000000
37382  32.862  -44.737  -22.108 0.0000000000
37395  33.183  -44.710  -22.512 0.0000000000
32994  31.451  -46.136  -20.615 0.0000000000
28723  20.795  -48.816  -20.948 0.0000000000
28722  21.445  -48.972  -21.262 0.0000000000
28721  22.133  -49.256  -21.442 0.0000000000
28720  22.605  -49.519  -21.472 0.0000000000
27320  22.994  -49.642  -21.695 0.0000000000
28703  21.118  -49.200  -20.578 0.0000000000
28702  21.804  -49.369  -20.890 0.0000000000
27310  22.314  -49.574  -21.111 0.0000000000
26031  31.620  -51.008  -21.882 0.0000000000
