#!ascii label  , from subject  vox2ras=TkReg
931
14724  -28.390  -70.169  -24.920 0.0000000000
13768  -28.710  -70.608  -25.420 0.0000000000
13758  -28.783  -70.896  -24.497 0.0000000000
14712  -28.377  -70.260  -24.093 0.0000000000
14739  -28.307  -69.955  -25.760 0.0000000000
15654  -28.108  -69.660  -24.482 0.0000000000
15668  -28.115  -69.622  -25.250 0.0000000000
13783  -28.658  -70.498  -26.225 0.0000000000
14747  -28.291  -69.914  -26.617 0.0000000000
15682  -28.130  -69.597  -25.629 0.0000000000
14738  -28.119  -69.594  -25.859 0.0000000000
14746  -28.098  -69.591  -26.124 0.0000000000
15681  -27.897  -69.263  -25.757 0.0000000000
15690  -27.860  -69.227  -26.599 0.0000000000
13793  -28.719  -70.419  -26.938 0.0000000000
14753  -28.498  -69.995  -27.399 0.0000000000
15691  -28.089  -69.542  -27.186 0.0000000000
13800  -28.835  -70.314  -27.372 0.0000000000
14754  -29.077  -70.027  -27.680 0.0000000000
15698  -28.273  -69.448  -27.739 0.0000000000
14756  -28.631  -69.796  -27.911 0.0000000000
13801  -29.166  -70.429  -27.172 0.0000000000
14755  -29.618  -70.207  -27.238 0.0000000000
14757  -28.911  -69.749  -28.097 0.0000000000
15699  -29.590  -69.802  -27.688 0.0000000000
15705  -29.306  -69.519  -28.159 0.0000000000
14748  -29.937  -70.047  -26.838 0.0000000000
13795  -29.865  -70.645  -26.676 0.0000000000
13802  -29.483  -70.564  -26.967 0.0000000000
15700  -29.880  -69.586  -27.214 0.0000000000
15704  -28.616  -69.357  -28.280 0.0000000000
15639  -28.173  -69.724  -23.600 0.0000000000
15653  -27.806  -69.072  -24.081 0.0000000000
15667  -27.799  -69.126  -24.938 0.0000000000
16626  -27.478  -68.488  -24.585 0.0000000000
16640  -27.480  -68.610  -25.463 0.0000000000
16656  -27.571  -68.735  -26.169 0.0000000000
16667  -27.455  -68.508  -26.828 0.0000000000
15697  -27.793  -68.916  -27.448 0.0000000000
16675  -27.312  -68.160  -27.514 0.0000000000
15703  -28.103  -68.963  -28.061 0.0000000000
16681  -27.678  -68.415  -28.062 0.0000000000
15706  -29.771  -69.385  -27.822 0.0000000000
15692  -30.054  -69.656  -26.609 0.0000000000
16668  -30.104  -69.015  -26.683 0.0000000000
16676  -30.052  -68.976  -27.543 0.0000000000
16682  -28.293  -68.548  -28.606 0.0000000000
16683  -29.091  -68.970  -28.650 0.0000000000
16684  -29.861  -68.937  -28.367 0.0000000000
16606  -27.481  -68.339  -23.640 0.0000000000
16625  -27.112  -67.941  -24.224 0.0000000000
16639  -27.030  -67.953  -25.141 0.0000000000
17627  -26.750  -67.627  -24.557 0.0000000000
17640  -26.619  -67.490  -25.124 0.0000000000
16655  -27.097  -68.115  -26.168 0.0000000000
17655  -26.628  -67.451  -25.844 0.0000000000
16666  -27.060  -67.940  -27.021 0.0000000000
17668  -26.685  -67.477  -26.659 0.0000000000
16674  -27.051  -67.859  -27.426 0.0000000000
17680  -26.791  -67.556  -27.452 0.0000000000
17681  -27.050  -67.815  -27.661 0.0000000000
17694  -27.096  -67.717  -28.068 0.0000000000
17695  -27.660  -68.042  -28.493 0.0000000000
16687  -28.938  -68.400  -28.990 0.0000000000
16686  -28.465  -68.167  -28.976 0.0000000000
17701  -27.974  -67.806  -28.940 0.0000000000
16688  -29.498  -68.620  -28.873 0.0000000000
16685  -30.349  -68.572  -27.924 0.0000000000
17697  -30.385  -68.298  -28.620 0.0000000000
17696  -29.873  -68.511  -28.815 0.0000000000
17702  -28.696  -67.814  -29.196 0.0000000000
17703  -29.619  -68.019  -29.184 0.0000000000
17609  -26.673  -67.470  -23.641 0.0000000000
17626  -26.349  -67.254  -24.649 0.0000000000
17639  -26.348  -67.169  -25.414 0.0000000000
17654  -26.365  -67.134  -25.810 0.0000000000
18699  -26.366  -67.114  -26.092 0.0000000000
18718  -26.493  -67.228  -26.306 0.0000000000
17667  -26.424  -67.210  -27.147 0.0000000000
18717  -26.210  -66.989  -26.598 0.0000000000
17679  -26.392  -67.153  -27.627 0.0000000000
17693  -26.642  -67.324  -27.875 0.0000000000
17692  -26.399  -67.116  -27.930 0.0000000000
18754  -26.566  -67.130  -28.210 0.0000000000
18755  -26.986  -67.298  -28.531 0.0000000000
17700  -27.386  -67.614  -28.629 0.0000000000
18766  -27.340  -67.112  -28.971 0.0000000000
18767  -28.181  -67.105  -29.307 0.0000000000
18768  -29.046  -67.216  -29.390 0.0000000000
18698  -26.061  -66.891  -25.877 0.0000000000
18736  -26.047  -66.952  -27.310 0.0000000000
18716  -25.755  -66.658  -26.336 0.0000000000
18735  -25.689  -66.696  -26.937 0.0000000000
19843  -25.312  -66.433  -26.559 0.0000000000
19862  -25.185  -66.508  -27.200 0.0000000000
18752  -25.627  -66.736  -27.501 0.0000000000
18753  -26.011  -66.924  -27.938 0.0000000000
19881  -25.256  -66.569  -28.019 0.0000000000
19882  -25.812  -66.716  -28.316 0.0000000000
18764  -26.164  -66.830  -28.409 0.0000000000
18765  -26.616  -66.877  -28.691 0.0000000000
19896  -25.885  -66.437  -28.809 0.0000000000
19897  -26.813  -66.416  -29.158 0.0000000000
19898  -27.557  -66.522  -29.318 0.0000000000
19899  -28.118  -66.450  -29.458 0.0000000000
18775  -28.627  -66.656  -29.477 0.0000000000
19824  -25.452  -66.483  -26.007 0.0000000000
19823  -25.000  -66.201  -26.055 0.0000000000
19842  -24.767  -66.189  -26.702 0.0000000000
19861  -24.569  -66.269  -27.388 0.0000000000
19880  -24.348  -66.223  -28.064 0.0000000000
19895  -24.919  -66.095  -28.687 0.0000000000
19894  -24.091  -65.877  -28.611 0.0000000000
21087  -24.610  -65.558  -29.079 0.0000000000
21088  -25.451  -65.569  -29.302 0.0000000000
21089  -26.356  -65.838  -29.316 0.0000000000
21090  -26.833  -65.952  -29.413 0.0000000000
19907  -27.179  -66.074  -29.452 0.0000000000
21086  -23.857  -65.375  -29.038 0.0000000000
22381  -24.473  -65.001  -29.336 0.0000000000
22382  -24.937  -65.233  -29.320 0.0000000000
21100  -26.146  -65.223  -29.608 0.0000000000
21099  -25.669  -65.083  -29.598 0.0000000000
22394  -25.224  -64.763  -29.558 0.0000000000
21101  -27.004  -65.461  -29.661 0.0000000000
22395  -25.893  -64.722  -29.757 0.0000000000
22396  -26.524  -64.622  -29.802 0.0000000000
22380  -23.737  -64.726  -29.444 0.0000000000
22393  -24.464  -64.365  -29.647 0.0000000000
22392  -23.777  -64.068  -29.797 0.0000000000
23750  -24.410  -63.657  -29.662 0.0000000000
23751  -25.127  -63.956  -29.794 0.0000000000
23752  -25.723  -64.240  -29.801 0.0000000000
23753  -26.102  -64.386  -29.821 0.0000000000
22397  -27.404  -64.613  -29.854 0.0000000000
22383  -26.874  -64.013  -29.501 0.0000000000
23747  -26.251  -64.006  -29.758 0.0000000000
23737  -26.292  -63.865  -29.180 0.0000000000
23746  -25.740  -63.775  -29.445 0.0000000000
23749  -23.691  -63.504  -29.627 0.0000000000
23744  -24.132  -63.195  -28.944 0.0000000000
23745  -25.054  -63.561  -29.175 0.0000000000
22391  -23.372  -63.847  -29.768 0.0000000000
23748  -23.112  -63.610  -29.680 0.0000000000
23743  -23.224  -63.153  -29.316 0.0000000000
22379  -22.898  -64.314  -29.696 0.0000000000
23742  -22.398  -63.501  -29.522 0.0000000000
23736  -25.807  -63.795  -28.622 0.0000000000
23735  -24.918  -63.576  -28.390 0.0000000000
23734  -24.195  -63.378  -28.061 0.0000000000
25038  -23.781  -63.111  -28.323 0.0000000000
25037  -23.325  -62.930  -28.636 0.0000000000
25036  -22.568  -62.893  -28.956 0.0000000000
22378  -21.805  -64.285  -29.696 0.0000000000
23741  -21.449  -63.620  -29.451 0.0000000000
25035  -21.759  -63.070  -29.110 0.0000000000
22377  -20.881  -64.259  -29.612 0.0000000000
23740  -20.676  -63.560  -29.213 0.0000000000
25034  -21.217  -63.245  -29.163 0.0000000000
22376  -20.058  -64.261  -29.346 0.0000000000
23739  -19.957  -63.719  -28.964 0.0000000000
23732  -20.329  -63.260  -28.763 0.0000000000
25029  -21.009  -62.863  -28.710 0.0000000000
22375  -19.490  -64.250  -28.961 0.0000000000
23738  -19.545  -63.821  -28.649 0.0000000000
23731  -19.858  -63.399  -28.515 0.0000000000
22364  -19.142  -64.225  -28.537 0.0000000000
23730  -19.369  -63.579  -28.162 0.0000000000
22366  -26.672  -64.119  -28.569 0.0000000000
23721  -25.405  -63.880  -28.006 0.0000000000
22350  -26.030  -64.139  -27.857 0.0000000000
22365  -26.173  -64.004  -28.357 0.0000000000
23720  -24.855  -63.796  -27.477 0.0000000000
23733  -23.813  -63.276  -27.776 0.0000000000
23719  -24.083  -63.481  -27.401 0.0000000000
25033  -23.791  -63.198  -28.029 0.0000000000
23718  -23.642  -63.258  -27.429 0.0000000000
25032  -23.393  -63.000  -27.887 0.0000000000
25028  -20.221  -62.896  -28.266 0.0000000000
25027  -19.790  -63.189  -28.194 0.0000000000
22363  -18.835  -64.162  -28.031 0.0000000000
23729  -18.984  -63.715  -27.752 0.0000000000
23717  -19.208  -63.318  -27.680 0.0000000000
25019  -19.713  -62.884  -27.823 0.0000000000
22348  -18.776  -64.056  -27.459 0.0000000000
23716  -18.898  -63.536  -27.344 0.0000000000
22349  -25.441  -64.040  -27.620 0.0000000000
23705  -24.981  -64.045  -26.476 0.0000000000
22334  -25.535  -64.207  -27.076 0.0000000000
23704  -24.310  -63.706  -26.722 0.0000000000
23703  -23.709  -63.412  -26.886 0.0000000000
25023  -23.242  -63.068  -27.139 0.0000000000
25018  -19.097  -62.887  -27.301 0.0000000000
22333  -18.697  -63.904  -26.930 0.0000000000
23702  -18.752  -63.353  -26.918 0.0000000000
23689  -25.145  -64.017  -25.608 0.0000000000
22315  -25.768  -64.258  -26.049 0.0000000000
23688  -24.471  -63.805  -25.895 0.0000000000
23687  -23.824  -63.554  -26.153 0.0000000000
25009  -23.249  -63.217  -26.410 0.0000000000
22314  -18.620  -63.654  -26.665 0.0000000000
23686  -18.548  -63.322  -26.521 0.0000000000
25006  -18.717  -62.778  -26.754 0.0000000000
23671  -25.439  -63.896  -24.826 0.0000000000
22294  -25.636  -64.091  -25.375 0.0000000000
23670  -24.661  -63.761  -25.059 0.0000000000
23669  -23.978  -63.575  -25.347 0.0000000000
24996  -23.356  -63.311  -25.629 0.0000000000
22313  -18.442  -64.009  -26.312 0.0000000000
23685  -18.327  -63.292  -26.162 0.0000000000
24993  -18.395  -62.798  -26.327 0.0000000000
23668  -18.092  -63.470  -25.745 0.0000000000
24992  -18.113  -62.828  -25.922 0.0000000000
22295  -26.215  -64.171  -25.018 0.0000000000
23672  -25.951  -63.944  -24.431 0.0000000000
23649  -24.878  -63.639  -24.224 0.0000000000
23650  -25.576  -63.761  -24.029 0.0000000000
23648  -24.094  -63.518  -24.467 0.0000000000
24980  -23.521  -63.342  -24.879 0.0000000000
23625  -25.118  -63.565  -23.420 0.0000000000
23626  -25.839  -63.709  -23.347 0.0000000000
23651  -26.219  -63.914  -23.899 0.0000000000
23624  -24.357  -63.447  -23.513 0.0000000000
24941  -23.686  -63.337  -23.864 0.0000000000
24960  -23.621  -63.357  -24.392 0.0000000000
23601  -24.598  -63.361  -22.705 0.0000000000
23602  -25.453  -63.518  -22.685 0.0000000000
23600  -24.273  -63.357  -23.035 0.0000000000
24925  -23.875  -63.212  -22.897 0.0000000000
23581  -24.656  -63.301  -22.237 0.0000000000
23582  -25.015  -63.336  -21.933 0.0000000000
24906  -24.369  -63.154  -22.085 0.0000000000
24926  -24.281  -63.245  -22.561 0.0000000000
22384  -27.553  -64.345  -29.131 0.0000000000
21085  -22.939  -65.249  -29.110 0.0000000000
21084  -22.051  -65.059  -29.423 0.0000000000
21083  -21.170  -65.019  -29.616 0.0000000000
21082  -20.273  -64.993  -29.569 0.0000000000
21081  -19.296  -64.981  -29.221 0.0000000000
21070  -19.085  -64.586  -28.850 0.0000000000
22351  -26.948  -64.453  -27.609 0.0000000000
22367  -27.648  -64.542  -28.277 0.0000000000
21069  -18.629  -65.002  -28.471 0.0000000000
21052  -18.579  -64.614  -27.596 0.0000000000
22335  -26.334  -64.414  -26.878 0.0000000000
21031  -18.620  -64.355  -27.117 0.0000000000
22316  -26.670  -64.453  -25.936 0.0000000000
22336  -27.168  -64.613  -26.694 0.0000000000
22332  -18.552  -64.287  -26.794 0.0000000000
21030  -18.320  -64.826  -26.856 0.0000000000
19893  -23.308  -65.765  -28.624 0.0000000000
19892  -22.650  -65.844  -28.694 0.0000000000
19891  -22.100  -65.725  -28.968 0.0000000000
19890  -21.377  -65.675  -29.244 0.0000000000
19889  -20.614  -65.686  -29.442 0.0000000000
19888  -19.777  -65.754  -29.420 0.0000000000
19887  -18.861  -65.921  -29.127 0.0000000000
21080  -18.767  -65.335  -29.000 0.0000000000
19874  -18.506  -65.550  -28.879 0.0000000000
19873  -18.105  -66.039  -28.560 0.0000000000
21068  -18.151  -65.492  -28.134 0.0000000000
21051  -18.226  -65.222  -27.643 0.0000000000
19856  -17.859  -65.813  -27.759 0.0000000000
19836  -17.899  -65.606  -26.998 0.0000000000
19879  -23.543  -66.099  -28.101 0.0000000000
19878  -22.786  -66.104  -28.193 0.0000000000
19877  -22.087  -66.141  -28.404 0.0000000000
19876  -21.461  -66.173  -28.737 0.0000000000
19875  -20.820  -66.188  -29.002 0.0000000000
18763  -20.227  -66.256  -29.249 0.0000000000
18762  -19.538  -66.566  -29.161 0.0000000000
18761  -18.799  -66.732  -28.964 0.0000000000
19886  -18.468  -66.347  -28.946 0.0000000000
18760  -18.275  -66.682  -28.818 0.0000000000
19860  -23.789  -66.146  -27.454 0.0000000000
19859  -22.976  -66.124  -27.519 0.0000000000
19858  -22.131  -66.222  -27.665 0.0000000000
19857  -21.344  -66.422  -28.020 0.0000000000
18751  -20.935  -66.475  -28.534 0.0000000000
18750  -20.280  -66.707  -28.662 0.0000000000
18747  -17.917  -66.891  -28.452 0.0000000000
19872  -17.751  -66.561  -28.288 0.0000000000
19855  -17.610  -66.399  -27.917 0.0000000000
18746  -17.582  -66.899  -28.039 0.0000000000
19841  -24.065  -66.057  -26.767 0.0000000000
19840  -23.260  -65.984  -26.800 0.0000000000
19839  -22.357  -66.082  -26.841 0.0000000000
19838  -21.232  -66.289  -26.973 0.0000000000
18715  -20.751  -66.586  -27.621 0.0000000000
18734  -20.705  -66.652  -28.149 0.0000000000
19822  -24.373  -66.007  -26.071 0.0000000000
19821  -23.621  -65.887  -26.057 0.0000000000
19820  -22.761  -65.879  -26.031 0.0000000000
19819  -21.793  -66.008  -25.994 0.0000000000
19837  -20.571  -66.343  -26.608 0.0000000000
18714  -20.294  -66.616  -27.086 0.0000000000
19818  -20.667  -66.176  -25.870 0.0000000000
18696  -20.123  -66.386  -26.454 0.0000000000
18697  -25.730  -66.664  -25.960 0.0000000000
18682  -25.674  -66.643  -25.584 0.0000000000
19805  -25.260  -66.349  -25.479 0.0000000000
19804  -24.718  -66.063  -25.405 0.0000000000
19803  -24.020  -65.908  -25.326 0.0000000000
19802  -23.220  -65.808  -25.238 0.0000000000
19801  -22.340  -65.816  -25.154 0.0000000000
19800  -21.429  -65.898  -25.041 0.0000000000
18670  -25.550  -66.623  -24.971 0.0000000000
19789  -25.081  -66.270  -24.799 0.0000000000
19788  -24.451  -66.028  -24.644 0.0000000000
19787  -23.703  -65.873  -24.483 0.0000000000
19786  -22.865  -65.723  -24.323 0.0000000000
19785  -21.987  -65.674  -24.250 0.0000000000
18653  -25.441  -66.614  -24.260 0.0000000000
19767  -24.892  -66.270  -24.032 0.0000000000
19766  -24.230  -65.988  -23.799 0.0000000000
19765  -23.440  -65.738  -23.548 0.0000000000
19764  -22.499  -65.444  -23.245 0.0000000000
18635  -25.385  -66.502  -23.494 0.0000000000
19746  -24.807  -66.143  -23.191 0.0000000000
19745  -24.095  -65.846  -22.898 0.0000000000
19744  -23.262  -65.479  -22.556 0.0000000000
18614  -25.352  -66.360  -22.751 0.0000000000
19721  -24.834  -66.010  -22.172 0.0000000000
19720  -24.000  -65.671  -22.144 0.0000000000
18615  -25.799  -66.559  -21.917 0.0000000000
19722  -25.252  -66.148  -21.611 0.0000000000
19695  -24.879  -65.923  -21.295 0.0000000000
19694  -24.345  -65.691  -21.555 0.0000000000
18749  -19.326  -67.140  -28.267 0.0000000000
18748  -18.473  -67.203  -28.556 0.0000000000
18733  -20.160  -66.829  -27.866 0.0000000000
18732  -19.525  -66.952  -27.396 0.0000000000
17678  -19.174  -67.179  -27.660 0.0000000000
17691  -18.985  -67.297  -27.772 0.0000000000
17690  -18.630  -67.402  -27.909 0.0000000000
17689  -18.029  -67.385  -28.105 0.0000000000
17688  -17.700  -67.196  -28.153 0.0000000000
18713  -19.648  -66.705  -26.716 0.0000000000
18683  -25.986  -66.905  -25.168 0.0000000000
18671  -25.919  -66.905  -24.492 0.0000000000
17608  -26.226  -67.133  -24.135 0.0000000000
18654  -25.972  -66.893  -23.756 0.0000000000
18655  -26.244  -66.991  -23.277 0.0000000000
18636  -25.863  -66.705  -22.985 0.0000000000
18637  -26.346  -67.041  -22.712 0.0000000000
18594  -26.513  -66.979  -21.219 0.0000000000
18593  -26.017  -66.572  -20.785 0.0000000000
18616  -26.518  -67.103  -21.976 0.0000000000
19696  -25.442  -66.176  -21.062 0.0000000000
17557  -26.978  -67.424  -20.708 0.0000000000
18575  -26.575  -66.966  -20.361 0.0000000000
17574  -26.982  -67.494  -21.558 0.0000000000
16605  -27.123  -67.895  -23.759 0.0000000000
17610  -27.161  -67.891  -23.512 0.0000000000
17592  -27.282  -67.940  -22.995 0.0000000000
17591  -26.870  -67.532  -22.475 0.0000000000
16588  -27.741  -68.594  -22.686 0.0000000000
17575  -27.498  -68.056  -21.989 0.0000000000
16569  -27.881  -68.676  -21.941 0.0000000000
16551  -27.855  -68.570  -21.245 0.0000000000
17558  -27.476  -67.919  -20.992 0.0000000000
16538  -27.762  -68.483  -20.367 0.0000000000
17541  -27.353  -67.840  -20.097 0.0000000000
17540  -26.939  -67.386  -20.031 0.0000000000
15638  -27.891  -69.061  -23.242 0.0000000000
15626  -27.952  -69.086  -22.723 0.0000000000
15607  -28.036  -69.113  -22.250 0.0000000000
15590  -28.154  -69.133  -21.531 0.0000000000
15579  -28.151  -69.290  -20.663 0.0000000000
15568  -27.903  -69.126  -19.738 0.0000000000
16526  -27.497  -68.347  -19.531 0.0000000000
15683  -30.334  -69.525  -25.977 0.0000000000
14740  -30.212  -70.125  -26.387 0.0000000000
14705  -28.374  -70.260  -23.554 0.0000000000
14696  -28.362  -70.250  -23.026 0.0000000000
15627  -28.166  -69.580  -22.713 0.0000000000
14683  -28.337  -70.242  -22.240 0.0000000000
15608  -28.273  -69.650  -21.903 0.0000000000
14669  -28.355  -70.217  -21.490 0.0000000000
15591  -28.306  -69.688  -21.182 0.0000000000
14657  -28.313  -70.174  -20.755 0.0000000000
15580  -28.291  -69.729  -20.777 0.0000000000
14656  -28.262  -69.793  -20.541 0.0000000000
14642  -28.156  -70.004  -20.033 0.0000000000
14741  -30.604  -70.158  -25.950 0.0000000000
13785  -30.397  -70.712  -26.195 0.0000000000
13750  -28.510  -70.840  -23.497 0.0000000000
13738  -28.380  -70.914  -22.566 0.0000000000
13723  -28.350  -70.855  -21.749 0.0000000000
13711  -28.338  -70.701  -21.132 0.0000000000
13702  -28.288  -70.828  -20.596 0.0000000000
14643  -28.264  -70.444  -20.344 0.0000000000
13691  -28.207  -70.775  -20.019 0.0000000000
13794  -29.242  -70.745  -26.594 0.0000000000
12832  -29.892  -71.165  -26.028 0.0000000000
12842  -29.615  -70.969  -26.419 0.0000000000
12841  -29.447  -71.026  -26.161 0.0000000000
13784  -29.103  -70.878  -25.900 0.0000000000
12833  -30.594  -71.306  -25.890 0.0000000000
13786  -30.933  -70.714  -25.824 0.0000000000
12831  -29.422  -71.173  -25.759 0.0000000000
13769  -29.178  -71.119  -25.175 0.0000000000
12818  -29.603  -71.386  -25.401 0.0000000000
12802  -29.498  -71.647  -24.567 0.0000000000
13759  -29.119  -71.254  -24.661 0.0000000000
12801  -29.073  -71.346  -24.387 0.0000000000
12788  -28.902  -71.637  -23.840 0.0000000000
12774  -28.492  -71.666  -22.902 0.0000000000
12761  -28.318  -71.608  -21.992 0.0000000000
12748  -28.276  -71.412  -21.095 0.0000000000
12735  -28.219  -71.441  -20.261 0.0000000000
12718  -28.124  -71.310  -19.546 0.0000000000
13690  -27.988  -70.629  -19.398 0.0000000000
12717  -27.911  -71.113  -19.050 0.0000000000
13675  -27.791  -70.701  -18.806 0.0000000000
14625  -27.746  -69.875  -18.949 0.0000000000
12820  -30.831  -71.611  -25.307 0.0000000000
12819  -30.128  -71.540  -25.337 0.0000000000
12834  -31.114  -71.274  -25.701 0.0000000000
12804  -31.108  -71.924  -24.703 0.0000000000
12803  -30.360  -71.850  -24.680 0.0000000000
12821  -31.632  -71.477  -25.355 0.0000000000
11870  -30.639  -72.261  -24.096 0.0000000000
11871  -31.345  -72.259  -24.089 0.0000000000
12805  -31.829  -72.000  -24.629 0.0000000000
11869  -29.919  -72.206  -24.098 0.0000000000
11868  -29.509  -72.108  -24.064 0.0000000000
12789  -29.252  -72.025  -23.960 0.0000000000
11858  -29.391  -72.592  -23.621 0.0000000000
11857  -29.049  -72.184  -23.662 0.0000000000
11846  -28.730  -72.512  -23.193 0.0000000000
11834  -28.331  -72.431  -22.284 0.0000000000
11822  -28.216  -72.296  -21.361 0.0000000000
11808  -28.197  -72.079  -20.596 0.0000000000
11793  -28.314  -72.201  -19.717 0.0000000000
12698  -28.166  -71.682  -18.834 0.0000000000
11861  -31.620  -72.300  -23.484 0.0000000000
11860  -30.949  -72.492  -23.457 0.0000000000
11872  -31.920  -72.271  -24.052 0.0000000000
11859  -30.145  -72.722  -23.478 0.0000000000
11850  -31.994  -72.001  -23.043 0.0000000000
11849  -31.192  -72.086  -22.732 0.0000000000
11862  -32.230  -72.189  -23.623 0.0000000000
11848  -30.533  -72.633  -22.818 0.0000000000
10917  -30.012  -73.034  -22.886 0.0000000000
10933  -29.852  -73.067  -23.192 0.0000000000
10932  -29.708  -72.985  -23.380 0.0000000000
10916  -29.428  -73.254  -22.963 0.0000000000
11847  -29.066  -72.938  -23.251 0.0000000000
12776  -31.707  -71.430  -22.426 0.0000000000
11851  -32.432  -71.998  -23.296 0.0000000000
12777  -32.683  -71.634  -22.964 0.0000000000
11836  -30.954  -71.826  -22.298 0.0000000000
11835  -30.493  -72.162  -22.112 0.0000000000
12775  -31.199  -71.681  -22.357 0.0000000000
10902  -30.093  -72.854  -22.340 0.0000000000
10915  -28.894  -73.162  -22.961 0.0000000000
10900  -28.512  -73.191  -22.500 0.0000000000
12763  -30.966  -71.406  -21.969 0.0000000000
11823  -30.121  -72.190  -21.295 0.0000000000
10887  -29.954  -72.772  -21.695 0.0000000000
12762  -30.395  -71.699  -21.601 0.0000000000
10886  -28.293  -73.138  -21.621 0.0000000000
11809  -30.176  -72.269  -20.674 0.0000000000
10870  -29.979  -72.936  -20.875 0.0000000000
12736  -30.182  -71.924  -20.917 0.0000000000
12749  -30.286  -71.714  -21.142 0.0000000000
10869  -28.324  -72.946  -20.558 0.0000000000
10871  -30.318  -72.776  -20.259 0.0000000000
11810  -30.433  -72.196  -20.236 0.0000000000
12737  -30.400  -71.592  -20.618 0.0000000000
10849  -28.840  -73.149  -19.565 0.0000000000
11774  -28.766  -72.597  -18.724 0.0000000000
10828  -28.991  -72.996  -19.033 0.0000000000
10829  -29.296  -73.279  -18.774 0.0000000000
11775  -29.072  -72.907  -18.538 0.0000000000
11753  -29.068  -72.909  -18.111 0.0000000000
11752  -28.626  -72.462  -17.846 0.0000000000
12672  -28.273  -71.984  -18.064 0.0000000000
10811  -29.387  -73.224  -18.056 0.0000000000
10794  -29.255  -73.327  -17.358 0.0000000000
11733  -28.812  -72.834  -17.530 0.0000000000
10901  -29.764  -73.242  -22.490 0.0000000000
9984  -29.352  -73.530  -22.184 0.0000000000
9998  -29.236  -73.482  -22.589 0.0000000000
9997  -28.984  -73.591  -22.616 0.0000000000
9985  -29.784  -73.197  -22.037 0.0000000000
9983  -28.708  -73.769  -21.933 0.0000000000
9971  -29.699  -73.389  -21.459 0.0000000000
9969  -28.603  -73.716  -21.001 0.0000000000
10851  -30.626  -73.233  -19.835 0.0000000000
9958  -30.187  -73.335  -20.256 0.0000000000
11794  -30.717  -72.545  -19.837 0.0000000000
9957  -29.774  -73.699  -20.597 0.0000000000
9955  -28.747  -73.559  -20.186 0.0000000000
9944  -30.985  -73.671  -19.345 0.0000000000
9943  -30.280  -73.818  -19.743 0.0000000000
10852  -31.125  -72.981  -19.438 0.0000000000
9940  -28.891  -73.479  -19.859 0.0000000000
9941  -29.094  -73.645  -19.809 0.0000000000
10850  -29.182  -73.447  -19.399 0.0000000000
9923  -29.403  -73.682  -19.382 0.0000000000
9924  -29.871  -73.867  -19.082 0.0000000000
10830  -29.797  -73.681  -18.558 0.0000000000
10812  -29.752  -73.568  -18.001 0.0000000000
9909  -30.214  -73.948  -18.352 0.0000000000
9892  -30.274  -74.099  -17.461 0.0000000000
10795  -29.755  -73.694  -17.477 0.0000000000
9891  -29.680  -73.857  -17.146 0.0000000000
9970  -29.240  -73.863  -21.304 0.0000000000
9956  -29.158  -73.838  -20.464 0.0000000000
9942  -29.583  -73.954  -19.852 0.0000000000
9926  -31.427  -74.016  -18.693 0.0000000000
9925  -30.619  -74.080  -18.918 0.0000000000
10831  -31.511  -73.394  -19.060 0.0000000000
9911  -31.574  -74.293  -18.056 0.0000000000
9910  -30.878  -74.335  -18.070 0.0000000000
9927  -31.819  -73.957  -18.279 0.0000000000
10832  -32.083  -73.388  -18.480 0.0000000000
9111  -31.295  -74.547  -17.667 0.0000000000
9112  -31.731  -74.404  -17.586 0.0000000000
9912  -32.076  -73.979  -17.781 0.0000000000
9110  -30.988  -74.495  -17.637 0.0000000000
9893  -30.760  -74.419  -17.535 0.0000000000
9090  -30.997  -74.689  -17.282 0.0000000000
9089  -30.653  -74.473  -17.239 0.0000000000
9068  -30.519  -74.773  -16.744 0.0000000000
9872  -29.899  -74.254  -16.828 0.0000000000
9092  -32.090  -74.396  -17.155 0.0000000000
9091  -31.577  -74.716  -17.215 0.0000000000
9071  -32.391  -74.350  -16.467 0.0000000000
9070  -31.965  -74.906  -16.665 0.0000000000
9894  -32.492  -73.758  -17.026 0.0000000000
9069  -31.299  -75.104  -16.765 0.0000000000
9050  -32.725  -74.284  -15.643 0.0000000000
8239  -32.300  -74.894  -16.049 0.0000000000
9873  -32.747  -73.844  -16.252 0.0000000000
8238  -31.792  -75.617  -16.049 0.0000000000
8237  -30.917  -75.662  -16.391 0.0000000000
8219  -32.418  -75.193  -15.336 0.0000000000
8218  -32.022  -76.035  -15.074 0.0000000000
7415  -31.597  -76.274  -15.577 0.0000000000
7414  -31.195  -76.280  -15.979 0.0000000000
9895  -32.768  -73.574  -16.648 0.0000000000
10797  -32.908  -73.259  -16.927 0.0000000000
10796  -32.660  -73.342  -17.298 0.0000000000
10813  -32.454  -73.393  -17.704 0.0000000000
9874  -32.980  -73.461  -16.397 0.0000000000
10814  -32.874  -73.005  -17.542 0.0000000000
11754  -32.604  -72.890  -18.074 0.0000000000
11734  -33.280  -72.702  -17.151 0.0000000000
11755  -33.156  -72.266  -17.941 0.0000000000
11776  -31.690  -72.688  -19.049 0.0000000000
11777  -32.373  -72.307  -18.586 0.0000000000
11795  -31.186  -72.191  -19.464 0.0000000000
12699  -31.728  -71.762  -19.073 0.0000000000
11778  -32.810  -71.672  -18.405 0.0000000000
12700  -32.300  -71.363  -18.726 0.0000000000
12673  -33.412  -71.267  -18.211 0.0000000000
12701  -32.797  -71.124  -18.516 0.0000000000
12719  -30.737  -71.795  -19.930 0.0000000000
12720  -31.179  -71.334  -19.529 0.0000000000
12790  -32.787  -72.015  -23.643 0.0000000000
12806  -32.529  -72.060  -24.316 0.0000000000
13676  -31.678  -70.678  -19.109 0.0000000000
13677  -32.427  -70.617  -18.660 0.0000000000
13678  -32.969  -70.669  -18.433 0.0000000000
13692  -30.799  -70.959  -20.142 0.0000000000
13693  -31.170  -70.657  -19.675 0.0000000000
13703  -30.724  -70.867  -20.854 0.0000000000
12750  -30.566  -71.294  -21.287 0.0000000000
13712  -31.020  -70.767  -21.439 0.0000000000
13724  -31.279  -70.944  -21.854 0.0000000000
12764  -31.397  -71.159  -22.074 0.0000000000
13725  -31.673  -70.894  -22.032 0.0000000000
13739  -31.958  -71.006  -22.235 0.0000000000
13740  -32.364  -71.058  -22.412 0.0000000000
12791  -33.434  -71.771  -23.586 0.0000000000
12778  -33.557  -71.419  -23.040 0.0000000000
13741  -33.073  -71.033  -22.621 0.0000000000
12792  -34.135  -71.446  -23.573 0.0000000000
12779  -33.987  -71.292  -23.096 0.0000000000
13742  -33.863  -70.915  -22.766 0.0000000000
13751  -34.291  -71.191  -23.147 0.0000000000
12807  -33.241  -71.858  -24.211 0.0000000000
12808  -33.924  -71.544  -24.280 0.0000000000
12809  -34.343  -71.430  -24.065 0.0000000000
12793  -34.520  -71.326  -23.911 0.0000000000
13752  -34.750  -71.082  -23.565 0.0000000000
13761  -34.562  -71.044  -24.382 0.0000000000
12822  -32.421  -71.617  -25.007 0.0000000000
12823  -33.086  -71.641  -24.743 0.0000000000
12824  -33.506  -71.615  -24.566 0.0000000000
13760  -34.127  -71.260  -24.668 0.0000000000
13774  -33.717  -71.308  -24.931 0.0000000000
13772  -32.340  -70.979  -25.401 0.0000000000
13771  -31.739  -70.677  -25.457 0.0000000000
13787  -31.396  -70.937  -25.680 0.0000000000
13773  -33.042  -71.210  -25.267 0.0000000000
14627  -32.140  -69.918  -18.888 0.0000000000
14626  -31.706  -69.823  -19.303 0.0000000000
14645  -31.358  -70.055  -19.687 0.0000000000
14628  -32.823  -69.962  -18.542 0.0000000000
14644  -31.043  -70.331  -20.068 0.0000000000
14658  -30.980  -70.364  -20.615 0.0000000000
14670  -31.008  -70.477  -21.019 0.0000000000
13713  -31.421  -70.588  -21.694 0.0000000000
14671  -31.504  -70.062  -21.236 0.0000000000
14684  -31.759  -70.409  -21.804 0.0000000000
13726  -32.106  -70.658  -22.080 0.0000000000
14685  -32.259  -70.051  -21.767 0.0000000000
13727  -32.682  -70.587  -22.203 0.0000000000
14686  -33.013  -70.149  -22.020 0.0000000000
13728  -33.307  -70.591  -22.362 0.0000000000
14687  -33.900  -70.238  -22.276 0.0000000000
14697  -34.248  -70.631  -22.661 0.0000000000
13743  -34.508  -70.885  -22.944 0.0000000000
14698  -34.690  -70.450  -22.669 0.0000000000
13744  -35.032  -70.745  -23.066 0.0000000000
13753  -35.336  -70.717  -23.476 0.0000000000
14699  -35.596  -70.177  -22.883 0.0000000000
13762  -35.204  -70.779  -24.020 0.0000000000
13775  -34.169  -70.985  -24.876 0.0000000000
13770  -31.296  -70.485  -25.534 0.0000000000
14726  -31.452  -69.977  -25.164 0.0000000000
14727  -32.151  -70.297  -25.135 0.0000000000
14728  -32.846  -70.542  -25.110 0.0000000000
14729  -33.555  -70.721  -25.151 0.0000000000
14730  -33.959  -70.857  -25.072 0.0000000000
14725  -30.956  -70.090  -25.548 0.0000000000
15550  -31.976  -69.369  -19.210 0.0000000000
15569  -31.708  -69.241  -19.860 0.0000000000
15551  -32.542  -69.190  -18.905 0.0000000000
14659  -31.324  -69.834  -20.375 0.0000000000
15581  -31.843  -69.303  -20.780 0.0000000000
15592  -31.932  -69.583  -21.197 0.0000000000
14672  -32.019  -69.737  -21.396 0.0000000000
15593  -32.489  -69.384  -21.292 0.0000000000
15609  -32.739  -69.799  -21.721 0.0000000000
15610  -33.238  -69.676  -21.782 0.0000000000
15611  -34.031  -69.471  -21.860 0.0000000000
14688  -34.763  -69.893  -22.274 0.0000000000
15612  -34.935  -69.139  -21.877 0.0000000000
14689  -35.307  -69.676  -22.326 0.0000000000
15613  -35.861  -69.387  -22.358 0.0000000000
14714  -31.881  -69.754  -24.749 0.0000000000
14715  -32.588  -69.961  -24.745 0.0000000000
15684  -30.663  -69.793  -25.659 0.0000000000
15570  -32.179  -68.931  -19.406 0.0000000000
16528  -32.363  -68.531  -19.947 0.0000000000
16527  -32.084  -68.922  -20.406 0.0000000000
16511  -32.588  -68.571  -19.264 0.0000000000
16539  -32.156  -68.991  -20.669 0.0000000000
15582  -32.236  -69.081  -20.881 0.0000000000
16540  -32.556  -68.753  -20.749 0.0000000000
16552  -32.915  -68.950  -21.127 0.0000000000
15594  -33.339  -69.147  -21.411 0.0000000000
16553  -33.357  -68.607  -21.021 0.0000000000
15595  -34.071  -68.840  -21.405 0.0000000000
16554  -34.174  -68.055  -20.939 0.0000000000
15596  -34.611  -68.592  -21.417 0.0000000000
16555  -35.285  -68.344  -21.454 0.0000000000
16570  -35.545  -68.891  -21.909 0.0000000000
16529  -32.967  -68.085  -19.551 0.0000000000
16541  -33.236  -68.094  -20.366 0.0000000000
17526  -33.477  -67.661  -19.854 0.0000000000
17542  -33.624  -67.732  -20.224 0.0000000000
16542  -33.767  -67.816  -20.442 0.0000000000
16571  -36.078  -68.667  -21.948 0.0000000000
22274  -26.303  -64.054  -24.358 0.0000000000
24907  -24.719  -63.238  -21.757 0.0000000000
24905  -23.435  -62.842  -22.055 0.0000000000
24876  -23.908  -62.810  -21.330 0.0000000000
24877  -24.795  -63.138  -21.266 0.0000000000
24924  -22.905  -62.814  -22.736 0.0000000000
24940  -23.062  -63.029  -23.592 0.0000000000
24939  -22.354  -62.634  -23.389 0.0000000000
24958  -22.451  -62.780  -24.347 0.0000000000
24959  -23.199  -63.169  -24.357 0.0000000000
26328  -21.769  -62.351  -23.987 0.0000000000
26343  -21.799  -62.434  -24.705 0.0000000000
24979  -22.904  -63.038  -25.076 0.0000000000
24978  -22.160  -62.639  -25.337 0.0000000000
26361  -21.595  -62.218  -25.207 0.0000000000
24995  -22.752  -62.942  -25.904 0.0000000000
24994  -22.160  -62.551  -26.252 0.0000000000
26375  -21.661  -62.178  -25.854 0.0000000000
24977  -17.752  -62.904  -25.481 0.0000000000
26372  -17.663  -62.089  -25.895 0.0000000000
26373  -18.185  -62.445  -26.130 0.0000000000
26388  -18.431  -62.079  -26.499 0.0000000000
25008  -22.712  -62.827  -26.710 0.0000000000
25007  -22.158  -62.438  -27.051 0.0000000000
26390  -21.663  -62.070  -26.631 0.0000000000
26400  -19.009  -62.181  -27.030 0.0000000000
25022  -22.725  -62.724  -27.478 0.0000000000
25021  -22.109  -62.409  -27.814 0.0000000000
26404  -21.604  -62.042  -27.403 0.0000000000
26401  -19.600  -62.228  -27.395 0.0000000000
25020  -20.112  -62.665  -27.935 0.0000000000
26402  -20.264  -62.275  -27.691 0.0000000000
26408  -20.332  -62.568  -27.994 0.0000000000
25031  -22.693  -62.712  -28.231 0.0000000000
25030  -21.929  -62.652  -28.517 0.0000000000
26410  -21.388  -62.285  -28.102 0.0000000000
26409  -20.678  -62.440  -28.101 0.0000000000
26305  -21.738  -62.263  -23.112 0.0000000000
26327  -21.150  -61.977  -23.736 0.0000000000
26342  -21.198  -61.928  -24.656 0.0000000000
26341  -20.708  -61.699  -24.195 0.0000000000
27679  -20.536  -61.361  -24.738 0.0000000000
27680  -20.871  -61.492  -25.201 0.0000000000
26360  -21.227  -61.819  -25.486 0.0000000000
27695  -20.848  -61.350  -25.794 0.0000000000
26374  -21.234  -61.684  -26.211 0.0000000000
26359  -17.415  -62.581  -25.435 0.0000000000
26358  -16.987  -62.380  -25.373 0.0000000000
26371  -16.729  -61.831  -25.720 0.0000000000
27707  -17.018  -61.454  -26.116 0.0000000000
26387  -18.020  -61.622  -26.407 0.0000000000
27725  -17.545  -61.172  -26.504 0.0000000000
27709  -20.723  -61.256  -26.502 0.0000000000
26389  -21.100  -61.630  -27.021 0.0000000000
27726  -18.381  -61.147  -26.726 0.0000000000
27737  -18.870  -61.566  -26.918 0.0000000000
27729  -20.528  -61.345  -27.087 0.0000000000
26403  -20.940  -62.021  -27.649 0.0000000000
27740  -20.590  -61.716  -27.426 0.0000000000
27738  -19.409  -61.529  -27.222 0.0000000000
27739  -20.051  -61.585  -27.412 0.0000000000
27659  -20.270  -61.462  -24.239 0.0000000000
27678  -19.926  -61.085  -24.610 0.0000000000
27693  -20.157  -61.045  -25.018 0.0000000000
27694  -20.422  -61.137  -25.376 0.0000000000
29040  -19.746  -60.802  -25.128 0.0000000000
29041  -20.095  -60.946  -25.277 0.0000000000
27708  -20.357  -60.993  -26.035 0.0000000000
29057  -20.036  -60.830  -25.604 0.0000000000
27706  -16.357  -61.339  -26.085 0.0000000000
27724  -16.733  -60.950  -26.436 0.0000000000
27728  -20.017  -60.921  -26.842 0.0000000000
29075  -19.934  -60.678  -26.126 0.0000000000
27723  -15.996  -60.906  -26.467 0.0000000000
29070  -16.347  -60.444  -26.681 0.0000000000
29071  -17.089  -60.469  -26.693 0.0000000000
29072  -17.912  -60.316  -26.775 0.0000000000
29073  -18.740  -60.362  -26.640 0.0000000000
27727  -19.114  -60.844  -27.122 0.0000000000
29074  -19.442  -60.478  -26.422 0.0000000000
29020  -19.587  -60.887  -24.774 0.0000000000
29039  -19.123  -60.507  -25.187 0.0000000000
29019  -19.381  -60.767  -24.886 0.0000000000
29056  -19.588  -60.494  -25.713 0.0000000000
29055  -18.953  -60.194  -25.884 0.0000000000
29069  -15.602  -60.427  -26.742 0.0000000000
30398  -15.956  -59.945  -26.644 0.0000000000
30399  -16.668  -59.986  -26.597 0.0000000000
30400  -17.290  -59.966  -26.634 0.0000000000
29054  -18.332  -59.908  -26.152 0.0000000000
30389  -17.692  -59.766  -26.285 0.0000000000
30377  -17.931  -59.834  -25.815 0.0000000000
30388  -17.004  -59.735  -26.211 0.0000000000
30376  -17.415  -59.816  -25.689 0.0000000000
30397  -15.257  -59.954  -26.641 0.0000000000
30386  -15.552  -59.712  -26.225 0.0000000000
30387  -16.284  -59.714  -26.200 0.0000000000
30375  -16.630  -59.807  -25.658 0.0000000000
30374  -15.866  -59.803  -25.673 0.0000000000
30385  -14.808  -59.740  -26.293 0.0000000000
30373  -15.164  -59.837  -25.737 0.0000000000
29038  -18.121  -60.297  -25.201 0.0000000000
29037  -17.015  -60.156  -25.148 0.0000000000
29036  -16.171  -60.110  -25.155 0.0000000000
29035  -15.412  -60.096  -25.214 0.0000000000
30372  -14.636  -59.844  -25.784 0.0000000000
29034  -14.728  -60.051  -25.327 0.0000000000
29033  -14.112  -59.981  -25.625 0.0000000000
30384  -14.398  -59.814  -26.027 0.0000000000
27692  -19.142  -60.731  -24.849 0.0000000000
27691  -18.804  -60.725  -24.833 0.0000000000
29018  -17.822  -60.747  -24.597 0.0000000000
27676  -18.372  -61.078  -24.363 0.0000000000
29017  -17.278  -60.594  -24.633 0.0000000000
29016  -16.454  -60.503  -24.635 0.0000000000
29015  -15.653  -60.420  -24.665 0.0000000000
29014  -14.894  -60.358  -24.765 0.0000000000
29013  -14.169  -60.286  -24.942 0.0000000000
27677  -19.263  -61.006  -24.526 0.0000000000
27675  -17.519  -61.070  -24.201 0.0000000000
27674  -16.723  -61.006  -24.154 0.0000000000
27673  -15.895  -60.895  -24.155 0.0000000000
27672  -15.100  -60.756  -24.220 0.0000000000
27671  -14.327  -60.672  -24.358 0.0000000000
27658  -19.780  -61.400  -24.034 0.0000000000
27657  -19.100  -61.432  -23.870 0.0000000000
27655  -17.870  -61.509  -23.727 0.0000000000
27656  -18.514  -61.565  -23.689 0.0000000000
27654  -17.077  -61.476  -23.672 0.0000000000
27653  -16.159  -61.441  -23.525 0.0000000000
27652  -15.323  -61.165  -23.651 0.0000000000
27651  -14.537  -61.058  -23.776 0.0000000000
27670  -13.545  -60.565  -24.540 0.0000000000
27650  -13.752  -60.987  -23.941 0.0000000000
26326  -20.422  -61.713  -23.597 0.0000000000
26325  -19.678  -61.747  -23.370 0.0000000000
26324  -18.969  -61.865  -23.259 0.0000000000
26323  -18.254  -61.931  -23.201 0.0000000000
26322  -17.493  -61.923  -23.190 0.0000000000
26321  -16.736  -61.843  -23.141 0.0000000000
27635  -15.897  -61.695  -23.127 0.0000000000
26320  -16.193  -61.800  -23.050 0.0000000000
27634  -15.490  -61.577  -23.156 0.0000000000
27633  -14.768  -61.445  -23.214 0.0000000000
27632  -13.984  -61.354  -23.324 0.0000000000
27649  -12.973  -60.902  -24.129 0.0000000000
27631  -13.187  -61.268  -23.492 0.0000000000
26297  -15.780  -61.925  -22.738 0.0000000000
26296  -15.039  -61.832  -22.703 0.0000000000
26295  -14.258  -61.746  -22.737 0.0000000000
26294  -13.432  -61.657  -22.844 0.0000000000
26293  -12.502  -61.577  -23.059 0.0000000000
26319  -12.524  -61.201  -23.738 0.0000000000
26304  -21.068  -61.935  -22.884 0.0000000000
26303  -20.266  -61.865  -22.734 0.0000000000
26302  -19.489  -62.049  -22.639 0.0000000000
26301  -18.726  -62.207  -22.614 0.0000000000
26300  -17.926  -62.307  -22.581 0.0000000000
26299  -17.112  -62.218  -22.608 0.0000000000
26298  -16.426  -62.065  -22.675 0.0000000000
26278  -21.863  -62.194  -22.116 0.0000000000
24923  -22.245  -62.501  -22.577 0.0000000000
26277  -20.880  -61.908  -22.014 0.0000000000
26276  -20.032  -62.110  -21.926 0.0000000000
26275  -19.205  -62.429  -21.887 0.0000000000
26274  -18.456  -62.554  -22.056 0.0000000000
24922  -17.486  -62.506  -22.225 0.0000000000
26273  -17.897  -62.606  -22.032 0.0000000000
26272  -16.649  -62.338  -22.274 0.0000000000
24921  -17.047  -62.505  -22.118 0.0000000000
26271  -16.084  -62.277  -22.214 0.0000000000
26270  -15.362  -62.182  -22.188 0.0000000000
26269  -14.595  -62.098  -22.172 0.0000000000
26268  -13.746  -62.048  -22.158 0.0000000000
26267  -12.934  -61.956  -22.332 0.0000000000
24904  -22.520  -62.523  -21.942 0.0000000000
24903  -22.198  -62.418  -22.205 0.0000000000
26279  -22.223  -62.340  -21.766 0.0000000000
26251  -21.433  -61.954  -21.253 0.0000000000
26252  -22.323  -62.266  -21.264 0.0000000000
26250  -20.572  -62.060  -21.181 0.0000000000
26249  -19.787  -62.524  -21.106 0.0000000000
24902  -18.727  -62.724  -21.540 0.0000000000
26248  -19.143  -62.751  -21.254 0.0000000000
24901  -18.150  -62.804  -21.535 0.0000000000
24900  -17.402  -62.762  -21.679 0.0000000000
24899  -16.553  -62.653  -21.748 0.0000000000
24898  -15.717  -62.555  -21.671 0.0000000000
24897  -14.949  -62.443  -21.640 0.0000000000
24896  -14.202  -62.378  -21.635 0.0000000000
26247  -13.192  -62.174  -21.811 0.0000000000
24895  -13.602  -62.303  -21.581 0.0000000000
26266  -12.119  -62.035  -22.344 0.0000000000
26246  -12.611  -62.189  -21.779 0.0000000000
24875  -23.028  -62.547  -21.350 0.0000000000
24874  -22.616  -62.460  -21.511 0.0000000000
26253  -22.911  -62.332  -20.727 0.0000000000
26230  -21.812  -61.967  -20.452 0.0000000000
26231  -22.511  -62.112  -20.284 0.0000000000
26229  -21.053  -62.022  -20.457 0.0000000000
26228  -20.368  -62.385  -20.390 0.0000000000
24873  -19.280  -62.883  -20.732 0.0000000000
24841  -19.712  -62.773  -20.225 0.0000000000
24872  -18.601  -62.985  -20.880 0.0000000000
24865  -13.050  -62.459  -21.260 0.0000000000
26245  -12.068  -62.263  -21.762 0.0000000000
24864  -12.290  -62.482  -21.298 0.0000000000
24863  -11.653  -62.573  -21.523 0.0000000000
24894  -11.698  -62.283  -22.007 0.0000000000
26213  -22.071  -61.985  -19.662 0.0000000000
26214  -22.746  -62.071  -19.501 0.0000000000
26232  -23.155  -62.296  -20.069 0.0000000000
26212  -21.415  -62.028  -19.766 0.0000000000
26211  -20.809  -62.270  -19.741 0.0000000000
24806  -20.202  -62.630  -19.589 0.0000000000
26189  -22.297  -61.951  -18.898 0.0000000000
26190  -22.991  -62.048  -18.744 0.0000000000
26215  -23.410  -62.285  -19.325 0.0000000000
26188  -21.639  -62.010  -19.064 0.0000000000
26187  -21.139  -62.183  -19.229 0.0000000000
24779  -20.662  -62.438  -19.009 0.0000000000
26162  -21.808  -62.012  -18.278 0.0000000000
26163  -22.536  -61.932  -18.125 0.0000000000
26161  -21.163  -62.204  -18.556 0.0000000000
24871  -17.725  -63.096  -20.929 0.0000000000
24870  -16.884  -63.057  -21.062 0.0000000000
24869  -16.064  -62.922  -21.093 0.0000000000
24868  -15.279  -62.769  -21.073 0.0000000000
24867  -14.516  -62.680  -21.085 0.0000000000
24866  -13.789  -62.592  -21.119 0.0000000000
24842  -23.512  -62.549  -20.654 0.0000000000
24843  -24.252  -62.793  -20.539 0.0000000000
24840  -19.004  -63.092  -20.084 0.0000000000
24839  -18.062  -63.397  -19.972 0.0000000000
24838  -17.165  -63.360  -20.314 0.0000000000
24837  -16.355  -63.269  -20.441 0.0000000000
24836  -15.573  -63.112  -20.471 0.0000000000
24835  -14.802  -62.980  -20.486 0.0000000000
24834  -14.043  -62.877  -20.520 0.0000000000
24833  -13.290  -62.797  -20.593 0.0000000000
24832  -12.535  -62.772  -20.700 0.0000000000
24831  -11.814  -62.833  -20.884 0.0000000000
24862  -11.081  -62.790  -21.583 0.0000000000
24830  -11.317  -62.889  -21.131 0.0000000000
24893  -11.244  -62.490  -22.017 0.0000000000
24807  -23.809  -62.568  -19.905 0.0000000000
24805  -19.500  -62.973  -19.386 0.0000000000
24804  -18.739  -63.339  -19.237 0.0000000000
23536  -17.719  -63.523  -19.421 0.0000000000
23504  -18.026  -63.526  -19.083 0.0000000000
23535  -17.305  -63.512  -19.594 0.0000000000
23534  -16.594  -63.474  -19.738 0.0000000000
23533  -15.829  -63.405  -19.820 0.0000000000
23532  -15.054  -63.330  -19.876 0.0000000000
23531  -14.284  -63.219  -19.911 0.0000000000
24778  -20.018  -62.762  -18.740 0.0000000000
24777  -19.221  -63.121  -18.400 0.0000000000
23477  -18.415  -63.498  -18.418 0.0000000000
23503  -17.435  -63.593  -18.998 0.0000000000
23502  -16.790  -63.614  -19.057 0.0000000000
23501  -16.058  -63.618  -19.137 0.0000000000
23500  -15.289  -63.591  -19.206 0.0000000000
