#!ascii label  , from subject  vox2ras=TkReg
470
18737  -31.997  -67.020  -27.452 0.0000000000
18720  -31.759  -66.981  -26.988 0.0000000000
17683  -31.589  -67.435  -27.687 0.0000000000
18738  -32.282  -67.066  -27.861 0.0000000000
18721  -32.422  -66.743  -27.205 0.0000000000
17684  -31.994  -67.357  -28.138 0.0000000000
18757  -32.206  -67.207  -28.637 0.0000000000
18722  -32.847  -66.743  -27.664 0.0000000000
18739  -32.846  -66.880  -28.240 0.0000000000
19863  -33.342  -66.668  -27.913 0.0000000000
18758  -32.932  -66.831  -28.885 0.0000000000
18740  -33.385  -66.669  -28.446 0.0000000000
18759  -33.562  -66.474  -28.949 0.0000000000
19864  -34.118  -66.322  -28.186 0.0000000000
17699  -31.752  -67.472  -28.378 0.0000000000
18756  -31.682  -67.440  -28.772 0.0000000000
18771  -31.397  -67.002  -29.219 0.0000000000
18772  -32.283  -66.693  -29.284 0.0000000000
18773  -32.957  -66.336  -29.401 0.0000000000
19883  -34.091  -66.075  -29.064 0.0000000000
18774  -33.513  -66.070  -29.314 0.0000000000
17698  -31.192  -67.705  -28.644 0.0000000000
17705  -30.934  -67.411  -29.135 0.0000000000
18770  -30.587  -67.077  -29.338 0.0000000000
19901  -30.636  -66.480  -29.456 0.0000000000
19902  -31.130  -66.262  -29.496 0.0000000000
18778  -31.722  -66.283  -29.543 0.0000000000
18779  -32.349  -66.144  -29.581 0.0000000000
18780  -32.725  -66.008  -29.570 0.0000000000
19903  -33.048  -65.751  -29.474 0.0000000000
19904  -33.761  -65.605  -29.353 0.0000000000
19913  -31.244  -65.781  -29.689 0.0000000000
19914  -31.877  -65.745  -29.665 0.0000000000
19915  -32.455  -65.715  -29.605 0.0000000000
19845  -33.290  -66.312  -27.091 0.0000000000
19846  -34.626  -65.647  -27.134 0.0000000000
19865  -35.162  -65.683  -28.076 0.0000000000
19884  -34.772  -65.921  -28.798 0.0000000000
19847  -35.221  -65.441  -27.566 0.0000000000
21061  -35.458  -65.350  -27.751 0.0000000000
19885  -35.282  -65.576  -28.711 0.0000000000
19866  -35.452  -65.402  -28.393 0.0000000000
21062  -35.743  -65.126  -28.076 0.0000000000
21079  -35.489  -65.173  -28.641 0.0000000000
19905  -34.473  -65.580  -29.248 0.0000000000
19906  -34.961  -65.533  -29.044 0.0000000000
21098  -35.180  -65.274  -28.924 0.0000000000
19900  -30.162  -66.663  -29.455 0.0000000000
19911  -29.890  -66.070  -29.630 0.0000000000
19912  -30.616  -65.866  -29.659 0.0000000000
21095  -33.153  -65.199  -29.097 0.0000000000
21109  -32.609  -65.411  -29.373 0.0000000000
21096  -34.083  -65.054  -29.029 0.0000000000
21097  -34.766  -65.175  -29.049 0.0000000000
18777  -29.804  -66.580  -29.497 0.0000000000
18776  -29.276  -66.490  -29.525 0.0000000000
19910  -29.149  -65.835  -29.657 0.0000000000
21104  -29.361  -65.353  -29.686 0.0000000000
21105  -30.045  -65.347  -29.644 0.0000000000
21106  -30.713  -65.314  -29.552 0.0000000000
21107  -31.385  -65.323  -29.481 0.0000000000
21108  -32.042  -65.360  -29.423 0.0000000000
21041  -35.561  -65.073  -27.258 0.0000000000
21042  -36.031  -64.752  -27.648 0.0000000000
22357  -36.198  -64.315  -28.055 0.0000000000
22374  -35.584  -64.658  -28.498 0.0000000000
22390  -35.161  -64.882  -28.869 0.0000000000
21094  -32.311  -65.142  -28.994 0.0000000000
21076  -32.673  -65.040  -28.440 0.0000000000
21077  -33.561  -64.829  -28.470 0.0000000000
21078  -34.032  -64.777  -28.740 0.0000000000
22388  -34.265  -64.763  -28.833 0.0000000000
22389  -34.598  -64.758  -28.894 0.0000000000
21103  -28.677  -65.337  -29.660 0.0000000000
22399  -28.839  -64.994  -29.325 0.0000000000
22400  -29.493  -65.022  -29.263 0.0000000000
21091  -30.126  -65.049  -29.137 0.0000000000
21092  -30.823  -65.074  -29.026 0.0000000000
21093  -31.580  -65.109  -28.997 0.0000000000
22373  -34.974  -64.469  -28.531 0.0000000000
22356  -35.455  -64.092  -28.212 0.0000000000
22372  -34.251  -64.591  -28.437 0.0000000000
22398  -28.226  -64.676  -29.619 0.0000000000
22385  -28.310  -64.679  -28.883 0.0000000000
22386  -28.974  -64.937  -28.790 0.0000000000
22387  -29.561  -64.988  -28.726 0.0000000000
21102  -27.927  -65.329  -29.712 0.0000000000
22397  -27.404  -64.613  -29.854 0.0000000000
22384  -27.553  -64.345  -29.131 0.0000000000
22370  -29.534  -65.080  -28.378 0.0000000000
21073  -30.082  -65.122  -28.361 0.0000000000
22369  -29.141  -65.055  -28.350 0.0000000000
22368  -28.494  -64.969  -28.099 0.0000000000
22367  -27.648  -64.542  -28.277 0.0000000000
22355  -34.681  -64.117  -27.857 0.0000000000
22371  -33.837  -64.624  -28.151 0.0000000000
22354  -34.006  -64.421  -27.810 0.0000000000
21060  -33.534  -64.632  -27.810 0.0000000000
21072  -29.369  -65.140  -28.017 0.0000000000
21071  -28.953  -65.103  -27.994 0.0000000000
22353  -28.380  -65.031  -27.538 0.0000000000
21054  -28.848  -65.162  -27.466 0.0000000000
22352  -27.871  -64.867  -27.328 0.0000000000
22339  -34.034  -64.042  -27.173 0.0000000000
22340  -34.510  -63.840  -27.410 0.0000000000
23722  -34.798  -63.701  -27.509 0.0000000000
23723  -35.269  -63.628  -27.718 0.0000000000
21039  -33.670  -64.414  -27.400 0.0000000000
21053  -28.356  -65.068  -27.236 0.0000000000
22337  -27.750  -64.874  -26.497 0.0000000000
21032  -28.396  -65.107  -26.590 0.0000000000
22351  -26.948  -64.453  -27.609 0.0000000000
22336  -27.168  -64.613  -26.694 0.0000000000
23707  -34.541  -63.507  -27.053 0.0000000000
22338  -33.569  -64.303  -27.057 0.0000000000
22320  -33.357  -64.082  -26.546 0.0000000000
22321  -33.831  -63.806  -26.722 0.0000000000
23706  -34.066  -63.688  -26.828 0.0000000000
21038  -33.209  -64.580  -27.168 0.0000000000
22318  -27.975  -64.940  -25.967 0.0000000000
22317  -27.456  -64.680  -25.899 0.0000000000
23691  -33.880  -63.368  -26.412 0.0000000000
21017  -32.782  -64.545  -26.619 0.0000000000
22319  -32.657  -64.286  -26.134 0.0000000000
22301  -32.837  -63.844  -25.862 0.0000000000
23690  -33.265  -63.629  -26.101 0.0000000000
21016  -32.132  -64.704  -26.276 0.0000000000
22300  -32.166  -64.140  -25.477 0.0000000000
22297  -28.040  -64.832  -25.197 0.0000000000
21011  -28.364  -65.025  -25.666 0.0000000000
22316  -26.670  -64.453  -25.936 0.0000000000
22296  -27.156  -64.462  -25.084 0.0000000000
23673  -32.534  -63.633  -25.424 0.0000000000
23674  -33.009  -63.193  -25.656 0.0000000000
20996  -31.617  -64.620  -25.680 0.0000000000
22299  -31.504  -64.375  -25.164 0.0000000000
22281  -31.699  -63.993  -24.853 0.0000000000
23654  -32.168  -63.348  -24.733 0.0000000000
20995  -30.975  -64.801  -25.354 0.0000000000
22280  -31.090  -64.279  -24.509 0.0000000000
20992  -28.616  -65.005  -25.084 0.0000000000
20991  -28.324  -64.963  -25.314 0.0000000000
22298  -28.373  -64.910  -24.925 0.0000000000
22276  -27.730  -64.540  -24.357 0.0000000000
22277  -28.504  -64.870  -24.501 0.0000000000
22295  -26.215  -64.171  -25.018 0.0000000000
22275  -26.846  -64.189  -24.076 0.0000000000
23653  -31.582  -63.782  -24.446 0.0000000000
20977  -30.509  -64.801  -24.753 0.0000000000
22279  -30.396  -64.620  -24.225 0.0000000000
22256  -30.610  -64.203  -23.686 0.0000000000
23629  -31.353  -63.458  -23.760 0.0000000000
20976  -29.834  -64.972  -24.520 0.0000000000
22255  -29.869  -64.666  -23.774 0.0000000000
20975  -29.042  -64.999  -24.475 0.0000000000
20974  -28.707  -64.981  -24.678 0.0000000000
22278  -28.847  -64.941  -24.268 0.0000000000
22253  -28.285  -64.582  -23.726 0.0000000000
22254  -29.036  -64.835  -23.872 0.0000000000
22252  -27.584  -64.340  -23.550 0.0000000000
22251  -27.131  -64.134  -23.289 0.0000000000
23628  -26.792  -64.014  -23.445 0.0000000000
23652  -26.573  -63.984  -23.691 0.0000000000
22274  -26.303  -64.054  -24.358 0.0000000000
23651  -26.219  -63.914  -23.899 0.0000000000
22230  -30.141  -64.229  -23.178 0.0000000000
23607  -30.579  -63.656  -22.904 0.0000000000
20955  -29.389  -64.957  -24.128 0.0000000000
22229  -29.538  -64.431  -23.046 0.0000000000
20954  -29.142  -64.957  -24.146 0.0000000000
22228  -28.791  -64.490  -23.084 0.0000000000
22227  -28.109  -64.358  -23.016 0.0000000000
22226  -27.466  -64.155  -22.856 0.0000000000
22225  -27.183  -64.087  -22.989 0.0000000000
23604  -26.981  -63.942  -22.829 0.0000000000
23606  -29.963  -63.980  -22.656 0.0000000000
22205  -29.211  -64.222  -22.496 0.0000000000
22206  -29.614  -64.139  -22.538 0.0000000000
22204  -28.579  -64.265  -22.462 0.0000000000
22203  -27.992  -64.212  -22.459 0.0000000000
23585  -27.520  -63.964  -22.154 0.0000000000
23605  -27.314  -64.031  -22.609 0.0000000000
23588  -29.662  -63.816  -22.048 0.0000000000
23587  -29.012  -63.988  -21.941 0.0000000000
23586  -28.346  -64.037  -21.911 0.0000000000
19909  -28.505  -65.996  -29.582 0.0000000000
19908  -27.716  -65.968  -29.554 0.0000000000
21101  -27.004  -65.461  -29.661 0.0000000000
21075  -31.864  -65.128  -28.393 0.0000000000
21074  -31.044  -65.151  -28.364 0.0000000000
21059  -32.960  -64.891  -27.786 0.0000000000
21058  -32.199  -65.087  -27.728 0.0000000000
21057  -31.397  -65.244  -27.664 0.0000000000
21056  -30.541  -65.279  -27.601 0.0000000000
21055  -29.694  -65.257  -27.496 0.0000000000
21037  -32.526  -64.894  -27.070 0.0000000000
21036  -31.771  -65.117  -26.949 0.0000000000
21035  -30.957  -65.285  -26.861 0.0000000000
21034  -30.115  -65.310  -26.776 0.0000000000
21033  -29.273  -65.253  -26.692 0.0000000000
22342  -36.219  -64.271  -27.165 0.0000000000
21040  -34.980  -65.111  -26.695 0.0000000000
21020  -35.347  -64.752  -26.634 0.0000000000
22341  -35.732  -64.596  -26.843 0.0000000000
21019  -34.741  -64.751  -26.009 0.0000000000
19828  -34.534  -65.252  -26.444 0.0000000000
21015  -31.348  -65.028  -26.167 0.0000000000
21014  -30.546  -65.171  -26.054 0.0000000000
21013  -29.729  -65.207  -25.971 0.0000000000
21012  -28.946  -65.144  -25.861 0.0000000000
20994  -30.162  -65.054  -25.293 0.0000000000
20993  -29.380  -65.114  -25.189 0.0000000000
18775  -28.627  -66.656  -29.477 0.0000000000
19899  -28.118  -66.450  -29.458 0.0000000000
19898  -27.557  -66.522  -29.318 0.0000000000
19907  -27.179  -66.074  -29.452 0.0000000000
18769  -29.861  -67.120  -29.415 0.0000000000
19827  -33.725  -65.421  -25.959 0.0000000000
19844  -32.576  -66.447  -26.748 0.0000000000
19826  -32.458  -66.202  -26.031 0.0000000000
18702  -32.159  -66.626  -26.622 0.0000000000
19808  -33.323  -65.270  -25.196 0.0000000000
19807  -32.769  -65.628  -25.035 0.0000000000
20998  -33.693  -64.860  -25.048 0.0000000000
21018  -34.131  -64.938  -25.576 0.0000000000
19825  -31.820  -66.464  -25.596 0.0000000000
18701  -31.598  -66.809  -26.127 0.0000000000
19806  -31.915  -66.217  -24.958 0.0000000000
18685  -31.430  -66.751  -25.255 0.0000000000
20997  -33.134  -65.184  -24.738 0.0000000000
19791  -32.145  -65.752  -24.213 0.0000000000
20978  -32.655  -65.253  -24.224 0.0000000000
19790  -31.642  -66.213  -24.071 0.0000000000
18673  -31.386  -66.714  -24.486 0.0000000000
19769  -31.841  -65.849  -23.681 0.0000000000
20957  -32.133  -65.349  -23.375 0.0000000000
19768  -31.637  -66.168  -23.456 0.0000000000
18657  -31.392  -66.838  -23.649 0.0000000000
20956  -31.791  -65.804  -23.358 0.0000000000
19747  -31.586  -66.457  -23.080 0.0000000000
20933  -31.736  -65.910  -22.968 0.0000000000
19723  -31.722  -66.375  -22.583 0.0000000000
18638  -31.703  -67.034  -22.843 0.0000000000
19724  -32.004  -66.252  -22.055 0.0000000000
18617  -31.927  -66.722  -22.335 0.0000000000
20909  -31.824  -65.890  -22.397 0.0000000000
18768  -29.046  -67.216  -29.390 0.0000000000
17704  -30.463  -67.668  -29.143 0.0000000000
17703  -29.619  -68.019  -29.184 0.0000000000
18719  -31.301  -67.166  -26.678 0.0000000000
17670  -31.385  -67.309  -27.061 0.0000000000
18700  -31.019  -67.250  -26.262 0.0000000000
17669  -30.909  -67.672  -26.894 0.0000000000
18684  -30.963  -67.180  -25.584 0.0000000000
17656  -30.676  -67.733  -25.969 0.0000000000
18672  -31.013  -67.183  -24.819 0.0000000000
17641  -30.697  -67.843  -25.089 0.0000000000
18656  -31.128  -67.177  -24.219 0.0000000000
17628  -30.960  -67.679  -24.386 0.0000000000
17612  -31.520  -67.518  -23.392 0.0000000000
17611  -31.214  -67.565  -23.871 0.0000000000
17594  -32.268  -67.524  -22.683 0.0000000000
17593  -31.804  -67.595  -23.049 0.0000000000
18639  -32.098  -67.071  -22.407 0.0000000000
18618  -32.432  -66.786  -22.056 0.0000000000
17697  -30.385  -68.298  -28.620 0.0000000000
17682  -30.846  -68.063  -27.829 0.0000000000
16677  -30.388  -68.395  -27.215 0.0000000000
16685  -30.349  -68.572  -27.924 0.0000000000
16669  -30.382  -68.293  -26.383 0.0000000000
16658  -30.443  -68.342  -25.626 0.0000000000
16627  -31.019  -68.384  -24.433 0.0000000000
16642  -30.694  -68.614  -25.078 0.0000000000
16607  -31.094  -67.974  -24.052 0.0000000000
16589  -31.699  -67.832  -23.330 0.0000000000
16608  -31.523  -68.218  -23.754 0.0000000000
16590  -31.993  -68.008  -23.165 0.0000000000
16591  -32.640  -68.119  -23.043 0.0000000000
17595  -33.029  -67.705  -22.681 0.0000000000
17576  -32.367  -67.168  -22.344 0.0000000000
17577  -32.739  -67.276  -22.300 0.0000000000
18619  -33.094  -66.946  -21.988 0.0000000000
17578  -33.356  -67.332  -22.348 0.0000000000
16668  -30.104  -69.015  -26.683 0.0000000000
16676  -30.052  -68.976  -27.543 0.0000000000
16657  -30.271  -68.854  -25.934 0.0000000000
16641  -30.465  -68.867  -25.459 0.0000000000
15669  -30.435  -69.156  -25.629 0.0000000000
15683  -30.334  -69.525  -25.977 0.0000000000
15655  -30.957  -68.884  -24.784 0.0000000000
15670  -30.829  -69.370  -25.236 0.0000000000
15656  -31.432  -69.126  -24.519 0.0000000000
16628  -31.356  -68.600  -24.195 0.0000000000
15641  -31.920  -68.869  -23.967 0.0000000000
15640  -31.555  -68.699  -24.101 0.0000000000
16609  -32.278  -68.503  -23.510 0.0000000000
16610  -33.042  -68.583  -23.479 0.0000000000
16592  -33.304  -68.141  -23.083 0.0000000000
14726  -31.452  -69.977  -25.164 0.0000000000
14725  -30.956  -70.090  -25.548 0.0000000000
15671  -31.294  -69.519  -24.922 0.0000000000
15684  -30.663  -69.793  -25.659 0.0000000000
14714  -31.881  -69.754  -24.749 0.0000000000
14713  -31.513  -69.591  -24.830 0.0000000000
15657  -32.244  -69.405  -24.344 0.0000000000
15642  -32.663  -69.010  -23.926 0.0000000000
15658  -33.040  -69.532  -24.398 0.0000000000
15643  -33.459  -69.042  -24.008 0.0000000000
15659  -33.870  -69.573  -24.542 0.0000000000
16611  -33.896  -68.460  -23.554 0.0000000000
15644  -34.191  -69.037  -24.139 0.0000000000
15660  -34.814  -69.415  -24.585 0.0000000000
16612  -34.828  -68.607  -23.954 0.0000000000
14715  -32.588  -69.961  -24.745 0.0000000000
14716  -33.371  -70.091  -24.887 0.0000000000
14717  -34.283  -70.353  -25.018 0.0000000000
14718  -35.275  -70.247  -24.557 0.0000000000
15661  -35.725  -69.403  -24.595 0.0000000000
16629  -35.423  -68.876  -24.413 0.0000000000
14719  -35.970  -69.872  -24.245 0.0000000000
15662  -36.512  -69.210  -24.239 0.0000000000
16630  -36.064  -68.692  -24.521 0.0000000000
15645  -36.790  -69.331  -23.584 0.0000000000
14707  -36.276  -69.863  -23.573 0.0000000000
15646  -37.124  -68.890  -23.922 0.0000000000
15663  -36.929  -68.773  -24.294 0.0000000000
16631  -36.709  -68.425  -24.401 0.0000000000
16632  -37.146  -68.431  -24.202 0.0000000000
17596  -33.902  -67.708  -22.832 0.0000000000
17613  -34.504  -68.067  -23.377 0.0000000000
17614  -35.173  -67.942  -23.515 0.0000000000
16613  -35.641  -68.313  -24.047 0.0000000000
17615  -35.976  -67.548  -23.587 0.0000000000
16614  -36.257  -68.116  -24.194 0.0000000000
17616  -36.856  -67.635  -24.181 0.0000000000
17629  -37.036  -68.129  -24.339 0.0000000000
16615  -37.614  -68.300  -23.772 0.0000000000
17630  -37.338  -68.022  -24.241 0.0000000000
18620  -34.039  -66.923  -22.084 0.0000000000
18640  -34.386  -67.371  -22.614 0.0000000000
17597  -34.700  -67.623  -23.001 0.0000000000
18641  -34.880  -67.155  -22.636 0.0000000000
17598  -35.319  -67.447  -23.097 0.0000000000
18642  -35.781  -66.850  -22.859 0.0000000000
18658  -36.118  -67.110  -23.294 0.0000000000
18659  -36.544  -66.901  -23.426 0.0000000000
17617  -37.735  -67.561  -24.068 0.0000000000
18660  -37.362  -66.830  -23.934 0.0000000000
18595  -32.825  -66.626  -21.761 0.0000000000
19697  -32.598  -66.149  -21.495 0.0000000000
18596  -33.266  -66.573  -21.626 0.0000000000
18597  -33.775  -66.461  -21.516 0.0000000000
19725  -34.118  -66.450  -21.632 0.0000000000
18621  -35.009  -66.639  -22.272 0.0000000000
19726  -34.579  -66.329  -21.733 0.0000000000
18622  -35.458  -66.468  -22.381 0.0000000000
19727  -35.323  -66.112  -21.957 0.0000000000
19748  -35.747  -66.318  -22.398 0.0000000000
18643  -36.342  -66.607  -22.978 0.0000000000
19749  -36.300  -66.200  -22.613 0.0000000000
19770  -36.666  -66.409  -23.044 0.0000000000
19771  -37.173  -66.225  -23.342 0.0000000000
20910  -32.067  -65.498  -21.897 0.0000000000
20934  -31.917  -65.450  -22.601 0.0000000000
23584  -26.734  -63.689  -22.046 0.0000000000
23563  -27.283  -63.686  -21.300 0.0000000000
23564  -28.091  -63.800  -21.279 0.0000000000
23565  -28.863  -63.740  -21.302 0.0000000000
23566  -29.326  -63.690  -21.546 0.0000000000
24880  -29.728  -63.358  -21.275 0.0000000000
24908  -30.096  -63.401  -21.812 0.0000000000
23589  -30.187  -63.598  -22.284 0.0000000000
24909  -30.555  -63.089  -22.078 0.0000000000
23603  -26.231  -63.677  -22.709 0.0000000000
23627  -26.444  -63.846  -23.328 0.0000000000
24927  -31.055  -62.889  -22.870 0.0000000000
23626  -25.839  -63.709  -23.347 0.0000000000
24942  -31.355  -62.918  -23.344 0.0000000000
23630  -31.776  -63.038  -24.071 0.0000000000
24943  -31.609  -62.710  -23.639 0.0000000000
23708  -34.982  -63.449  -27.399 0.0000000000
24879  -29.301  -63.543  -21.211 0.0000000000
24847  -29.220  -63.358  -20.769 0.0000000000
24848  -29.691  -62.948  -20.526 0.0000000000
26254  -30.085  -62.848  -20.994 0.0000000000
24881  -30.216  -63.050  -21.478 0.0000000000
26255  -30.526  -62.506  -21.310 0.0000000000
26280  -30.887  -62.314  -22.115 0.0000000000
26306  -31.266  -62.170  -22.794 0.0000000000
24928  -31.373  -62.577  -23.174 0.0000000000
26233  -30.204  -62.354  -20.430 0.0000000000
26234  -30.571  -62.031  -20.870 0.0000000000
27613  -30.778  -61.660  -21.404 0.0000000000
27602  -30.577  -61.525  -20.424 0.0000000000
24815  -29.728  -62.665  -20.031 0.0000000000
26217  -29.780  -62.179  -19.556 0.0000000000
27601  -30.258  -61.876  -19.965 0.0000000000
24814  -29.026  -62.979  -19.764 0.0000000000
26216  -29.290  -62.384  -19.259 0.0000000000
26194  -29.276  -61.922  -18.640 0.0000000000
26195  -29.830  -61.640  -19.070 0.0000000000
27588  -30.244  -61.331  -19.574 0.0000000000
24787  -29.064  -62.473  -19.084 0.0000000000
23541  -28.617  -63.537  -20.603 0.0000000000
23508  -28.458  -63.407  -20.169 0.0000000000
23507  -28.211  -63.324  -19.912 0.0000000000
24813  -28.054  -63.012  -19.388 0.0000000000
24786  -28.578  -62.542  -18.743 0.0000000000
23506  -27.537  -63.349  -19.908 0.0000000000
24812  -27.244  -63.066  -19.326 0.0000000000
24785  -27.680  -62.779  -18.718 0.0000000000
23505  -26.776  -63.285  -19.907 0.0000000000
24811  -26.514  -63.045  -19.342 0.0000000000
24784  -26.882  -62.850  -18.736 0.0000000000
24846  -26.191  -63.153  -19.878 0.0000000000
24810  -25.864  -62.985  -19.453 0.0000000000
24783  -26.126  -62.851  -18.779 0.0000000000
24809  -25.216  -62.920  -19.585 0.0000000000
24782  -25.510  -62.855  -18.947 0.0000000000
24845  -25.632  -63.086  -20.175 0.0000000000
24808  -24.514  -62.799  -19.725 0.0000000000
24781  -24.842  -62.774  -18.864 0.0000000000
24844  -24.955  -62.976  -20.340 0.0000000000
24807  -23.809  -62.568  -19.905 0.0000000000
24780  -24.086  -62.549  -19.132 0.0000000000
24843  -24.252  -62.793  -20.539 0.0000000000
24761  -28.017  -62.425  -18.066 0.0000000000
24762  -28.494  -62.229  -18.185 0.0000000000
26193  -28.785  -62.166  -18.353 0.0000000000
24760  -27.251  -62.661  -18.120 0.0000000000
24759  -26.465  -62.710  -18.134 0.0000000000
24758  -25.524  -62.660  -18.064 0.0000000000
24757  -24.833  -62.673  -18.255 0.0000000000
26192  -24.332  -62.524  -18.402 0.0000000000
26191  -23.677  -62.248  -18.584 0.0000000000
26215  -23.410  -62.285  -19.325 0.0000000000
26166  -24.708  -62.477  -17.754 0.0000000000
23602  -25.453  -63.518  -22.685 0.0000000000
23583  -25.908  -63.494  -21.984 0.0000000000
23562  -26.449  -63.492  -21.276 0.0000000000
23582  -25.015  -63.336  -21.933 0.0000000000
23561  -25.557  -63.307  -21.234 0.0000000000
23540  -27.894  -63.557  -20.516 0.0000000000
23539  -27.016  -63.492  -20.561 0.0000000000
23538  -26.180  -63.315  -20.524 0.0000000000
23537  -25.672  -63.215  -20.669 0.0000000000
24878  -25.324  -63.139  -20.740 0.0000000000
23560  -25.119  -63.281  -21.474 0.0000000000
24877  -24.795  -63.138  -21.266 0.0000000000
16593  -37.729  -68.359  -23.124 0.0000000000
15630  -37.223  -68.875  -23.090 0.0000000000
16594  -37.988  -67.967  -23.346 0.0000000000
16616  -37.902  -67.814  -23.690 0.0000000000
15629  -36.493  -69.504  -22.961 0.0000000000
15628  -36.053  -69.766  -22.803 0.0000000000
14700  -36.156  -69.887  -23.048 0.0000000000
15614  -36.656  -68.959  -22.421 0.0000000000
15613  -35.861  -69.387  -22.358 0.0000000000
14699  -35.596  -70.177  -22.883 0.0000000000
14706  -35.719  -70.379  -23.840 0.0000000000
13762  -35.204  -70.779  -24.020 0.0000000000
13761  -34.562  -71.044  -24.382 0.0000000000
13775  -34.169  -70.985  -24.876 0.0000000000
14730  -33.959  -70.857  -25.072 0.0000000000
14729  -33.555  -70.721  -25.151 0.0000000000
14728  -32.846  -70.542  -25.110 0.0000000000
13753  -35.336  -70.717  -23.476 0.0000000000
26190  -22.991  -62.048  -18.744 0.0000000000
26164  -23.264  -61.992  -18.003 0.0000000000
26165  -23.964  -62.212  -17.869 0.0000000000
