#!ascii label  , from subject  vox2ras=TkReg
751
24266  28.021  -55.938  -17.803 0.0000000000
24241  28.341  -55.902  -17.056 0.0000000000
23084  28.127  -56.704  -16.900 0.0000000000
23102  27.587  -56.910  -17.830 0.0000000000
24286  27.454  -56.197  -18.750 0.0000000000
25359  28.311  -55.533  -17.443 0.0000000000
25378  28.292  -55.058  -17.833 0.0000000000
25394  27.889  -55.166  -18.698 0.0000000000
23117  27.203  -56.942  -18.530 0.0000000000
24287  26.988  -56.736  -19.048 0.0000000000
24304  27.002  -56.259  -19.748 0.0000000000
25413  27.535  -55.439  -19.583 0.0000000000
23118  26.760  -57.437  -18.811 0.0000000000
24305  26.700  -56.949  -19.476 0.0000000000
24318  26.394  -56.942  -20.226 0.0000000000
24317  27.004  -56.321  -20.810 0.0000000000
25428  27.495  -55.618  -20.461 0.0000000000
23131  26.357  -57.390  -19.542 0.0000000000
24330  26.304  -56.952  -21.334 0.0000000000
24329  27.151  -56.506  -21.686 0.0000000000
25448  27.774  -55.770  -21.417 0.0000000000
23143  26.090  -57.429  -20.006 0.0000000000
24319  26.052  -57.329  -20.314 0.0000000000
24331  25.991  -57.261  -20.682 0.0000000000
23144  25.810  -57.770  -20.372 0.0000000000
24344  26.644  -56.914  -22.224 0.0000000000
24343  27.303  -56.649  -22.392 0.0000000000
25468  27.702  -56.238  -22.054 0.0000000000
23158  25.589  -57.523  -21.232 0.0000000000
23157  25.812  -57.238  -21.692 0.0000000000
23170  25.969  -57.146  -22.163 0.0000000000
24355  27.426  -56.589  -23.005 0.0000000000
24342  27.782  -56.346  -22.548 0.0000000000
24356  26.832  -56.860  -22.946 0.0000000000
23181  26.154  -57.070  -22.886 0.0000000000
24354  27.965  -56.300  -23.022 0.0000000000
24366  27.591  -56.561  -23.563 0.0000000000
24367  27.016  -56.782  -23.577 0.0000000000
23194  26.360  -57.021  -23.598 0.0000000000
24365  28.110  -56.312  -23.622 0.0000000000
24372  27.737  -56.613  -24.119 0.0000000000
24373  27.246  -56.748  -24.029 0.0000000000
23203  26.652  -57.021  -24.266 0.0000000000
23202  27.270  -56.897  -24.533 0.0000000000
23201  27.819  -56.802  -24.622 0.0000000000
24371  28.393  -56.419  -24.293 0.0000000000
25358  28.589  -55.208  -17.048 0.0000000000
25377  28.535  -54.738  -17.490 0.0000000000
26576  28.543  -54.206  -17.913 0.0000000000
26577  28.234  -54.596  -18.414 0.0000000000
26597  28.123  -54.381  -18.990 0.0000000000
26617  27.859  -54.625  -19.573 0.0000000000
26634  27.741  -54.863  -20.300 0.0000000000
26653  27.956  -55.098  -20.925 0.0000000000
25467  28.328  -55.769  -22.341 0.0000000000
25447  28.229  -55.463  -21.732 0.0000000000
26652  28.237  -55.119  -21.409 0.0000000000
26563  28.757  -54.465  -17.152 0.0000000000
27799  28.979  -53.713  -17.208 0.0000000000
27815  28.872  -53.397  -17.987 0.0000000000
26596  28.349  -54.135  -18.603 0.0000000000
27829  28.580  -53.573  -18.651 0.0000000000
27830  28.322  -53.895  -19.027 0.0000000000
27847  28.154  -53.849  -19.604 0.0000000000
27865  27.934  -54.107  -20.282 0.0000000000
27886  28.008  -54.396  -20.943 0.0000000000
27774  28.972  -54.199  -16.801 0.0000000000
27798  29.127  -53.426  -16.752 0.0000000000
27773  29.118  -53.888  -16.379 0.0000000000
29050  29.153  -52.943  -17.013 0.0000000000
29051  29.071  -53.095  -17.570 0.0000000000
29077  29.075  -52.882  -17.989 0.0000000000
29103  28.961  -52.858  -18.556 0.0000000000
27846  28.420  -53.494  -19.251 0.0000000000
29130  28.679  -52.995  -19.199 0.0000000000
29131  28.382  -53.118  -19.733 0.0000000000
29156  28.127  -53.310  -20.336 0.0000000000
29174  27.968  -53.652  -20.937 0.0000000000
29022  29.174  -53.149  -16.384 0.0000000000
30286  29.200  -52.502  -16.480 0.0000000000
30310  29.212  -52.204  -17.039 0.0000000000
29076  29.179  -52.493  -17.630 0.0000000000
30337  29.248  -51.903  -17.502 0.0000000000
29102  29.133  -52.489  -18.174 0.0000000000
30363  29.214  -51.882  -18.115 0.0000000000
30364  29.113  -52.274  -18.563 0.0000000000
30387  28.986  -52.226  -19.226 0.0000000000
30388  28.618  -52.585  -19.675 0.0000000000
30265  29.217  -52.738  -15.884 0.0000000000
31545  29.239  -52.158  -16.022 0.0000000000
31565  29.237  -51.831  -16.519 0.0000000000
31584  29.252  -51.542  -17.086 0.0000000000
31605  29.256  -51.368  -17.649 0.0000000000
31624  29.285  -51.247  -18.115 0.0000000000
30386  29.161  -51.851  -18.725 0.0000000000
31640  29.252  -51.369  -18.572 0.0000000000
31524  29.310  -52.232  -15.312 0.0000000000
32858  29.302  -51.508  -15.901 0.0000000000
32871  29.271  -51.083  -16.562 0.0000000000
32881  29.249  -50.848  -17.238 0.0000000000
32893  29.259  -50.763  -17.852 0.0000000000
32841  29.397  -51.260  -15.103 0.0000000000
34196  29.239  -50.493  -15.854 0.0000000000
34206  29.183  -50.287  -16.750 0.0000000000
34217  29.127  -50.050  -17.530 0.0000000000
34185  29.326  -50.293  -14.873 0.0000000000
35500  29.097  -49.414  -15.448 0.0000000000
35517  29.066  -49.629  -16.314 0.0000000000
35533  29.047  -49.646  -16.983 0.0000000000
34173  29.260  -50.172  -14.007 0.0000000000
32824  29.349  -51.071  -14.232 0.0000000000
35482  29.173  -49.432  -14.571 0.0000000000
31506  29.365  -51.996  -14.411 0.0000000000
32813  29.237  -50.939  -13.417 0.0000000000
31491  29.272  -51.799  -13.605 0.0000000000
32807  29.027  -50.854  -12.665 0.0000000000
31480  29.108  -51.691  -12.853 0.0000000000
34162  29.150  -50.084  -13.204 0.0000000000
31481  28.689  -51.614  -12.221 0.0000000000
32808  28.608  -50.791  -12.045 0.0000000000
34155  28.909  -50.032  -12.480 0.0000000000
30229  29.271  -52.989  -14.522 0.0000000000
30246  29.239  -52.996  -15.314 0.0000000000
30215  29.224  -52.633  -13.719 0.0000000000
30200  29.090  -52.481  -13.065 0.0000000000
31472  28.213  -51.540  -11.674 0.0000000000
30188  28.277  -52.368  -11.792 0.0000000000
30201  28.761  -52.447  -12.408 0.0000000000
30189  27.759  -52.233  -11.366 0.0000000000
31473  27.680  -51.487  -11.256 0.0000000000
32800  28.136  -50.741  -11.496 0.0000000000
28996  29.203  -53.413  -15.777 0.0000000000
28976  29.210  -53.630  -15.069 0.0000000000
28943  29.125  -53.550  -13.523 0.0000000000
28959  29.184  -53.892  -14.327 0.0000000000
28927  29.090  -52.995  -13.236 0.0000000000
28911  28.336  -53.192  -12.012 0.0000000000
28928  28.835  -53.320  -12.693 0.0000000000
30176  27.264  -52.192  -11.061 0.0000000000
28898  27.408  -52.653  -11.170 0.0000000000
28912  27.594  -53.135  -11.429 0.0000000000
28899  26.910  -53.008  -11.067 0.0000000000
30177  26.621  -52.239  -10.930 0.0000000000
31463  27.092  -51.490  -10.954 0.0000000000
27743  29.179  -54.093  -15.617 0.0000000000
27715  29.166  -54.417  -14.867 0.0000000000
27680  29.060  -54.320  -13.786 0.0000000000
27698  29.109  -54.450  -14.242 0.0000000000
27681  28.861  -54.333  -13.172 0.0000000000
28944  28.880  -53.871  -12.934 0.0000000000
27633  28.386  -53.714  -12.246 0.0000000000
27659  28.454  -54.232  -12.520 0.0000000000
27634  27.829  -54.081  -11.897 0.0000000000
27635  26.906  -53.967  -11.383 0.0000000000
28913  27.071  -53.434  -11.209 0.0000000000
27620  26.314  -53.780  -11.100 0.0000000000
27619  26.804  -53.558  -11.162 0.0000000000
28900  26.105  -52.982  -10.951 0.0000000000
26549  28.962  -54.701  -16.420 0.0000000000
26548  29.124  -54.383  -16.009 0.0000000000
26522  29.078  -54.823  -15.590 0.0000000000
26475  29.013  -54.936  -14.310 0.0000000000
26494  29.042  -55.055  -14.948 0.0000000000
26464  29.015  -54.676  -13.969 0.0000000000
26455  28.479  -54.941  -12.907 0.0000000000
26465  28.802  -54.981  -13.592 0.0000000000
26456  28.107  -54.963  -12.413 0.0000000000
27660  28.037  -54.556  -12.188 0.0000000000
26435  27.065  -54.836  -11.701 0.0000000000
26436  26.236  -54.708  -11.335 0.0000000000
27636  26.395  -54.192  -11.247 0.0000000000
26434  27.689  -54.919  -12.072 0.0000000000
26523  28.962  -55.126  -15.974 0.0000000000
25336  28.777  -55.401  -16.275 0.0000000000
25314  28.867  -55.507  -15.570 0.0000000000
25313  29.010  -55.216  -15.293 0.0000000000
26495  28.886  -55.456  -14.595 0.0000000000
25293  28.936  -55.424  -15.068 0.0000000000
26476  28.767  -55.428  -14.057 0.0000000000
25243  28.456  -55.353  -13.181 0.0000000000
25261  28.461  -55.749  -13.552 0.0000000000
25227  27.792  -55.337  -12.294 0.0000000000
25244  28.023  -55.715  -12.752 0.0000000000
25228  27.311  -55.731  -12.058 0.0000000000
25229  26.422  -55.584  -11.620 0.0000000000
24240  28.549  -55.757  -16.583 0.0000000000
24208  28.586  -56.008  -15.994 0.0000000000
25294  28.752  -55.812  -14.956 0.0000000000
24180  28.620  -56.107  -15.391 0.0000000000
25277  28.622  -55.988  -14.296 0.0000000000
24155  28.533  -56.330  -14.850 0.0000000000
24134  28.293  -56.410  -13.826 0.0000000000
24144  28.370  -56.590  -14.355 0.0000000000
25262  28.101  -56.292  -13.296 0.0000000000
25245  27.517  -56.292  -12.478 0.0000000000
24118  27.707  -56.637  -12.922 0.0000000000
24098  26.597  -56.447  -11.870 0.0000000000
24097  27.140  -56.579  -12.225 0.0000000000
23213  28.282  -57.133  -24.916 0.0000000000
24379  28.833  -56.712  -24.705 0.0000000000
25494  28.592  -55.986  -23.617 0.0000000000
25499  28.885  -56.003  -24.008 0.0000000000
24370  29.060  -56.280  -24.387 0.0000000000
25483  28.365  -56.019  -23.122 0.0000000000
24209  28.408  -56.219  -16.505 0.0000000000
23058  28.364  -56.666  -15.958 0.0000000000
23057  28.504  -56.348  -15.666 0.0000000000
23026  28.449  -56.583  -15.329 0.0000000000
22998  28.333  -56.846  -14.815 0.0000000000
24145  28.155  -56.868  -14.024 0.0000000000
22985  28.202  -57.020  -14.383 0.0000000000
24135  27.937  -56.897  -13.526 0.0000000000
22969  27.255  -57.312  -12.835 0.0000000000
22968  27.643  -57.102  -13.171 0.0000000000
24119  27.398  -56.786  -12.524 0.0000000000
22951  26.756  -57.160  -12.266 0.0000000000
22950  27.147  -56.975  -12.432 0.0000000000
22117  27.803  -57.882  -25.116 0.0000000000
22116  28.602  -57.923  -25.065 0.0000000000
23212  29.067  -57.257  -24.946 0.0000000000
23214  27.487  -57.245  -24.992 0.0000000000
22115  29.448  -57.955  -25.113 0.0000000000
23211  29.835  -57.178  -25.002 0.0000000000
24378  29.392  -56.630  -24.742 0.0000000000
23204  25.839  -57.102  -24.254 0.0000000000
23215  26.786  -57.293  -24.910 0.0000000000
23216  26.067  -57.341  -24.832 0.0000000000
23195  25.623  -57.108  -23.559 0.0000000000
23182  25.452  -57.212  -22.805 0.0000000000
23171  25.397  -57.372  -22.060 0.0000000000
23145  25.489  -58.016  -20.786 0.0000000000
23159  25.233  -58.083  -21.218 0.0000000000
23172  25.026  -57.890  -21.882 0.0000000000
22005  27.682  -57.505  -16.982 0.0000000000
22019  27.354  -57.616  -17.613 0.0000000000
23103  27.167  -57.397  -18.152 0.0000000000
21992  27.985  -57.539  -15.969 0.0000000000
23027  28.265  -57.133  -15.313 0.0000000000
22999  28.124  -57.345  -14.700 0.0000000000
21964  28.042  -57.651  -15.129 0.0000000000
22986  27.937  -57.365  -14.080 0.0000000000
21936  27.754  -57.881  -14.568 0.0000000000
22977  27.624  -57.510  -13.471 0.0000000000
21919  27.612  -57.862  -13.992 0.0000000000
22978  27.262  -57.822  -13.280 0.0000000000
21904  27.416  -57.973  -13.623 0.0000000000
22970  26.739  -57.718  -12.611 0.0000000000
21893  26.912  -57.975  -13.026 0.0000000000
21084  28.097  -58.605  -25.004 0.0000000000
21085  27.319  -58.535  -24.985 0.0000000000
22118  27.040  -57.867  -25.144 0.0000000000
21083  28.918  -58.657  -24.986 0.0000000000
21082  29.773  -58.701  -24.971 0.0000000000
22114  30.457  -57.904  -25.106 0.0000000000
21993  27.595  -58.034  -16.431 0.0000000000
22006  27.332  -58.145  -17.097 0.0000000000
20912  27.715  -58.090  -15.146 0.0000000000
20929  27.608  -58.219  -15.823 0.0000000000
20890  27.407  -58.364  -14.565 0.0000000000
20889  27.628  -58.121  -14.751 0.0000000000
21937  27.525  -58.088  -14.269 0.0000000000
21920  27.337  -58.231  -13.982 0.0000000000
21905  27.073  -58.289  -13.489 0.0000000000
21076  27.579  -59.202  -24.714 0.0000000000
21077  26.836  -59.097  -24.667 0.0000000000
21086  26.584  -58.461  -24.919 0.0000000000
21075  28.370  -59.275  -24.709 0.0000000000
21074  29.187  -59.279  -24.604 0.0000000000
21073  29.977  -59.139  -24.300 0.0000000000
21081  30.503  -58.757  -24.853 0.0000000000
21072  30.692  -58.754  -24.215 0.0000000000
22111  31.089  -58.339  -24.745 0.0000000000
20027  27.049  -59.711  -24.360 0.0000000000
20028  26.325  -59.683  -24.443 0.0000000000
21078  26.120  -59.038  -24.686 0.0000000000
20026  27.805  -59.781  -24.227 0.0000000000
20025  28.584  -59.649  -24.117 0.0000000000
20024  29.287  -59.496  -23.890 0.0000000000
20023  29.770  -59.269  -23.666 0.0000000000
21063  30.253  -58.947  -23.569 0.0000000000
21062  30.792  -58.584  -23.654 0.0000000000
22107  31.208  -58.313  -24.020 0.0000000000
20007  29.826  -59.176  -23.378 0.0000000000
21064  29.871  -59.067  -23.107 0.0000000000
21047  30.236  -58.645  -22.896 0.0000000000
21046  30.597  -58.595  -23.305 0.0000000000
22095  30.945  -58.040  -23.154 0.0000000000
21048  29.583  -59.084  -22.544 0.0000000000
21032  29.906  -58.537  -22.147 0.0000000000
22096  30.363  -58.137  -22.481 0.0000000000
21033  29.375  -59.014  -21.762 0.0000000000
21018  29.701  -58.478  -21.389 0.0000000000
22084  30.181  -57.892  -21.785 0.0000000000
21019  29.238  -59.074  -20.948 0.0000000000
21004  29.612  -58.496  -20.596 0.0000000000
22070  29.979  -57.945  -21.056 0.0000000000
21005  29.251  -59.154  -20.097 0.0000000000
20988  29.628  -58.511  -19.748 0.0000000000
22057  29.909  -57.861  -20.312 0.0000000000
20989  29.372  -59.204  -19.277 0.0000000000
20971  29.668  -58.598  -18.785 0.0000000000
22045  29.869  -57.731  -19.401 0.0000000000
20958  29.643  -59.118  -18.198 0.0000000000
20957  29.919  -58.509  -17.777 0.0000000000
20972  29.461  -59.293  -18.652 0.0000000000
22031  29.891  -57.842  -18.466 0.0000000000
19910  29.520  -59.753  -18.222 0.0000000000
19909  29.885  -59.469  -17.663 0.0000000000
20913  27.358  -58.648  -15.315 0.0000000000
20868  26.903  -58.747  -13.977 0.0000000000
19845  26.891  -59.019  -14.612 0.0000000000
19013  27.179  -60.234  -23.987 0.0000000000
19014  26.539  -60.297  -24.189 0.0000000000
19012  27.661  -60.208  -23.746 0.0000000000
20010  28.129  -59.974  -23.750 0.0000000000
20009  28.635  -59.841  -23.374 0.0000000000
20008  29.390  -59.420  -23.147 0.0000000000
18999  27.905  -60.329  -23.237 0.0000000000
18998  28.279  -60.116  -22.811 0.0000000000
19991  28.751  -59.744  -22.614 0.0000000000
19990  29.203  -59.434  -22.610 0.0000000000
18977  28.271  -60.122  -22.348 0.0000000000
19976  28.484  -59.946  -21.848 0.0000000000
19975  29.052  -59.465  -22.127 0.0000000000
18957  28.077  -60.344  -21.984 0.0000000000
18938  28.078  -60.450  -21.429 0.0000000000
19963  28.415  -60.119  -21.053 0.0000000000
19962  28.873  -59.563  -21.369 0.0000000000
18922  28.109  -60.808  -20.627 0.0000000000
19950  28.409  -60.279  -20.618 0.0000000000
19949  28.734  -59.857  -20.459 0.0000000000
18921  28.448  -60.396  -20.359 0.0000000000
18907  28.596  -60.685  -19.764 0.0000000000
19937  29.005  -59.855  -19.556 0.0000000000
18894  29.073  -60.508  -19.000 0.0000000000
19924  29.250  -59.826  -18.833 0.0000000000
18881  29.410  -60.407  -18.442 0.0000000000
18880  29.985  -60.400  -17.872 0.0000000000
18866  30.514  -59.892  -17.275 0.0000000000
19893  30.304  -59.062  -17.119 0.0000000000
18037  26.104  -61.096  -24.125 0.0000000000
19001  26.726  -60.687  -23.847 0.0000000000
19015  25.825  -60.369  -24.408 0.0000000000
19000  27.229  -60.669  -23.482 0.0000000000
18031  26.631  -61.211  -23.545 0.0000000000
18030  27.003  -61.213  -23.025 0.0000000000
18979  27.450  -60.776  -22.948 0.0000000000
18978  27.793  -60.531  -22.466 0.0000000000
18019  27.274  -61.105  -22.500 0.0000000000
18018  27.511  -60.982  -22.093 0.0000000000
18958  27.772  -60.717  -21.817 0.0000000000
18004  27.501  -61.162  -21.663 0.0000000000
18939  27.769  -60.936  -21.276 0.0000000000
17986  27.529  -61.441  -21.215 0.0000000000
18923  27.771  -61.158  -20.955 0.0000000000
17970  27.747  -61.496  -20.738 0.0000000000
17969  28.031  -61.578  -20.295 0.0000000000
18908  28.317  -61.274  -20.029 0.0000000000
17952  28.328  -61.741  -19.958 0.0000000000
17951  28.618  -61.574  -19.591 0.0000000000
17931  29.228  -61.425  -18.971 0.0000000000
17910  29.316  -60.856  -18.664 0.0000000000
17909  29.678  -61.045  -18.353 0.0000000000
17908  30.471  -61.311  -18.132 0.0000000000
18879  30.885  -60.642  -17.668 0.0000000000
17907  31.380  -61.321  -18.113 0.0000000000
18878  31.705  -60.666  -17.668 0.0000000000
18865  31.342  -60.069  -17.252 0.0000000000
17906  32.111  -61.082  -18.105 0.0000000000
18877  32.406  -60.518  -17.816 0.0000000000
18864  32.092  -60.146  -17.333 0.0000000000
17905  32.617  -60.917  -18.277 0.0000000000
18876  33.003  -60.488  -18.212 0.0000000000
18863  32.488  -60.102  -17.512 0.0000000000
19908  32.768  -60.118  -17.710 0.0000000000
17926  33.011  -61.091  -18.790 0.0000000000
18893  33.342  -60.648  -18.701 0.0000000000
18875  33.548  -60.201  -18.440 0.0000000000
19907  33.223  -59.831  -17.844 0.0000000000
18892  33.725  -60.569  -18.972 0.0000000000
19906  33.810  -59.595  -18.178 0.0000000000
19923  34.072  -59.990  -18.818 0.0000000000
19892  31.061  -59.343  -16.808 0.0000000000
19891  31.850  -59.631  -16.904 0.0000000000
19890  32.682  -59.606  -17.203 0.0000000000
17088  25.667  -62.025  -24.652 0.0000000000
17077  26.191  -61.968  -23.690 0.0000000000
18038  25.307  -61.147  -24.720 0.0000000000
17076  26.623  -61.687  -23.166 0.0000000000
17058  26.807  -61.819  -22.489 0.0000000000
18005  27.208  -61.407  -22.009 0.0000000000
17042  27.074  -61.935  -21.784 0.0000000000
17987  27.274  -61.544  -21.586 0.0000000000
17029  27.323  -61.878  -21.391 0.0000000000
17028  27.550  -62.009  -21.009 0.0000000000
17015  27.865  -62.073  -20.561 0.0000000000
17014  28.224  -62.116  -20.191 0.0000000000
17000  28.557  -62.141  -19.798 0.0000000000
16999  29.049  -62.123  -19.407 0.0000000000
16984  29.407  -62.018  -19.131 0.0000000000
16983  29.871  -62.125  -18.948 0.0000000000
17930  30.021  -61.635  -18.522 0.0000000000
16982  30.620  -61.997  -18.639 0.0000000000
17929  30.413  -61.680  -18.392 0.0000000000
16968  30.645  -61.685  -18.368 0.0000000000
17927  32.468  -61.301  -18.568 0.0000000000
16979  32.736  -61.465  -18.908 0.0000000000
16995  33.080  -61.708  -19.447 0.0000000000
17950  33.326  -61.209  -19.211 0.0000000000
17925  33.444  -60.933  -19.040 0.0000000000
17949  33.786  -61.134  -19.538 0.0000000000
16967  30.932  -61.707  -18.361 0.0000000000
16981  31.552  -62.016  -18.779 0.0000000000
17928  31.984  -61.520  -18.455 0.0000000000
16164  25.982  -62.872  -24.122 0.0000000000
16146  26.239  -62.747  -23.336 0.0000000000
17059  26.461  -62.184  -23.055 0.0000000000
16145  26.571  -62.703  -22.645 0.0000000000
16127  26.880  -62.537  -21.979 0.0000000000
16110  27.271  -62.454  -21.423 0.0000000000
16109  27.772  -62.689  -20.881 0.0000000000
16094  28.108  -62.494  -20.458 0.0000000000
16093  28.492  -62.628  -20.155 0.0000000000
16073  28.843  -62.547  -19.741 0.0000000000
16072  29.326  -62.655  -19.624 0.0000000000
16998  29.524  -62.338  -19.293 0.0000000000
16071  29.997  -62.698  -19.442 0.0000000000
16068  32.591  -62.405  -19.705 0.0000000000
16067  33.070  -62.228  -19.883 0.0000000000
16996  32.187  -62.131  -19.175 0.0000000000
17013  33.323  -62.089  -19.984 0.0000000000
16980  32.349  -61.716  -18.865 0.0000000000
17012  33.897  -61.759  -20.162 0.0000000000
16994  33.586  -61.531  -19.717 0.0000000000
16057  30.472  -62.458  -19.035 0.0000000000
16056  31.099  -62.390  -19.004 0.0000000000
16055  31.440  -62.327  -19.027 0.0000000000
16069  31.670  -62.524  -19.340 0.0000000000
16997  31.807  -62.246  -19.079 0.0000000000
15265  26.212  -63.597  -23.940 0.0000000000
15247  26.162  -63.205  -23.597 0.0000000000
15282  26.041  -63.607  -24.769 0.0000000000
16177  25.711  -62.880  -24.959 0.0000000000
15246  26.523  -63.511  -23.112 0.0000000000
15227  26.981  -63.359  -22.142 0.0000000000
15203  27.116  -62.892  -21.715 0.0000000000
15202  27.472  -63.148  -21.443 0.0000000000
15201  28.314  -63.491  -21.113 0.0000000000
16108  28.245  -62.900  -20.590 0.0000000000
15181  28.615  -63.089  -20.461 0.0000000000
16092  28.985  -62.935  -20.053 0.0000000000
15180  29.099  -63.372  -20.528 0.0000000000
16091  29.611  -63.121  -20.002 0.0000000000
15179  29.920  -63.573  -20.643 0.0000000000
16090  30.407  -63.201  -19.973 0.0000000000
15178  30.836  -63.526  -20.616 0.0000000000
16089  31.270  -63.100  -20.010 0.0000000000
16070  30.818  -62.761  -19.442 0.0000000000
15177  31.695  -63.443  -20.694 0.0000000000
16088  32.178  -62.947  -20.145 0.0000000000
15176  32.530  -63.311  -20.850 0.0000000000
16087  33.236  -62.643  -20.468 0.0000000000
15175  33.029  -63.190  -21.053 0.0000000000
16107  33.434  -63.131  -21.408 0.0000000000
16106  34.102  -62.549  -21.283 0.0000000000
16086  33.862  -62.292  -20.651 0.0000000000
17027  34.143  -62.124  -20.770 0.0000000000
14382  26.390  -64.159  -24.929 0.0000000000
15281  26.365  -64.033  -24.386 0.0000000000
14399  26.175  -64.066  -25.491 0.0000000000
15293  25.712  -63.489  -25.586 0.0000000000
14381  26.808  -64.456  -24.568 0.0000000000
15264  26.622  -64.132  -23.792 0.0000000000
14360  27.186  -64.626  -23.817 0.0000000000
14339  26.986  -64.247  -23.088 0.0000000000
14318  26.926  -63.836  -22.652 0.0000000000
14317  27.380  -64.098  -22.400 0.0000000000
15226  27.723  -63.727  -21.765 0.0000000000
14316  28.216  -64.231  -22.085 0.0000000000
15225  28.128  -63.850  -21.619 0.0000000000
14295  28.364  -63.914  -21.582 0.0000000000
14294  28.755  -64.039  -21.577 0.0000000000
15200  29.224  -63.765  -21.114 0.0000000000
14293  29.458  -64.134  -21.662 0.0000000000
15199  29.837  -63.897  -21.265 0.0000000000
14292  30.139  -64.137  -21.746 0.0000000000
15198  30.467  -63.835  -21.226 0.0000000000
15224  30.834  -64.061  -21.850 0.0000000000
15197  31.246  -63.750  -21.316 0.0000000000
15196  32.045  -63.636  -21.445 0.0000000000
15223  31.599  -63.951  -22.118 0.0000000000
15195  32.824  -63.484  -21.595 0.0000000000
15222  32.351  -63.761  -22.160 0.0000000000
15221  32.962  -63.668  -22.351 0.0000000000
16126  33.330  -63.434  -22.005 0.0000000000
14398  26.704  -64.482  -25.445 0.0000000000
14380  27.401  -64.846  -24.560 0.0000000000
14397  27.127  -64.736  -25.111 0.0000000000
13355  28.005  -65.089  -24.644 0.0000000000
14359  27.772  -64.961  -23.945 0.0000000000
13371  27.631  -65.008  -25.339 0.0000000000
14338  27.817  -64.689  -23.106 0.0000000000
13335  28.325  -65.065  -24.062 0.0000000000
13319  28.090  -64.973  -23.625 0.0000000000
13318  28.504  -64.945  -23.488 0.0000000000
14337  28.693  -64.677  -22.818 0.0000000000
13317  29.172  -64.874  -23.422 0.0000000000
14336  29.438  -64.616  -22.825 0.0000000000
14315  29.049  -64.389  -22.175 0.0000000000
14358  29.824  -64.768  -23.442 0.0000000000
14335  30.132  -64.541  -22.903 0.0000000000
14314  29.777  -64.373  -22.262 0.0000000000
14334  30.815  -64.423  -22.991 0.0000000000
14313  30.460  -64.301  -22.357 0.0000000000
14357  30.473  -64.685  -23.601 0.0000000000
14333  31.566  -64.237  -22.979 0.0000000000
14312  31.063  -64.225  -22.445 0.0000000000
14356  31.180  -64.493  -23.692 0.0000000000
15245  32.077  -63.987  -22.653 0.0000000000
14355  31.918  -64.357  -23.773 0.0000000000
14332  32.265  -64.139  -23.207 0.0000000000
14354  32.608  -64.203  -23.775 0.0000000000
14331  32.759  -64.033  -23.293 0.0000000000
15244  32.603  -63.901  -22.787 0.0000000000
14353  33.069  -63.990  -23.650 0.0000000000
15243  33.169  -63.768  -23.065 0.0000000000
13370  28.327  -65.193  -25.325 0.0000000000
13377  27.979  -65.359  -25.978 0.0000000000
13378  27.385  -65.166  -26.081 0.0000000000
13372  27.155  -64.800  -25.669 0.0000000000
13369  29.020  -65.255  -25.341 0.0000000000
13354  28.667  -65.118  -24.687 0.0000000000
13376  28.640  -65.502  -25.913 0.0000000000
13368  29.835  -65.281  -25.450 0.0000000000
13353  29.382  -65.062  -24.697 0.0000000000
13375  29.263  -65.551  -25.890 0.0000000000
12406  30.402  -65.694  -25.768 0.0000000000
13367  30.673  -65.285  -25.235 0.0000000000
12410  29.784  -66.073  -26.044 0.0000000000
13352  30.227  -64.953  -24.563 0.0000000000
13334  28.945  -65.022  -24.056 0.0000000000
13333  29.608  -64.914  -24.021 0.0000000000
13332  30.108  -64.836  -23.939 0.0000000000
14379  30.408  -64.827  -24.076 0.0000000000
13351  31.011  -64.918  -24.765 0.0000000000
14378  30.804  -64.747  -24.212 0.0000000000
13366  31.497  -65.151  -25.087 0.0000000000
13350  31.345  -64.866  -24.841 0.0000000000
14377  31.526  -64.679  -24.536 0.0000000000
13379  26.734  -64.958  -26.255 0.0000000000
12411  28.945  -66.135  -26.152 0.0000000000
12412  28.202  -66.044  -26.298 0.0000000000
12413  27.488  -65.851  -26.408 0.0000000000
12414  27.046  -65.501  -26.433 0.0000000000
15263  33.559  -63.799  -23.750 0.0000000000
14375  33.261  -64.235  -24.273 0.0000000000
14376  32.349  -64.473  -24.388 0.0000000000
15280  33.582  -63.971  -24.098 0.0000000000
14393  33.422  -64.663  -24.901 0.0000000000
14374  34.057  -64.420  -24.627 0.0000000000
14394  32.747  -64.676  -24.944 0.0000000000
15279  33.889  -63.867  -24.196 0.0000000000
14395  32.015  -64.774  -24.920 0.0000000000
14396  31.664  -64.818  -24.893 0.0000000000
13365  32.323  -65.326  -25.075 0.0000000000
15220  33.443  -63.533  -22.531 0.0000000000
15242  33.766  -63.462  -23.057 0.0000000000
15262  34.184  -63.401  -23.735 0.0000000000
15278  34.749  -63.591  -24.346 0.0000000000
16124  34.598  -62.576  -22.306 0.0000000000
16105  34.650  -62.217  -21.656 0.0000000000
16125  33.889  -63.155  -22.214 0.0000000000
17026  34.649  -61.822  -21.047 0.0000000000
17041  35.174  -61.838  -22.031 0.0000000000
16144  34.293  -63.054  -23.023 0.0000000000
16143  34.782  -62.712  -23.196 0.0000000000
17057  35.066  -62.261  -22.814 0.0000000000
16163  34.560  -63.064  -23.572 0.0000000000
16162  34.930  -62.949  -23.889 0.0000000000
17075  35.278  -62.434  -23.482 0.0000000000
15261  34.591  -63.221  -23.933 0.0000000000
17968  34.039  -61.318  -19.896 0.0000000000
17011  34.553  -61.424  -20.485 0.0000000000
17967  34.417  -61.049  -20.011 0.0000000000
17985  35.125  -60.962  -20.830 0.0000000000
18003  35.185  -61.385  -21.413 0.0000000000
17056  35.606  -61.875  -22.952 0.0000000000
17040  35.677  -61.492  -22.364 0.0000000000
18002  35.719  -60.860  -21.780 0.0000000000
18017  36.030  -61.264  -22.745 0.0000000000
17074  35.875  -62.218  -23.730 0.0000000000
18029  36.146  -61.665  -23.338 0.0000000000
16161  35.508  -62.774  -24.076 0.0000000000
18906  34.111  -60.485  -19.324 0.0000000000
17948  34.205  -60.772  -19.631 0.0000000000
18905  34.511  -60.433  -19.650 0.0000000000
18920  34.999  -60.416  -20.139 0.0000000000
18937  35.291  -60.483  -20.578 0.0000000000
17984  35.483  -60.721  -21.195 0.0000000000
18936  35.585  -60.329  -20.986 0.0000000000
18016  36.346  -60.656  -22.593 0.0000000000
18028  36.701  -61.061  -23.299 0.0000000000
19936  34.416  -60.068  -19.280 0.0000000000
19935  34.904  -59.807  -19.547 0.0000000000
19948  35.281  -59.937  -20.046 0.0000000000
18919  35.375  -60.175  -20.416 0.0000000000
19875  32.250  -59.183  -16.692 0.0000000000
19876  31.665  -59.123  -16.600 0.0000000000
20970  34.343  -59.336  -18.515 0.0000000000
19922  34.526  -59.671  -19.021 0.0000000000
21087  25.864  -58.472  -24.976 0.0000000000
22119  26.314  -57.861  -25.095 0.0000000000
21079  25.538  -59.003  -24.782 0.0000000000
21088  25.063  -58.660  -24.999 0.0000000000
22120  25.557  -57.878  -25.140 0.0000000000
20040  25.113  -59.323  -24.822 0.0000000000
20041  24.463  -59.544  -24.945 0.0000000000
21089  24.198  -58.672  -25.038 0.0000000000
22121  24.758  -57.899  -25.125 0.0000000000
20042  23.531  -59.631  -24.936 0.0000000000
21090  23.558  -58.567  -24.654 0.0000000000
22122  24.037  -57.890  -24.964 0.0000000000
21080  23.679  -58.737  -23.889 0.0000000000
20031  23.449  -59.519  -24.288 0.0000000000
22112  23.752  -58.122  -24.079 0.0000000000
22123  23.774  -57.886  -24.522 0.0000000000
23156  30.221  -57.395  -20.883 0.0000000000
23169  30.238  -57.566  -21.348 0.0000000000
22083  30.652  -57.660  -22.331 0.0000000000
23168  30.634  -57.083  -21.632 0.0000000000
23180  31.148  -57.160  -22.576 0.0000000000
22094  31.555  -57.784  -23.833 0.0000000000
23179  31.646  -57.236  -23.353 0.0000000000
22109  24.013  -58.223  -23.456 0.0000000000
23198  23.956  -57.882  -23.776 0.0000000000
23207  23.934  -57.636  -24.092 0.0000000000
23217  25.293  -57.289  -24.870 0.0000000000
23218  24.520  -57.277  -24.811 0.0000000000
23219  24.019  -57.471  -24.572 0.0000000000
23183  24.750  -57.610  -22.692 0.0000000000
22071  24.907  -58.550  -21.557 0.0000000000
22085  24.695  -58.248  -22.113 0.0000000000
22097  24.684  -57.979  -22.342 0.0000000000
23196  24.887  -57.213  -23.471 0.0000000000
22098  24.369  -58.275  -22.733 0.0000000000
23184  24.411  -57.867  -23.017 0.0000000000
23197  24.284  -57.663  -23.468 0.0000000000
22108  24.268  -57.993  -23.175 0.0000000000
23205  25.068  -57.062  -24.222 0.0000000000
23206  24.374  -57.239  -24.115 0.0000000000
25482  28.716  -55.637  -23.054 0.0000000000
26414  26.149  -54.285  -11.215 0.0000000000
27621  25.524  -53.693  -11.015 0.0000000000
28901  25.358  -52.927  -10.923 0.0000000000
30178  25.916  -52.224  -10.887 0.0000000000
27622  24.722  -53.633  -11.070 0.0000000000
28902  24.682  -52.827  -11.019 0.0000000000
30179  25.231  -52.174  -10.929 0.0000000000
27637  24.220  -53.333  -11.190 0.0000000000
28914  24.116  -52.772  -11.340 0.0000000000
30180  24.596  -52.112  -11.108 0.0000000000
31464  26.423  -51.504  -10.866 0.0000000000
31465  25.755  -51.487  -10.869 0.0000000000
31466  25.105  -51.442  -10.971 0.0000000000
30190  24.061  -52.056  -11.473 0.0000000000
31467  24.517  -51.392  -11.229 0.0000000000
28915  23.556  -52.733  -11.789 0.0000000000
30191  23.645  -51.962  -11.891 0.0000000000
31474  24.013  -51.342  -11.589 0.0000000000
28929  23.310  -52.399  -12.173 0.0000000000
30202  23.316  -51.895  -12.330 0.0000000000
31475  23.592  -51.300  -12.011 0.0000000000
28930  23.003  -52.503  -12.711 0.0000000000
30203  23.079  -51.864  -12.695 0.0000000000
31482  23.234  -51.303  -12.532 0.0000000000
30217  22.975  -52.006  -13.110 0.0000000000
31483  23.015  -51.606  -12.897 0.0000000000
28945  22.948  -52.512  -13.312 0.0000000000
30231  22.966  -52.200  -13.581 0.0000000000
31493  22.986  -51.639  -13.143 0.0000000000
30216  22.986  -51.713  -13.486 0.0000000000
32790  26.894  -50.756  -10.874 0.0000000000
32801  27.560  -50.715  -11.075 0.0000000000
32791  26.240  -50.787  -10.839 0.0000000000
32792  25.597  -50.748  -10.853 0.0000000000
32793  24.969  -50.704  -11.029 0.0000000000
32794  24.420  -50.669  -11.349 0.0000000000
32802  23.929  -50.640  -11.718 0.0000000000
32803  23.541  -50.622  -12.175 0.0000000000
32809  23.255  -50.595  -12.703 0.0000000000
31492  23.051  -51.224  -13.113 0.0000000000
31507  23.046  -51.155  -13.843 0.0000000000
32814  23.076  -50.537  -13.297 0.0000000000
30230  23.092  -52.036  -14.161 0.0000000000
31525  23.092  -51.271  -14.824 0.0000000000
32825  23.003  -50.568  -13.796 0.0000000000
32842  22.974  -50.703  -14.253 0.0000000000
34125  26.654  -50.151  -10.844 0.0000000000
34143  27.316  -49.852  -10.954 0.0000000000
34126  26.092  -50.040  -10.846 0.0000000000
34127  25.435  -49.988  -10.913 0.0000000000
34128  24.808  -49.959  -11.112 0.0000000000
34129  24.280  -49.942  -11.471 0.0000000000
34142  28.011  -49.926  -11.322 0.0000000000
34156  28.496  -49.977  -11.872 0.0000000000
34144  23.799  -49.935  -11.850 0.0000000000
34145  23.456  -49.928  -12.334 0.0000000000
22099  24.097  -58.525  -23.137 0.0000000000
21065  23.920  -58.746  -23.380 0.0000000000
21050  24.120  -58.899  -22.973 0.0000000000
22086  24.594  -58.651  -22.105 0.0000000000
21049  24.371  -58.973  -22.451 0.0000000000
22072  24.714  -58.845  -21.813 0.0000000000
21034  24.586  -59.097  -21.999 0.0000000000
21021  24.794  -59.128  -21.601 0.0000000000
20011  23.817  -59.418  -23.429 0.0000000000
19993  24.220  -59.519  -22.712 0.0000000000
19992  24.462  -59.454  -22.236 0.0000000000
19977  24.664  -59.583  -21.829 0.0000000000
19029  23.897  -60.463  -25.115 0.0000000000
19030  22.996  -60.617  -25.286 0.0000000000
20043  23.020  -60.123  -24.949 0.0000000000
20032  23.070  -59.913  -24.699 0.0000000000
19002  23.482  -60.338  -23.746 0.0000000000
19017  23.123  -60.164  -24.372 0.0000000000
18981  24.039  -60.275  -22.950 0.0000000000
18980  24.484  -60.127  -22.191 0.0000000000
12422  26.963  -65.958  -26.506 0.0000000000
12423  26.543  -65.750  -26.524 0.0000000000
11562  27.577  -66.769  -26.385 0.0000000000
11571  27.087  -66.377  -26.468 0.0000000000
11561  28.448  -66.853  -26.257 0.0000000000
11560  29.271  -66.911  -26.130 0.0000000000
11563  26.774  -66.954  -26.392 0.0000000000
11572  26.613  -66.347  -26.485 0.0000000000
10733  26.250  -67.701  -26.255 0.0000000000
10732  27.081  -67.647  -26.259 0.0000000000
11564  26.032  -66.790  -26.310 0.0000000000
10731  27.913  -67.585  -26.164 0.0000000000
10730  28.738  -67.635  -26.085 0.0000000000
9916  27.392  -68.217  -25.871 0.0000000000
9917  26.542  -68.396  -25.958 0.0000000000
9915  28.209  -68.207  -25.819 0.0000000000
9914  29.009  -68.317  -25.785 0.0000000000
10729  29.536  -67.725  -25.966 0.0000000000
10734  25.457  -67.665  -26.123 0.0000000000
11565  25.316  -66.912  -26.066 0.0000000000
11573  26.274  -66.219  -26.466 0.0000000000
12415  25.645  -66.459  -26.228 0.0000000000
12424  25.923  -65.975  -26.396 0.0000000000
13387  26.217  -65.386  -26.481 0.0000000000
