#!ascii label  , from subject  vox2ras=TkReg
1032
15997  21.222  -62.380  -15.030 0.0000000000
16012  21.087  -62.781  -15.654 0.0000000000
15996  21.674  -62.738  -14.806 0.0000000000
16923  21.309  -61.950  -14.546 0.0000000000
16936  20.938  -61.982  -15.197 0.0000000000
15094  21.197  -63.320  -15.924 0.0000000000
15093  21.593  -63.578  -15.660 0.0000000000
16011  21.486  -63.093  -15.309 0.0000000000
16024  21.027  -63.200  -16.129 0.0000000000
16025  20.648  -63.039  -16.615 0.0000000000
16013  20.656  -62.454  -16.162 0.0000000000
16937  20.612  -61.946  -15.844 0.0000000000
16948  20.390  -62.012  -16.593 0.0000000000
15110  21.203  -63.669  -16.332 0.0000000000
15111  20.921  -63.632  -16.767 0.0000000000
15123  20.737  -63.877  -17.257 0.0000000000
16035  20.321  -63.186  -17.456 0.0000000000
16958  20.180  -62.284  -17.512 0.0000000000
15135  20.212  -63.721  -17.951 0.0000000000
16045  19.985  -62.956  -18.036 0.0000000000
15136  19.881  -63.398  -18.348 0.0000000000
16046  19.695  -62.924  -18.553 0.0000000000
16970  19.778  -62.202  -18.509 0.0000000000
15150  19.619  -63.537  -18.800 0.0000000000
16060  19.456  -62.892  -18.972 0.0000000000
16971  19.595  -62.554  -18.770 0.0000000000
15162  19.277  -63.382  -19.292 0.0000000000
16076  19.237  -62.750  -19.446 0.0000000000
16987  19.517  -62.214  -19.100 0.0000000000
15163  19.021  -63.255  -19.764 0.0000000000
16077  19.035  -62.641  -19.940 0.0000000000
17003  19.310  -62.140  -19.704 0.0000000000
16922  21.656  -62.223  -14.417 0.0000000000
16904  21.867  -61.929  -13.929 0.0000000000
16905  21.397  -61.518  -14.030 0.0000000000
17849  21.064  -61.172  -14.346 0.0000000000
17861  20.928  -61.492  -14.843 0.0000000000
17862  20.658  -61.262  -15.377 0.0000000000
17877  20.468  -61.055  -16.297 0.0000000000
17892  20.359  -61.234  -17.287 0.0000000000
17913  20.146  -61.356  -18.228 0.0000000000
16986  19.676  -61.952  -18.912 0.0000000000
17934  19.765  -61.461  -19.153 0.0000000000
17935  19.532  -61.836  -19.441 0.0000000000
17004  19.084  -62.191  -20.103 0.0000000000
17955  19.515  -61.534  -19.800 0.0000000000
17018  19.255  -61.825  -20.101 0.0000000000
17833  21.345  -61.058  -13.811 0.0000000000
18804  21.132  -60.563  -13.967 0.0000000000
18822  20.859  -60.470  -14.603 0.0000000000
17850  20.824  -61.027  -14.846 0.0000000000
18823  20.698  -60.699  -15.125 0.0000000000
18839  20.616  -60.549  -15.666 0.0000000000
18854  20.663  -60.157  -16.298 0.0000000000
18868  20.559  -60.262  -17.111 0.0000000000
18883  20.483  -60.451  -17.991 0.0000000000
18897  20.302  -60.522  -18.911 0.0000000000
17954  19.716  -61.135  -19.720 0.0000000000
18911  19.946  -60.545  -19.854 0.0000000000
18784  21.408  -60.638  -13.455 0.0000000000
19808  21.196  -60.091  -13.553 0.0000000000
19828  21.018  -59.900  -14.128 0.0000000000
19847  20.879  -59.725  -14.765 0.0000000000
18838  20.728  -60.156  -15.210 0.0000000000
19864  20.918  -59.544  -15.426 0.0000000000
18853  20.763  -59.973  -15.754 0.0000000000
19879  20.977  -59.459  -16.196 0.0000000000
19880  20.771  -59.685  -16.788 0.0000000000
19897  20.797  -59.575  -17.327 0.0000000000
19914  20.684  -59.778  -17.789 0.0000000000
19927  20.760  -59.555  -18.589 0.0000000000
19940  20.430  -59.681  -19.556 0.0000000000
18767  21.413  -60.274  -13.251 0.0000000000
19793  21.385  -59.835  -13.080 0.0000000000
20855  21.095  -59.260  -13.598 0.0000000000
20870  20.962  -59.260  -14.337 0.0000000000
20891  21.063  -59.029  -14.966 0.0000000000
20914  21.171  -58.918  -15.700 0.0000000000
20931  21.200  -58.742  -16.381 0.0000000000
19896  21.081  -59.085  -17.020 0.0000000000
20945  21.243  -58.470  -16.910 0.0000000000
19913  21.052  -59.176  -17.904 0.0000000000
20961  21.267  -58.405  -17.590 0.0000000000
20841  21.411  -59.073  -12.825 0.0000000000
21908  21.339  -58.249  -13.249 0.0000000000
21921  21.191  -58.422  -14.313 0.0000000000
21938  21.327  -58.294  -15.300 0.0000000000
21965  21.293  -58.344  -15.966 0.0000000000
21994  21.225  -58.127  -16.486 0.0000000000
21897  21.527  -58.506  -12.666 0.0000000000
21896  21.732  -57.906  -12.554 0.0000000000
21907  21.516  -57.697  -13.071 0.0000000000
22980  21.481  -57.640  -13.345 0.0000000000
22988  21.475  -57.597  -13.878 0.0000000000
23001  21.490  -57.328  -14.936 0.0000000000
23028  21.264  -57.601  -15.966 0.0000000000
22007  21.176  -57.961  -17.052 0.0000000000
23059  21.126  -57.622  -16.637 0.0000000000
22979  21.749  -57.033  -13.259 0.0000000000
22987  21.745  -56.917  -14.251 0.0000000000
23000  21.672  -56.759  -14.742 0.0000000000
24157  21.507  -56.405  -15.084 0.0000000000
24181  21.042  -56.467  -15.857 0.0000000000
24210  20.962  -57.042  -16.539 0.0000000000
23085  20.965  -57.360  -17.130 0.0000000000
24156  21.844  -56.339  -14.661 0.0000000000
25297  21.726  -55.974  -14.986 0.0000000000
25316  21.255  -55.544  -15.308 0.0000000000
24242  20.746  -56.832  -17.006 0.0000000000
24211  20.543  -56.408  -16.602 0.0000000000
25296  22.194  -55.564  -14.779 0.0000000000
24146  22.009  -56.309  -14.037 0.0000000000
25279  22.301  -55.747  -13.891 0.0000000000
25278  22.713  -55.035  -14.005 0.0000000000
25295  22.674  -55.138  -14.685 0.0000000000
26498  22.543  -55.060  -14.982 0.0000000000
25315  21.670  -55.076  -15.110 0.0000000000
26526  22.081  -54.619  -15.235 0.0000000000
26497  23.019  -54.691  -14.980 0.0000000000
24136  22.077  -56.154  -13.408 0.0000000000
25264  22.302  -55.534  -13.258 0.0000000000
25263  22.585  -54.835  -13.006 0.0000000000
26466  22.863  -54.051  -13.405 0.0000000000
26477  23.077  -54.300  -14.200 0.0000000000
24121  22.112  -56.138  -12.661 0.0000000000
25247  22.390  -55.394  -12.627 0.0000000000
25246  22.725  -54.892  -12.277 0.0000000000
26457  22.803  -54.138  -12.526 0.0000000000
24120  22.599  -55.656  -12.101 0.0000000000
25233  23.112  -55.078  -11.681 0.0000000000
26439  23.127  -54.254  -11.873 0.0000000000
24102  23.121  -56.079  -11.586 0.0000000000
25232  23.886  -55.226  -11.284 0.0000000000
26438  23.666  -54.401  -11.443 0.0000000000
24101  24.049  -56.208  -11.317 0.0000000000
25231  24.678  -55.502  -11.208 0.0000000000
25218  24.585  -54.886  -11.176 0.0000000000
26417  24.307  -54.399  -11.233 0.0000000000
24100  24.937  -56.289  -11.380 0.0000000000
25230  25.551  -55.402  -11.319 0.0000000000
25217  25.156  -54.926  -11.184 0.0000000000
24099  25.794  -56.346  -11.588 0.0000000000
25229  26.422  -55.584  -11.620 0.0000000000
25216  25.509  -54.922  -11.226 0.0000000000
26437  25.740  -54.876  -11.252 0.0000000000
26436  26.236  -54.708  -11.335 0.0000000000
26416  24.988  -54.337  -11.144 0.0000000000
26415  25.697  -54.454  -11.143 0.0000000000
22971  22.068  -57.024  -12.301 0.0000000000
24103  22.438  -56.368  -12.012 0.0000000000
22956  22.678  -57.005  -11.761 0.0000000000
22955  23.478  -57.008  -11.472 0.0000000000
22954  24.367  -57.075  -11.464 0.0000000000
22953  25.246  -57.151  -11.583 0.0000000000
22952  26.058  -57.175  -11.856 0.0000000000
24098  26.597  -56.447  -11.870 0.0000000000
21886  22.293  -57.754  -11.972 0.0000000000
21885  23.004  -57.789  -11.644 0.0000000000
21884  23.853  -57.840  -11.573 0.0000000000
21883  24.718  -57.902  -11.656 0.0000000000
21882  25.591  -58.026  -11.911 0.0000000000
21881  26.278  -57.803  -12.269 0.0000000000
22951  26.756  -57.160  -12.266 0.0000000000
20840  21.975  -58.821  -12.293 0.0000000000
20830  22.097  -58.258  -12.130 0.0000000000
20829  22.570  -58.545  -11.880 0.0000000000
20828  23.384  -58.521  -11.716 0.0000000000
20827  24.242  -58.662  -11.818 0.0000000000
20826  25.007  -58.554  -11.914 0.0000000000
20837  25.548  -58.905  -12.455 0.0000000000
21895  25.993  -58.353  -12.414 0.0000000000
21894  26.452  -58.273  -12.770 0.0000000000
22970  26.739  -57.718  -12.611 0.0000000000
19792  21.868  -59.710  -12.569 0.0000000000
19791  22.612  -59.503  -12.187 0.0000000000
20839  22.418  -58.991  -12.041 0.0000000000
19779  22.654  -59.031  -11.996 0.0000000000
20838  24.829  -59.094  -12.115 0.0000000000
19788  24.998  -59.642  -12.576 0.0000000000
19807  25.736  -59.589  -13.253 0.0000000000
20854  25.969  -59.053  -13.010 0.0000000000
20836  26.073  -58.694  -12.767 0.0000000000
20853  26.388  -58.839  -13.256 0.0000000000
19778  23.045  -59.063  -11.937 0.0000000000
19777  23.665  -59.088  -11.918 0.0000000000
19789  24.229  -59.504  -12.161 0.0000000000
18780  24.985  -60.443  -13.199 0.0000000000
18803  25.794  -60.191  -13.973 0.0000000000
19827  25.968  -59.724  -13.708 0.0000000000
19826  26.363  -59.369  -13.918 0.0000000000
19806  26.116  -59.220  -13.351 0.0000000000
18766  21.761  -60.489  -13.004 0.0000000000
18765  22.465  -60.354  -12.571 0.0000000000
18764  23.207  -60.262  -12.438 0.0000000000
19790  23.436  -59.604  -12.143 0.0000000000
18763  23.870  -60.102  -12.427 0.0000000000
18762  24.470  -60.081  -12.587 0.0000000000
17830  25.074  -61.113  -13.979 0.0000000000
18821  25.687  -60.768  -14.492 0.0000000000
18820  26.068  -60.373  -14.994 0.0000000000
18802  26.172  -59.894  -14.437 0.0000000000
19846  26.522  -59.659  -14.855 0.0000000000
17812  21.560  -61.041  -13.482 0.0000000000
18783  21.646  -60.856  -13.291 0.0000000000
17811  21.941  -61.212  -13.299 0.0000000000
17808  24.459  -61.127  -13.324 0.0000000000
17807  24.872  -60.929  -13.469 0.0000000000
18781  24.178  -60.585  -12.764 0.0000000000
17794  22.283  -60.857  -12.879 0.0000000000
17793  22.749  -60.839  -12.750 0.0000000000
17792  22.962  -60.626  -12.621 0.0000000000
17809  23.442  -60.993  -12.847 0.0000000000
18782  23.678  -60.496  -12.600 0.0000000000
17832  21.588  -61.372  -13.677 0.0000000000
16901  24.388  -61.872  -14.046 0.0000000000
16900  24.984  -61.747  -14.695 0.0000000000
17831  24.581  -61.426  -13.726 0.0000000000
17848  25.565  -61.195  -15.138 0.0000000000
16885  22.424  -61.702  -13.407 0.0000000000
17810  22.643  -61.253  -13.030 0.0000000000
16884  23.106  -61.707  -13.311 0.0000000000
16883  23.905  -61.627  -13.422 0.0000000000
16882  24.348  -61.534  -13.609 0.0000000000
15979  21.867  -62.344  -14.359 0.0000000000
15978  22.254  -62.529  -14.251 0.0000000000
16903  22.689  -62.172  -13.768 0.0000000000
15977  23.040  -62.695  -14.230 0.0000000000
16902  23.522  -62.188  -13.791 0.0000000000
15976  23.872  -62.636  -14.416 0.0000000000
16921  24.594  -62.453  -14.959 0.0000000000
16920  25.170  -62.002  -15.437 0.0000000000
15077  21.699  -63.210  -15.208 0.0000000000
15076  22.097  -63.375  -15.133 0.0000000000
15995  22.521  -63.050  -14.687 0.0000000000
15075  22.760  -63.489  -15.130 0.0000000000
15994  23.372  -63.198  -14.857 0.0000000000
15091  23.338  -63.688  -15.582 0.0000000000
16010  23.877  -63.369  -15.352 0.0000000000
15993  24.079  -63.008  -15.004 0.0000000000
16009  24.445  -63.080  -15.688 0.0000000000
14255  19.418  -64.070  -19.300 0.0000000000
14256  19.139  -63.754  -19.607 0.0000000000
14242  19.827  -64.214  -18.804 0.0000000000
15149  19.945  -63.835  -18.452 0.0000000000
14241  20.225  -64.287  -18.388 0.0000000000
14225  20.668  -64.382  -17.904 0.0000000000
14207  20.965  -64.356  -17.523 0.0000000000
14206  21.405  -64.499  -17.213 0.0000000000
15122  21.123  -63.947  -16.860 0.0000000000
14188  21.341  -64.090  -16.695 0.0000000000
14187  21.699  -64.195  -16.403 0.0000000000
15109  21.528  -63.872  -16.076 0.0000000000
14170  21.708  -63.949  -15.996 0.0000000000
14169  21.986  -64.026  -15.966 0.0000000000
15092  22.470  -63.878  -15.627 0.0000000000
14186  22.493  -64.340  -16.309 0.0000000000
15108  23.066  -64.103  -16.054 0.0000000000
15107  23.768  -63.971  -16.407 0.0000000000
15090  23.970  -63.561  -15.837 0.0000000000
15106  24.292  -63.515  -16.272 0.0000000000
14275  19.169  -64.104  -19.677 0.0000000000
14276  18.907  -63.918  -20.049 0.0000000000
13256  19.766  -64.796  -19.231 0.0000000000
13275  19.296  -64.624  -19.790 0.0000000000
13232  20.141  -64.679  -18.769 0.0000000000
13231  20.613  -64.844  -18.485 0.0000000000
13210  20.979  -64.823  -18.092 0.0000000000
14224  21.090  -64.620  -17.734 0.0000000000
13209  21.425  -65.033  -17.910 0.0000000000
13192  21.724  -64.993  -17.591 0.0000000000
13191  22.001  -64.921  -17.409 0.0000000000
14205  22.170  -64.648  -16.932 0.0000000000
13190  22.592  -64.958  -17.474 0.0000000000
14204  22.884  -64.628  -16.974 0.0000000000
14223  23.219  -64.819  -17.555 0.0000000000
14203  23.587  -64.414  -17.143 0.0000000000
14185  23.182  -64.352  -16.545 0.0000000000
15121  24.028  -64.117  -16.984 0.0000000000
14222  23.797  -64.622  -18.162 0.0000000000
14202  24.114  -64.183  -17.453 0.0000000000
14221  24.478  -63.848  -17.997 0.0000000000
15120  24.447  -63.660  -17.040 0.0000000000
12324  19.428  -65.564  -20.152 0.0000000000
12308  19.630  -65.115  -19.678 0.0000000000
13276  18.839  -64.716  -20.480 0.0000000000
12307  20.050  -65.437  -19.546 0.0000000000
13255  20.365  -65.166  -19.013 0.0000000000
12306  20.913  -65.722  -19.379 0.0000000000
13254  20.855  -65.290  -18.837 0.0000000000
12287  21.261  -65.488  -18.867 0.0000000000
13230  21.133  -65.173  -18.449 0.0000000000
13229  21.696  -65.463  -18.525 0.0000000000
12286  21.701  -65.754  -19.135 0.0000000000
13228  22.572  -65.541  -19.049 0.0000000000
13208  22.156  -65.234  -17.984 0.0000000000
12285  22.081  -65.834  -19.452 0.0000000000
12304  22.333  -65.907  -19.921 0.0000000000
13253  22.970  -65.573  -20.079 0.0000000000
13227  23.422  -65.071  -18.758 0.0000000000
13207  23.061  -65.105  -18.168 0.0000000000
13252  23.437  -65.166  -19.630 0.0000000000
13206  23.458  -64.979  -18.350 0.0000000000
14240  23.996  -64.696  -19.232 0.0000000000
11466  19.848  -66.456  -20.476 0.0000000000
12323  20.330  -66.049  -19.983 0.0000000000
11467  19.142  -66.216  -20.785 0.0000000000
12325  18.747  -65.540  -20.945 0.0000000000
11465  20.672  -66.632  -20.460 0.0000000000
12322  21.140  -66.245  -20.106 0.0000000000
11464  21.356  -66.609  -20.638 0.0000000000
12321  21.856  -66.292  -20.537 0.0000000000
12305  21.679  -66.011  -19.736 0.0000000000
11463  21.636  -66.546  -20.751 0.0000000000
11482  21.672  -66.721  -21.081 0.0000000000
12339  22.273  -66.341  -21.335 0.0000000000
12320  22.683  -65.877  -20.742 0.0000000000
13274  23.082  -65.502  -20.626 0.0000000000
12338  22.838  -65.813  -21.595 0.0000000000
13289  23.153  -65.383  -21.132 0.0000000000
11483  21.063  -67.046  -21.014 0.0000000000
11504  21.464  -67.167  -21.480 0.0000000000
11503  21.924  -66.916  -21.874 0.0000000000
11484  20.265  -67.066  -20.861 0.0000000000
11485  19.426  -66.882  -21.008 0.0000000000
10651  20.709  -67.507  -21.340 0.0000000000
10650  21.163  -67.364  -21.458 0.0000000000
10652  19.889  -67.510  -21.275 0.0000000000
10668  21.313  -67.585  -22.095 0.0000000000
10667  21.848  -67.221  -22.307 0.0000000000
11522  22.074  -66.838  -22.685 0.0000000000
12357  22.503  -66.271  -22.210 0.0000000000
10686  21.788  -67.322  -22.621 0.0000000000
10704  21.848  -67.181  -23.108 0.0000000000
11537  21.916  -66.568  -23.637 0.0000000000
12372  22.379  -66.213  -22.981 0.0000000000
10705  21.524  -67.416  -23.595 0.0000000000
11538  21.559  -66.995  -24.062 0.0000000000
12383  22.348  -65.855  -23.443 0.0000000000
11550  21.477  -66.507  -24.527 0.0000000000
11549  21.804  -66.213  -24.177 0.0000000000
12394  22.055  -65.788  -24.043 0.0000000000
10720  21.165  -67.415  -24.388 0.0000000000
12395  21.743  -65.946  -24.462 0.0000000000
10727  21.013  -66.966  -25.062 0.0000000000
11557  21.264  -66.295  -25.401 0.0000000000
12408  21.560  -65.678  -24.998 0.0000000000
10740  21.002  -66.940  -25.835 0.0000000000
11570  21.611  -66.307  -25.980 0.0000000000
12421  21.287  -65.542  -25.923 0.0000000000
10739  21.762  -67.103  -26.009 0.0000000000
11569  22.386  -66.451  -25.882 0.0000000000
12420  22.204  -65.603  -26.073 0.0000000000
12356  22.873  -65.649  -22.224 0.0000000000
13305  23.202  -65.093  -21.907 0.0000000000
12371  22.696  -65.785  -22.731 0.0000000000
13320  22.953  -65.175  -22.632 0.0000000000
12382  22.554  -65.838  -23.095 0.0000000000
13336  22.692  -65.433  -23.170 0.0000000000
13337  22.440  -65.241  -23.698 0.0000000000
13356  22.126  -65.080  -24.253 0.0000000000
12407  21.856  -65.504  -24.519 0.0000000000
13373  21.797  -64.970  -24.773 0.0000000000
13374  21.438  -64.927  -25.340 0.0000000000
12419  23.024  -65.772  -25.869 0.0000000000
13384  22.926  -65.019  -26.019 0.0000000000
13385  22.310  -64.871  -26.221 0.0000000000
12426  21.822  -65.198  -26.265 0.0000000000
13386  21.192  -64.775  -25.979 0.0000000000
12427  21.431  -65.051  -26.343 0.0000000000
13390  21.865  -64.757  -26.408 0.0000000000
13391  21.495  -64.617  -26.416 0.0000000000
14254  23.949  -64.673  -20.131 0.0000000000
13273  23.449  -65.109  -20.546 0.0000000000
14274  23.850  -64.522  -20.849 0.0000000000
13288  23.510  -64.774  -21.352 0.0000000000
14297  23.876  -64.254  -21.367 0.0000000000
13304  23.425  -64.716  -21.788 0.0000000000
14319  23.623  -64.331  -21.868 0.0000000000
14320  23.383  -64.649  -22.023 0.0000000000
14341  23.302  -64.455  -22.447 0.0000000000
14361  22.851  -64.571  -23.271 0.0000000000
14362  22.433  -64.635  -23.931 0.0000000000
14384  22.090  -64.269  -24.458 0.0000000000
14400  21.664  -64.274  -25.064 0.0000000000
14401  21.316  -64.227  -25.621 0.0000000000
13383  23.665  -65.110  -25.896 0.0000000000
14408  23.504  -64.395  -25.941 0.0000000000
14409  22.828  -64.330  -26.060 0.0000000000
14410  22.180  -64.277  -26.228 0.0000000000
14411  21.593  -64.194  -26.210 0.0000000000
14412  21.884  -64.457  -26.383 0.0000000000
14413  21.673  -64.400  -26.423 0.0000000000
15134  24.958  -63.152  -17.766 0.0000000000
14239  24.433  -64.025  -18.913 0.0000000000
15148  24.921  -63.271  -18.663 0.0000000000
14253  24.345  -64.086  -19.834 0.0000000000
15161  24.728  -63.379  -19.589 0.0000000000
14273  24.202  -64.124  -20.631 0.0000000000
15182  24.493  -63.459  -20.471 0.0000000000
14296  24.062  -64.161  -21.064 0.0000000000
15204  24.171  -63.661  -21.366 0.0000000000
15205  23.928  -64.002  -21.670 0.0000000000
15229  23.858  -63.668  -21.999 0.0000000000
14340  23.590  -64.034  -22.247 0.0000000000
15248  23.498  -63.634  -22.635 0.0000000000
15249  23.161  -64.047  -22.918 0.0000000000
15267  23.009  -63.517  -23.346 0.0000000000
14383  22.562  -63.961  -23.906 0.0000000000
15283  22.602  -63.283  -23.951 0.0000000000
15284  22.252  -63.437  -24.381 0.0000000000
15295  21.884  -63.510  -24.955 0.0000000000
15296  21.567  -63.697  -25.409 0.0000000000
15305  21.644  -63.662  -25.828 0.0000000000
14407  24.223  -64.426  -25.972 0.0000000000
15301  23.991  -63.758  -25.932 0.0000000000
15302  23.347  -63.721  -25.949 0.0000000000
15303  22.720  -63.682  -26.032 0.0000000000
15304  22.116  -63.632  -26.035 0.0000000000
16023  24.690  -63.153  -16.464 0.0000000000
16034  24.918  -63.054  -17.073 0.0000000000
16044  25.076  -62.873  -17.416 0.0000000000
15147  25.107  -62.880  -18.280 0.0000000000
15133  25.153  -62.780  -17.998 0.0000000000
16043  25.222  -62.606  -17.675 0.0000000000
16058  25.258  -62.436  -18.262 0.0000000000
16059  25.135  -62.685  -18.691 0.0000000000
16075  25.046  -62.596  -19.351 0.0000000000
16095  24.800  -62.664  -20.227 0.0000000000
16111  24.520  -62.753  -21.124 0.0000000000
15228  24.050  -63.425  -21.797 0.0000000000
16128  24.105  -62.931  -22.024 0.0000000000
16129  23.800  -63.268  -22.339 0.0000000000
16148  23.711  -62.815  -22.696 0.0000000000
15266  23.380  -63.177  -23.002 0.0000000000
16165  23.251  -62.713  -23.316 0.0000000000
16166  22.784  -62.721  -23.816 0.0000000000
16178  22.403  -62.763  -24.305 0.0000000000
16179  22.087  -62.834  -24.739 0.0000000000
16190  21.900  -62.833  -25.216 0.0000000000
16191  21.747  -63.250  -25.406 0.0000000000
16200  21.592  -63.333  -25.644 0.0000000000
15300  24.678  -63.689  -25.981 0.0000000000
16195  24.296  -63.248  -25.929 0.0000000000
16196  23.814  -63.083  -25.925 0.0000000000
16197  23.222  -63.090  -25.944 0.0000000000
16198  22.667  -63.012  -25.954 0.0000000000
16199  22.005  -62.940  -25.759 0.0000000000
16935  24.915  -62.561  -15.657 0.0000000000
16008  24.901  -62.795  -16.115 0.0000000000
16022  25.040  -62.730  -16.631 0.0000000000
16033  25.163  -62.650  -17.146 0.0000000000
16957  25.358  -62.214  -17.277 0.0000000000
16969  25.415  -62.046  -17.852 0.0000000000
16985  25.421  -61.812  -18.446 0.0000000000
16074  25.229  -62.174  -18.864 0.0000000000
17001  25.374  -61.565  -19.038 0.0000000000
17002  25.191  -61.929  -19.382 0.0000000000
17017  25.061  -61.954  -19.963 0.0000000000
17031  24.877  -61.793  -20.823 0.0000000000
17043  24.497  -61.941  -21.767 0.0000000000
16147  23.967  -62.623  -22.430 0.0000000000
17060  24.017  -62.093  -22.535 0.0000000000
17061  23.517  -62.010  -23.205 0.0000000000
17078  22.991  -62.000  -23.757 0.0000000000
17079  22.559  -62.074  -24.300 0.0000000000
17090  22.235  -62.260  -24.650 0.0000000000
17091  22.075  -62.261  -25.002 0.0000000000
17105  21.968  -62.303  -25.434 0.0000000000
16188  24.700  -62.885  -25.780 0.0000000000
16189  24.214  -62.866  -25.848 0.0000000000
17103  24.005  -62.278  -25.710 0.0000000000
17114  23.569  -62.693  -25.890 0.0000000000
17115  23.242  -62.376  -25.885 0.0000000000
17116  22.686  -62.377  -25.880 0.0000000000
17117  22.224  -62.226  -25.765 0.0000000000
16934  25.211  -62.298  -16.204 0.0000000000
17860  25.519  -61.613  -16.068 0.0000000000
16947  25.265  -62.368  -16.804 0.0000000000
17876  25.445  -61.900  -16.771 0.0000000000
17891  25.590  -61.685  -17.409 0.0000000000
17912  25.624  -61.496  -18.027 0.0000000000
17933  25.655  -61.139  -18.621 0.0000000000
17953  25.516  -60.989  -19.220 0.0000000000
17016  25.280  -61.342  -19.675 0.0000000000
17971  25.418  -60.758  -19.662 0.0000000000
17030  25.128  -61.366  -20.279 0.0000000000
17988  25.256  -60.819  -20.139 0.0000000000
17989  25.097  -60.902  -20.753 0.0000000000
18006  24.757  -60.888  -21.535 0.0000000000
18020  24.283  -61.086  -22.360 0.0000000000
18021  23.772  -61.173  -23.098 0.0000000000
18032  23.230  -61.236  -23.706 0.0000000000
18033  22.776  -61.308  -24.279 0.0000000000
18040  22.341  -61.494  -24.965 0.0000000000
18041  21.965  -61.978  -25.121 0.0000000000
17102  25.030  -62.102  -25.289 0.0000000000
18049  24.523  -61.251  -25.168 0.0000000000
17104  23.488  -61.959  -25.793 0.0000000000
18050  23.476  -61.413  -25.631 0.0000000000
18060  23.269  -61.862  -25.822 0.0000000000
18052  22.134  -61.776  -25.566 0.0000000000
18061  23.147  -61.844  -25.942 0.0000000000
18062  22.519  -61.880  -25.839 0.0000000000
17859  25.835  -60.978  -16.023 0.0000000000
17847  25.909  -60.756  -15.513 0.0000000000
18837  26.152  -60.449  -15.909 0.0000000000
17875  25.771  -61.233  -16.860 0.0000000000
18852  26.082  -60.590  -16.666 0.0000000000
17890  25.821  -61.159  -17.660 0.0000000000
18867  26.038  -60.650  -17.428 0.0000000000
17911  25.789  -61.082  -18.156 0.0000000000
18882  25.936  -60.705  -18.065 0.0000000000
17932  25.832  -60.862  -18.383 0.0000000000
18895  25.866  -60.482  -18.661 0.0000000000
18896  25.696  -60.751  -18.968 0.0000000000
18910  25.672  -60.372  -19.319 0.0000000000
18924  25.376  -60.280  -19.925 0.0000000000
18940  25.176  -60.271  -20.490 0.0000000000
18941  24.975  -60.242  -21.091 0.0000000000
18980  24.484  -60.127  -22.191 0.0000000000
18981  24.039  -60.275  -22.950 0.0000000000
19002  23.482  -60.338  -23.746 0.0000000000
19003  23.023  -60.680  -24.175 0.0000000000
19018  22.778  -60.541  -24.709 0.0000000000
18051  22.658  -61.384  -25.667 0.0000000000
19030  22.996  -60.617  -25.286 0.0000000000
18048  25.039  -61.547  -25.042 0.0000000000
18038  25.307  -61.147  -24.720 0.0000000000
18039  24.867  -60.796  -24.785 0.0000000000
19028  24.610  -60.368  -24.857 0.0000000000
19029  23.897  -60.463  -25.115 0.0000000000
19863  26.534  -59.897  -15.711 0.0000000000
19878  26.455  -60.050  -16.562 0.0000000000
19895  26.262  -60.167  -17.225 0.0000000000
19912  26.140  -59.944  -18.071 0.0000000000
19925  25.962  -59.907  -18.772 0.0000000000
18909  25.853  -60.135  -19.007 0.0000000000
19938  25.825  -59.779  -19.219 0.0000000000
19939  25.552  -59.774  -19.714 0.0000000000
19951  25.276  -59.727  -20.227 0.0000000000
19964  25.071  -59.687  -20.780 0.0000000000
18959  24.765  -60.092  -21.602 0.0000000000
19965  24.879  -59.634  -21.330 0.0000000000
19017  23.123  -60.164  -24.372 0.0000000000
20032  23.070  -59.913  -24.699 0.0000000000
20043  23.020  -60.123  -24.949 0.0000000000
19016  25.176  -60.360  -24.647 0.0000000000
20030  24.970  -59.836  -24.757 0.0000000000
20041  24.463  -59.544  -24.945 0.0000000000
20869  26.624  -58.931  -13.642 0.0000000000
19845  26.891  -59.019  -14.612 0.0000000000
19825  26.720  -59.050  -14.164 0.0000000000
20868  26.903  -58.747  -13.977 0.0000000000
19862  26.923  -59.240  -15.531 0.0000000000
20913  27.358  -58.648  -15.315 0.0000000000
19877  26.814  -59.400  -16.452 0.0000000000
20930  27.260  -58.672  -16.271 0.0000000000
19894  26.527  -59.555  -17.388 0.0000000000
20944  26.926  -58.816  -17.229 0.0000000000
19911  26.362  -59.455  -17.969 0.0000000000
20959  26.525  -58.943  -18.151 0.0000000000
20960  26.270  -59.385  -18.265 0.0000000000
20974  26.040  -59.204  -18.854 0.0000000000
20990  25.699  -59.305  -19.533 0.0000000000
20991  25.401  -59.222  -19.986 0.0000000000
21006  25.206  -59.183  -20.495 0.0000000000
21020  25.005  -59.112  -21.070 0.0000000000
19977  24.664  -59.583  -21.829 0.0000000000
21021  24.794  -59.128  -21.601 0.0000000000
20029  25.568  -59.645  -24.586 0.0000000000
20040  25.113  -59.323  -24.822 0.0000000000
21906  26.726  -58.423  -13.190 0.0000000000
20852  26.765  -58.671  -13.489 0.0000000000
20929  27.608  -58.219  -15.823 0.0000000000
21993  27.595  -58.034  -16.431 0.0000000000
22006  27.332  -58.145  -17.097 0.0000000000
22020  26.952  -58.089  -17.969 0.0000000000
20973  26.311  -58.692  -18.712 0.0000000000
22032  26.526  -58.239  -18.675 0.0000000000
22033  26.130  -58.393  -19.144 0.0000000000
22046  25.683  -58.586  -19.874 0.0000000000
22047  25.384  -58.875  -20.262 0.0000000000
22059  25.303  -58.566  -20.709 0.0000000000
22071  24.907  -58.550  -21.557 0.0000000000
21893  26.912  -57.975  -13.026 0.0000000000
21905  27.073  -58.289  -13.489 0.0000000000
22019  27.354  -57.616  -17.613 0.0000000000
23103  27.167  -57.397  -18.152 0.0000000000
23118  26.760  -57.437  -18.811 0.0000000000
23119  26.336  -57.850  -19.154 0.0000000000
23132  26.047  -57.886  -19.673 0.0000000000
22058  25.557  -58.217  -20.429 0.0000000000
23144  25.810  -57.770  -20.372 0.0000000000
23145  25.489  -58.016  -20.786 0.0000000000
23159  25.233  -58.083  -21.218 0.0000000000
23131  26.357  -57.390  -19.542 0.0000000000
23143  26.090  -57.429  -20.006 0.0000000000
26527  21.197  -54.613  -15.273 0.0000000000
26414  26.149  -54.285  -11.215 0.0000000000
27620  26.314  -53.780  -11.100 0.0000000000
27621  25.524  -53.693  -11.015 0.0000000000
27622  24.722  -53.633  -11.070 0.0000000000
27623  24.078  -53.869  -11.233 0.0000000000
27638  23.657  -53.549  -11.519 0.0000000000
27639  23.151  -53.488  -12.076 0.0000000000
27661  22.897  -53.362  -12.697 0.0000000000
27682  22.940  -53.118  -13.341 0.0000000000
27700  23.128  -53.527  -14.096 0.0000000000
27717  23.300  -54.031  -14.648 0.0000000000
26496  23.104  -54.298  -15.592 0.0000000000
26525  22.640  -54.267  -15.546 0.0000000000
27716  23.453  -53.925  -15.337 0.0000000000
26524  22.913  -54.161  -15.816 0.0000000000
27745  22.636  -53.920  -15.951 0.0000000000
27746  22.046  -53.745  -15.665 0.0000000000
27747  21.290  -53.822  -15.371 0.0000000000
26528  20.460  -54.721  -15.546 0.0000000000
27748  20.501  -53.937  -15.351 0.0000000000
27637  24.220  -53.333  -11.190 0.0000000000
28914  24.116  -52.772  -11.340 0.0000000000
28915  23.556  -52.733  -11.789 0.0000000000
28916  23.147  -52.898  -12.261 0.0000000000
28930  23.003  -52.503  -12.711 0.0000000000
28945  22.948  -52.512  -13.312 0.0000000000
28961  23.037  -52.719  -13.836 0.0000000000
27699  23.420  -53.513  -14.742 0.0000000000
28960  23.296  -52.871  -14.507 0.0000000000
27744  23.208  -53.993  -16.141 0.0000000000
28977  23.577  -53.094  -15.225 0.0000000000
28997  23.637  -53.350  -16.017 0.0000000000
27776  22.690  -53.656  -16.391 0.0000000000
27775  23.037  -53.791  -16.637 0.0000000000
29023  23.431  -53.489  -16.849 0.0000000000
27777  22.304  -53.508  -16.104 0.0000000000
28999  21.336  -53.025  -15.736 0.0000000000
28998  21.928  -53.178  -16.008 0.0000000000
29000  20.562  -53.151  -15.476 0.0000000000
29024  22.797  -53.448  -16.890 0.0000000000
29025  22.158  -53.059  -16.598 0.0000000000
28929  23.310  -52.399  -12.173 0.0000000000
30230  23.092  -52.036  -14.161 0.0000000000
30247  23.391  -52.260  -15.027 0.0000000000
30231  22.966  -52.200  -13.581 0.0000000000
30266  23.644  -52.516  -15.840 0.0000000000
30287  23.781  -52.733  -16.686 0.0000000000
29026  21.629  -52.773  -16.204 0.0000000000
30268  20.568  -52.505  -15.962 0.0000000000
30267  21.139  -52.506  -16.196 0.0000000000
29001  19.822  -53.307  -15.454 0.0000000000
30269  19.852  -52.662  -15.762 0.0000000000
29053  23.047  -53.394  -17.386 0.0000000000
29052  23.400  -53.289  -17.332 0.0000000000
30311  23.654  -52.958  -17.370 0.0000000000
29054  22.422  -53.047  -17.409 0.0000000000
30289  21.443  -52.396  -16.731 0.0000000000
30288  21.903  -52.619  -17.185 0.0000000000
29078  23.347  -53.175  -17.712 0.0000000000
29079  22.868  -53.155  -17.902 0.0000000000
30312  21.965  -52.586  -17.750 0.0000000000
29080  22.329  -52.901  -18.156 0.0000000000
30338  23.546  -52.739  -17.963 0.0000000000
29104  23.261  -53.073  -18.164 0.0000000000
29105  22.880  -52.975  -18.525 0.0000000000
30339  21.876  -52.589  -17.970 0.0000000000
29106  22.442  -52.805  -18.829 0.0000000000
30367  21.988  -52.592  -18.623 0.0000000000
30365  23.319  -52.741  -18.473 0.0000000000
30366  23.036  -52.602  -18.805 0.0000000000
29132  22.874  -52.713  -19.044 0.0000000000
29133  22.566  -52.685  -19.144 0.0000000000
30390  22.191  -52.487  -19.417 0.0000000000
30389  22.752  -52.479  -19.146 0.0000000000
31525  23.092  -51.271  -14.824 0.0000000000
31546  23.366  -51.741  -15.666 0.0000000000
31566  23.587  -51.880  -16.499 0.0000000000
30290  20.677  -52.104  -16.579 0.0000000000
31585  23.614  -52.000  -17.515 0.0000000000
30313  21.418  -52.188  -17.517 0.0000000000
30314  20.958  -52.029  -17.090 0.0000000000
30340  21.622  -52.279  -18.233 0.0000000000
31606  23.412  -52.285  -18.345 0.0000000000
31625  23.243  -52.449  -18.657 0.0000000000
31626  23.087  -52.148  -18.900 0.0000000000
30368  21.459  -52.232  -19.020 0.0000000000
31642  22.685  -52.071  -19.452 0.0000000000
31547  23.082  -51.104  -15.645 0.0000000000
31567  23.290  -51.382  -16.171 0.0000000000
32872  23.373  -51.318  -16.665 0.0000000000
32882  23.503  -51.546  -16.998 0.0000000000
32873  23.014  -50.839  -16.375 0.0000000000
31607  23.215  -51.668  -18.365 0.0000000000
31586  23.282  -51.363  -17.880 0.0000000000
32883  23.209  -51.049  -17.303 0.0000000000
32908  22.730  -51.454  -19.122 0.0000000000
19015  25.825  -60.369  -24.408 0.0000000000
20028  26.325  -59.683  -24.443 0.0000000000
21078  26.120  -59.038  -24.686 0.0000000000
21079  25.538  -59.003  -24.782 0.0000000000
17089  25.278  -61.700  -24.949 0.0000000000
16187  25.291  -62.864  -25.416 0.0000000000
17101  25.431  -62.467  -25.089 0.0000000000
17088  25.667  -62.025  -24.652 0.0000000000
16177  25.711  -62.880  -24.959 0.0000000000
15294  25.164  -63.326  -25.805 0.0000000000
15293  25.712  -63.489  -25.586 0.0000000000
14406  24.959  -64.430  -26.117 0.0000000000
15299  25.278  -63.816  -25.992 0.0000000000
14405  25.736  -64.280  -26.118 0.0000000000
13382  24.445  -65.178  -25.995 0.0000000000
13381  25.328  -65.254  -26.278 0.0000000000
13380  26.039  -64.919  -26.367 0.0000000000
14404  26.316  -64.493  -25.984 0.0000000000
14399  26.175  -64.066  -25.491 0.0000000000
13379  26.734  -64.958  -26.255 0.0000000000
14398  26.704  -64.482  -25.445 0.0000000000
12418  23.817  -65.868  -25.764 0.0000000000
12417  24.599  -65.977  -25.914 0.0000000000
12416  25.301  -66.142  -26.148 0.0000000000
12425  25.578  -65.636  -26.377 0.0000000000
13389  25.567  -65.401  -26.409 0.0000000000
13388  25.814  -65.420  -26.434 0.0000000000
13387  26.217  -65.386  -26.481 0.0000000000
12424  25.923  -65.975  -26.396 0.0000000000
11568  23.160  -66.557  -25.665 0.0000000000
11567  23.943  -66.642  -25.601 0.0000000000
11566  24.682  -66.779  -25.789 0.0000000000
11565  25.316  -66.912  -26.066 0.0000000000
12415  25.645  -66.459  -26.228 0.0000000000
10738  22.573  -67.327  -25.731 0.0000000000
10737  23.276  -67.301  -25.539 0.0000000000
10736  24.023  -67.410  -25.555 0.0000000000
10735  24.748  -67.559  -25.822 0.0000000000
9924  21.145  -67.681  -26.017 0.0000000000
9925  20.667  -67.568  -25.806 0.0000000000
10741  20.672  -67.346  -25.428 0.0000000000
9923  21.893  -67.941  -25.961 0.0000000000
9922  22.540  -68.006  -25.623 0.0000000000
10726  22.698  -67.670  -25.608 0.0000000000
10725  22.898  -67.536  -25.557 0.0000000000
9910  23.085  -67.649  -25.477 0.0000000000
9921  23.252  -67.965  -25.437 0.0000000000
9920  24.107  -68.142  -25.582 0.0000000000
9919  24.851  -68.314  -25.844 0.0000000000
10734  25.457  -67.665  -26.123 0.0000000000
10728  20.765  -67.608  -24.938 0.0000000000
9911  22.893  -67.788  -25.512 0.0000000000
9883  21.098  -67.907  -23.845 0.0000000000
9900  20.868  -67.990  -24.281 0.0000000000
10721  20.821  -67.804  -24.586 0.0000000000
10687  21.559  -67.546  -22.902 0.0000000000
9862  21.095  -68.032  -23.073 0.0000000000
10669  20.367  -67.937  -21.775 0.0000000000
9843  20.672  -68.178  -22.384 0.0000000000
10670  19.498  -67.926  -21.726 0.0000000000
10653  19.142  -67.324  -21.420 0.0000000000
9912  20.556  -67.944  -25.347 0.0000000000
9074  20.668  -68.102  -25.752 0.0000000000
9073  21.121  -68.439  -25.844 0.0000000000
9072  21.877  -68.622  -25.714 0.0000000000
9071  22.636  -68.671  -25.453 0.0000000000
9070  23.453  -68.699  -25.348 0.0000000000
9069  24.252  -68.778  -25.464 0.0000000000
9068  24.977  -68.971  -25.606 0.0000000000
9918  25.650  -68.517  -25.938 0.0000000000
9067  25.516  -69.031  -25.473 0.0000000000
9908  25.885  -68.769  -25.215 0.0000000000
9917  26.542  -68.396  -25.958 0.0000000000
10733  26.250  -67.701  -26.255 0.0000000000
9901  20.552  -68.233  -24.674 0.0000000000
9065  20.298  -68.865  -25.219 0.0000000000
9058  25.548  -68.920  -25.255 0.0000000000
9059  25.244  -68.831  -25.017 0.0000000000
9909  25.502  -68.703  -24.881 0.0000000000
9896  26.375  -68.278  -24.662 0.0000000000
9907  26.872  -68.550  -25.305 0.0000000000
9897  25.367  -68.371  -24.415 0.0000000000
9895  27.241  -68.245  -24.745 0.0000000000
9906  27.706  -68.475  -25.315 0.0000000000
9916  27.392  -68.217  -25.871 0.0000000000
9894  28.040  -68.288  -24.746 0.0000000000
9905  28.498  -68.562  -25.272 0.0000000000
9915  28.209  -68.207  -25.819 0.0000000000
9893  28.790  -68.365  -24.645 0.0000000000
9904  29.305  -68.561  -25.140 0.0000000000
9914  29.009  -68.317  -25.785 0.0000000000
9892  29.573  -68.291  -24.358 0.0000000000
9903  30.189  -68.452  -25.046 0.0000000000
9913  29.707  -68.342  -25.638 0.0000000000
9891  30.428  -68.446  -24.241 0.0000000000
9902  30.826  -68.470  -24.748 0.0000000000
10723  30.965  -67.887  -25.168 0.0000000000
10724  30.243  -67.852  -25.647 0.0000000000
9890  31.256  -68.556  -24.232 0.0000000000
10713  31.239  -68.310  -24.783 0.0000000000
9884  20.571  -68.481  -23.794 0.0000000000
9055  20.148  -68.931  -24.340 0.0000000000
10718  26.835  -67.778  -24.215 0.0000000000
10719  26.068  -67.783  -24.082 0.0000000000
10717  27.643  -67.820  -24.281 0.0000000000
10716  28.398  -67.905  -24.286 0.0000000000
10715  28.984  -68.014  -24.236 0.0000000000
9878  29.601  -67.992  -23.905 0.0000000000
9877  30.012  -68.073  -23.776 0.0000000000
10714  29.304  -67.911  -23.970 0.0000000000
9876  30.787  -68.220  -23.397 0.0000000000
9875  31.637  -68.521  -23.529 0.0000000000
9889  31.941  -68.277  -24.070 0.0000000000
10712  31.663  -67.863  -24.654 0.0000000000
9874  32.164  -68.266  -23.622 0.0000000000
9888  32.253  -68.032  -23.855 0.0000000000
10711  32.241  -67.721  -24.148 0.0000000000
10694  32.533  -67.719  -23.509 0.0000000000
9863  20.378  -68.540  -22.920 0.0000000000
9035  20.127  -68.896  -23.326 0.0000000000
9046  20.050  -68.981  -23.828 0.0000000000
10697  29.514  -67.607  -23.527 0.0000000000
10696  30.150  -67.752  -23.232 0.0000000000
9858  30.811  -68.156  -22.483 0.0000000000
9857  31.458  -68.467  -22.783 0.0000000000
10695  30.476  -67.893  -22.855 0.0000000000
9856  32.162  -68.364  -23.068 0.0000000000
9864  19.623  -68.869  -22.820 0.0000000000
9844  19.958  -68.396  -22.244 0.0000000000
9838  31.413  -68.376  -21.930 0.0000000000
9837  32.039  -68.378  -22.361 0.0000000000
10679  32.475  -67.812  -22.641 0.0000000000
10660  32.070  -67.769  -21.791 0.0000000000
9064  21.103  -69.181  -25.555 0.0000000000
9063  21.939  -69.283  -25.378 0.0000000000
9062  22.753  -69.320  -25.077 0.0000000000
9061  23.663  -69.183  -24.974 0.0000000000
9060  24.487  -68.979  -24.988 0.0000000000
8251  20.390  -69.662  -25.171 0.0000000000
8252  19.927  -69.473  -24.975 0.0000000000
9066  20.032  -69.262  -24.933 0.0000000000
9056  19.726  -69.435  -24.489 0.0000000000
8250  21.210  -69.808  -25.110 0.0000000000
8249  22.007  -69.750  -24.865 0.0000000000
8248  22.468  -69.589  -24.617 0.0000000000
9053  22.858  -69.362  -24.316 0.0000000000
9052  23.918  -68.857  -24.199 0.0000000000
9051  24.764  -68.695  -24.572 0.0000000000
9050  25.131  -68.667  -24.670 0.0000000000
8247  19.461  -69.752  -24.175 0.0000000000
8246  19.812  -69.858  -24.513 0.0000000000
9057  19.410  -69.588  -24.166 0.0000000000
9047  19.649  -69.260  -23.868 0.0000000000
9048  19.188  -69.616  -23.764 0.0000000000
9036  19.890  -68.878  -23.279 0.0000000000
9037  19.231  -69.270  -23.255 0.0000000000
8245  20.530  -70.027  -24.528 0.0000000000
8244  21.317  -69.969  -24.402 0.0000000000
8243  22.143  -69.648  -24.175 0.0000000000
8242  22.485  -69.537  -24.392 0.0000000000
10729  29.536  -67.725  -25.966 0.0000000000
10661  31.588  -68.062  -21.439 0.0000000000
10644  31.572  -67.594  -21.103 0.0000000000
10643  31.953  -67.326  -21.389 0.0000000000
11473  32.285  -67.024  -21.611 0.0000000000
11495  32.730  -67.105  -22.249 0.0000000000
11513  32.899  -67.214  -22.988 0.0000000000
11530  32.947  -67.044  -23.544 0.0000000000
11547  32.719  -66.987  -24.131 0.0000000000
11548  32.147  -67.256  -24.504 0.0000000000
10722  31.424  -67.467  -25.046 0.0000000000
11554  31.777  -67.060  -24.896 0.0000000000
10698  28.849  -67.567  -23.835 0.0000000000
10699  28.080  -67.393  -23.836 0.0000000000
10700  27.280  -67.290  -23.785 0.0000000000
11555  31.203  -66.949  -25.302 0.0000000000
11556  30.664  -67.300  -25.584 0.0000000000
11559  30.113  -66.994  -25.916 0.0000000000
11474  31.870  -66.873  -21.084 0.0000000000
12332  32.353  -66.417  -21.340 0.0000000000
12351  32.693  -66.598  -21.844 0.0000000000
11494  33.180  -66.734  -22.739 0.0000000000
12350  33.261  -66.389  -22.244 0.0000000000
11512  33.282  -66.681  -23.268 0.0000000000
11529  33.200  -66.555  -23.809 0.0000000000
11546  33.082  -66.450  -24.145 0.0000000000
12392  32.920  -66.301  -24.462 0.0000000000
12393  32.353  -66.622  -24.685 0.0000000000
12404  31.836  -66.148  -25.082 0.0000000000
12405  31.001  -66.012  -25.504 0.0000000000
11558  30.714  -66.712  -25.696 0.0000000000
12409  30.443  -66.282  -25.885 0.0000000000
11560  29.271  -66.911  -26.130 0.0000000000
12410  29.784  -66.073  -26.044 0.0000000000
12333  32.001  -66.409  -20.985 0.0000000000
12315  32.154  -66.043  -20.904 0.0000000000
13287  32.578  -65.902  -21.233 0.0000000000
12331  32.908  -66.101  -21.674 0.0000000000
12316  31.637  -66.330  -20.611 0.0000000000
12367  33.694  -66.266  -22.940 0.0000000000
13303  33.537  -65.811  -21.892 0.0000000000
12349  33.904  -65.961  -22.439 0.0000000000
12381  33.661  -66.206  -23.585 0.0000000000
12366  34.231  -65.900  -22.899 0.0000000000
12380  34.209  -65.896  -23.416 0.0000000000
12379  34.555  -65.748  -23.140 0.0000000000
13330  34.744  -65.416  -23.582 0.0000000000
13331  34.342  -65.646  -23.820 0.0000000000
12390  34.014  -65.828  -23.878 0.0000000000
12391  33.495  -65.994  -24.192 0.0000000000
13348  34.232  -65.284  -24.266 0.0000000000
13349  33.594  -65.519  -24.637 0.0000000000
12402  33.187  -65.833  -24.682 0.0000000000
12403  32.639  -65.928  -24.870 0.0000000000
13364  33.118  -65.299  -24.940 0.0000000000
13365  32.323  -65.326  -25.075 0.0000000000
13366  31.497  -65.151  -25.087 0.0000000000
13367  30.673  -65.285  -25.235 0.0000000000
12406  30.402  -65.694  -25.768 0.0000000000
13271  32.503  -65.513  -20.745 0.0000000000
13286  33.093  -65.588  -21.341 0.0000000000
13302  34.156  -65.560  -22.108 0.0000000000
13285  33.863  -65.269  -21.496 0.0000000000
13315  34.806  -65.491  -22.895 0.0000000000
13314  35.404  -65.102  -23.155 0.0000000000
13329  35.239  -64.972  -23.758 0.0000000000
13347  34.960  -64.980  -24.067 0.0000000000
13346  35.202  -64.865  -24.011 0.0000000000
14372  35.377  -64.658  -24.046 0.0000000000
14373  34.868  -64.508  -24.385 0.0000000000
14374  34.057  -64.420  -24.627 0.0000000000
13363  33.736  -65.053  -24.767 0.0000000000
14393  33.422  -64.663  -24.901 0.0000000000
14394  32.747  -64.676  -24.944 0.0000000000
14352  35.720  -64.723  -23.528 0.0000000000
15260  35.856  -64.379  -23.873 0.0000000000
15277  35.638  -63.977  -24.290 0.0000000000
15278  34.749  -63.591  -24.346 0.0000000000
14351  36.055  -64.439  -23.569 0.0000000000
15259  36.365  -63.961  -23.727 0.0000000000
15276  36.089  -63.623  -24.168 0.0000000000
16174  35.906  -63.478  -24.289 0.0000000000
16175  35.560  -63.311  -24.338 0.0000000000
16160  36.274  -63.026  -24.062 0.0000000000
16176  35.173  -63.105  -24.279 0.0000000000
16161  35.508  -62.774  -24.076 0.0000000000
16162  34.930  -62.949  -23.889 0.0000000000
15258  36.782  -63.353  -23.625 0.0000000000
16159  37.202  -62.705  -23.472 0.0000000000
17073  36.591  -62.043  -23.687 0.0000000000
17074  35.875  -62.218  -23.730 0.0000000000
14329  36.197  -64.597  -23.058 0.0000000000
15241  36.602  -64.122  -23.175 0.0000000000
15240  37.108  -63.656  -22.972 0.0000000000
14328  36.684  -64.206  -22.892 0.0000000000
14309  36.784  -64.391  -22.344 0.0000000000
15219  37.320  -63.932  -22.361 0.0000000000
15218  37.884  -63.444  -22.122 0.0000000000
15239  37.627  -63.164  -22.711 0.0000000000
16142  37.497  -63.018  -22.994 0.0000000000
14308  37.409  -64.124  -21.951 0.0000000000
14330  35.804  -64.840  -23.176 0.0000000000
13313  35.786  -64.901  -22.961 0.0000000000
13299  35.697  -64.990  -22.719 0.0000000000
14310  36.027  -64.903  -22.287 0.0000000000
14311  35.492  -65.071  -22.266 0.0000000000
14288  36.227  -64.756  -21.613 0.0000000000
14289  35.466  -64.977  -21.698 0.0000000000
14287  36.991  -64.496  -21.482 0.0000000000
14286  37.887  -64.122  -21.352 0.0000000000
13283  35.032  -65.152  -22.055 0.0000000000
14290  34.828  -65.022  -21.573 0.0000000000
14270  35.627  -64.792  -21.004 0.0000000000
14271  34.950  -64.843  -21.144 0.0000000000
14269  36.391  -64.747  -20.867 0.0000000000
14268  37.202  -64.717  -20.741 0.0000000000
13268  34.977  -64.786  -20.442 0.0000000000
13269  34.190  -64.828  -20.837 0.0000000000
14272  34.594  -64.896  -21.256 0.0000000000
13267  35.757  -64.932  -20.249 0.0000000000
13266  36.564  -65.066  -20.172 0.0000000000
13265  37.335  -65.094  -20.082 0.0000000000
14267  37.988  -64.629  -20.426 0.0000000000
12365  34.510  -65.716  -22.880 0.0000000000
13316  34.396  -65.681  -22.594 0.0000000000
13301  34.689  -65.396  -22.347 0.0000000000
13300  35.192  -65.205  -22.574 0.0000000000
13284  34.494  -65.219  -21.849 0.0000000000
13270  33.281  -65.171  -20.797 0.0000000000
14291  34.388  -64.997  -21.429 0.0000000000
13272  31.914  -65.794  -20.463 0.0000000000
13250  32.719  -65.195  -20.156 0.0000000000
13251  32.042  -65.364  -20.063 0.0000000000
13249  33.453  -65.027  -20.074 0.0000000000
13248  34.258  -64.950  -19.875 0.0000000000
13247  35.063  -65.077  -19.647 0.0000000000
13246  35.902  -65.418  -19.464 0.0000000000
13245  36.791  -65.509  -19.639 0.0000000000
13244  37.514  -65.473  -19.578 0.0000000000
13264  37.884  -65.066  -19.885 0.0000000000
13225  32.799  -65.235  -19.525 0.0000000000
13226  32.349  -65.264  -19.716 0.0000000000
13224  33.565  -65.222  -19.319 0.0000000000
13223  34.344  -65.366  -19.147 0.0000000000
13222  35.079  -65.611  -19.056 0.0000000000
13221  35.587  -65.841  -19.014 0.0000000000
12300  35.933  -65.830  -19.094 0.0000000000
12299  36.353  -65.894  -19.189 0.0000000000
12298  37.043  -65.942  -19.217 0.0000000000
12280  33.693  -65.738  -18.765 0.0000000000
12281  32.887  -65.502  -18.814 0.0000000000
12279  34.394  -66.091  -18.694 0.0000000000
12278  35.152  -66.199  -18.786 0.0000000000
12277  35.851  -66.279  -18.878 0.0000000000
12276  36.550  -66.394  -18.887 0.0000000000
11427  35.260  -66.885  -18.724 0.0000000000
11428  34.734  -66.577  -18.619 0.0000000000
11426  36.061  -66.975  -18.761 0.0000000000
11425  36.719  -66.930  -18.673 0.0000000000
12275  37.205  -66.336  -18.725 0.0000000000
11409  34.193  -66.725  -18.456 0.0000000000
11408  34.676  -67.001  -18.581 0.0000000000
10598  34.830  -67.489  -18.616 0.0000000000
10597  35.529  -67.606  -18.663 0.0000000000
10596  36.368  -67.624  -18.515 0.0000000000
10595  36.848  -67.231  -18.491 0.0000000000
11424  37.106  -66.851  -18.411 0.0000000000
10574  34.383  -67.303  -18.480 0.0000000000
9737  34.310  -67.853  -18.526 0.0000000000
9764  34.825  -68.226  -18.562 0.0000000000
9763  35.739  -68.272  -18.412 0.0000000000
9762  36.146  -68.022  -18.434 0.0000000000
9735  36.224  -68.026  -18.202 0.0000000000
10573  36.545  -67.676  -18.098 0.0000000000
10572  36.891  -67.270  -18.170 0.0000000000
17072  37.294  -61.747  -23.596 0.0000000000
18028  36.701  -61.061  -23.299 0.0000000000
18029  36.146  -61.665  -23.338 0.0000000000
