#!ascii label  , from subject  vox2ras=TkReg
506
25597  -28.267  -61.906  -30.006 0.0000000000
25596  -27.336  -61.818  -29.791 0.0000000000
25572  -28.037  -62.002  -28.914 0.0000000000
25573  -29.157  -62.153  -29.320 0.0000000000
25598  -29.133  -61.990  -30.322 0.0000000000
25621  -27.529  -61.780  -30.696 0.0000000000
25622  -28.397  -61.858  -30.923 0.0000000000
25574  -29.761  -62.204  -29.908 0.0000000000
25599  -29.958  -62.139  -30.534 0.0000000000
25623  -29.206  -61.900  -31.112 0.0000000000
24311  -30.234  -62.312  -30.003 0.0000000000
24312  -30.863  -62.516  -30.206 0.0000000000
25600  -30.444  -62.262  -30.850 0.0000000000
25624  -29.945  -62.014  -31.126 0.0000000000
24339  -30.830  -62.650  -31.028 0.0000000000
25625  -30.379  -62.323  -31.366 0.0000000000
25620  -26.581  -61.586  -30.446 0.0000000000
25643  -26.890  -61.683  -31.379 0.0000000000
25644  -27.712  -61.813  -31.538 0.0000000000
25645  -28.493  -61.888  -31.712 0.0000000000
25646  -29.151  -61.887  -31.770 0.0000000000
25647  -29.918  -62.380  -31.876 0.0000000000
25648  -30.391  -62.662  -31.549 0.0000000000
25642  -26.092  -61.635  -31.282 0.0000000000
25653  -26.298  -61.817  -32.053 0.0000000000
25654  -27.098  -61.823  -32.111 0.0000000000
25655  -27.831  -61.940  -32.243 0.0000000000
25656  -28.535  -62.199  -32.362 0.0000000000
25657  -29.254  -62.472  -32.298 0.0000000000
24365  -29.875  -62.995  -31.655 0.0000000000
25658  -29.567  -62.774  -32.021 0.0000000000
24366  -30.678  -63.017  -31.310 0.0000000000
25659  -26.637  -62.014  -32.511 0.0000000000
25660  -27.190  -62.128  -32.646 0.0000000000
25661  -27.849  -62.282  -32.712 0.0000000000
24378  -28.603  -62.789  -32.429 0.0000000000
25662  -28.264  -62.498  -32.710 0.0000000000
24379  -29.166  -62.970  -32.060 0.0000000000
24380  -29.554  -63.031  -31.922 0.0000000000
24385  -26.413  -62.515  -32.887 0.0000000000
24375  -26.208  -62.089  -32.528 0.0000000000
24386  -27.286  -62.603  -32.894 0.0000000000
24387  -27.854  -62.686  -32.742 0.0000000000
24388  -28.191  -62.719  -32.615 0.0000000000
25595  -26.597  -61.719  -29.649 0.0000000000
26812  -26.330  -61.604  -29.969 0.0000000000
25619  -25.784  -61.525  -30.627 0.0000000000
26811  -26.022  -61.533  -30.099 0.0000000000
25571  -27.023  -61.862  -28.958 0.0000000000
25570  -26.210  -61.786  -29.012 0.0000000000
26798  -26.119  -61.644  -29.644 0.0000000000
24286  -30.306  -62.501  -29.257 0.0000000000
25553  -28.910  -62.303  -28.205 0.0000000000
24285  -29.636  -62.465  -28.581 0.0000000000
25551  -27.405  -62.017  -28.128 0.0000000000
25552  -28.150  -62.172  -27.950 0.0000000000
25550  -26.557  -61.928  -28.205 0.0000000000
25569  -25.694  -61.749  -28.952 0.0000000000
25549  -25.654  -61.839  -28.243 0.0000000000
26778  -25.841  -61.686  -29.340 0.0000000000
26756  -25.304  -61.749  -28.804 0.0000000000
26777  -25.461  -61.673  -29.307 0.0000000000
25533  -29.148  -62.446  -27.592 0.0000000000
24263  -29.589  -62.547  -27.851 0.0000000000
25532  -28.692  -62.331  -27.163 0.0000000000
25531  -27.742  -62.167  -27.299 0.0000000000
25530  -26.934  -62.055  -27.404 0.0000000000
25529  -26.144  -61.968  -27.435 0.0000000000
25548  -25.164  -61.767  -27.824 0.0000000000
25528  -25.436  -61.824  -27.366 0.0000000000
26755  -24.786  -61.700  -28.282 0.0000000000
26739  -24.850  -61.571  -27.409 0.0000000000
24243  -29.453  -62.505  -27.120 0.0000000000
25513  -28.794  -62.190  -26.291 0.0000000000
24221  -28.984  -62.306  -26.654 0.0000000000
24242  -29.133  -62.376  -26.842 0.0000000000
25512  -28.061  -62.131  -26.501 0.0000000000
25511  -27.277  -62.095  -26.624 0.0000000000
25510  -26.533  -62.016  -26.708 0.0000000000
25509  -25.830  -61.852  -26.660 0.0000000000
26724  -25.129  -61.575  -26.648 0.0000000000
24222  -29.423  -62.330  -26.413 0.0000000000
25514  -29.250  -62.104  -25.947 0.0000000000
25488  -28.315  -61.952  -25.820 0.0000000000
25489  -28.925  -61.934  -25.647 0.0000000000
25487  -27.618  -61.902  -25.851 0.0000000000
25486  -26.868  -61.898  -26.049 0.0000000000
25485  -26.258  -61.808  -26.136 0.0000000000
26704  -25.687  -61.361  -25.819 0.0000000000
25464  -28.528  -61.569  -25.296 0.0000000000
25465  -29.255  -61.559  -25.250 0.0000000000
25490  -29.497  -61.910  -25.553 0.0000000000
25463  -28.039  -61.741  -25.498 0.0000000000
26680  -27.772  -61.315  -25.257 0.0000000000
26706  -27.127  -61.627  -25.539 0.0000000000
26705  -26.517  -61.529  -25.640 0.0000000000
26682  -29.032  -61.069  -25.069 0.0000000000
25466  -29.900  -61.563  -25.256 0.0000000000
26683  -29.703  -61.080  -25.061 0.0000000000
26681  -28.450  -61.030  -25.101 0.0000000000
24377  -28.017  -62.963  -32.470 0.0000000000
24376  -27.428  -63.031  -32.618 0.0000000000
23106  -26.867  -63.070  -32.894 0.0000000000
24364  -29.437  -63.154  -31.749 0.0000000000
23078  -28.877  -63.384  -31.606 0.0000000000
23098  -28.768  -63.119  -32.100 0.0000000000
23097  -28.339  -63.245  -32.115 0.0000000000
23096  -27.653  -63.363  -32.169 0.0000000000
23095  -26.859  -63.514  -32.359 0.0000000000
23079  -29.646  -63.431  -31.319 0.0000000000
23080  -30.393  -63.413  -31.146 0.0000000000
24264  -30.286  -62.661  -28.185 0.0000000000
24244  -30.190  -62.660  -27.363 0.0000000000
24223  -30.110  -62.518  -26.636 0.0000000000
24199  -29.656  -62.125  -25.889 0.0000000000
24200  -30.100  -62.238  -26.046 0.0000000000
25491  -30.053  -61.938  -25.587 0.0000000000
24201  -30.742  -62.371  -26.182 0.0000000000
25492  -30.660  -62.001  -25.692 0.0000000000
23077  -27.988  -63.505  -31.557 0.0000000000
23076  -27.178  -63.565  -31.600 0.0000000000
23075  -26.425  -63.804  -31.671 0.0000000000
23094  -26.092  -63.852  -32.275 0.0000000000
23105  -26.170  -63.457  -32.925 0.0000000000
23074  -25.871  -64.093  -31.748 0.0000000000
21858  -25.499  -64.246  -32.146 0.0000000000
21866  -25.687  -63.973  -32.670 0.0000000000
23050  -30.007  -63.680  -30.655 0.0000000000
23049  -29.181  -63.622  -30.767 0.0000000000
23048  -28.341  -63.598  -30.855 0.0000000000
23047  -27.494  -63.592  -30.878 0.0000000000
23046  -26.662  -63.723  -30.934 0.0000000000
23045  -25.890  -64.123  -31.064 0.0000000000
21843  -25.418  -64.436  -31.526 0.0000000000
23023  -29.519  -63.847  -29.963 0.0000000000
23022  -28.662  -63.708  -30.109 0.0000000000
23021  -27.829  -63.630  -30.153 0.0000000000
23020  -26.969  -63.664  -30.159 0.0000000000
23019  -26.119  -63.920  -30.226 0.0000000000
21799  -25.410  -64.458  -30.352 0.0000000000
21825  -25.359  -64.532  -30.984 0.0000000000
22997  -28.939  -63.855  -29.420 0.0000000000
22996  -28.160  -63.723  -29.464 0.0000000000
22995  -27.345  -63.673  -29.447 0.0000000000
22994  -26.416  -63.775  -29.321 0.0000000000
21770  -25.616  -64.287  -29.528 0.0000000000
22974  -27.720  -63.755  -28.838 0.0000000000
22975  -28.455  -63.851  -28.810 0.0000000000
22973  -26.985  -63.738  -28.755 0.0000000000
22972  -26.389  -63.836  -28.494 0.0000000000
21746  -25.811  -64.209  -28.668 0.0000000000
21747  -29.099  -64.079  -28.873 0.0000000000
21723  -28.722  -64.175  -27.986 0.0000000000
22956  -28.013  -63.852  -28.306 0.0000000000
22955  -27.360  -63.786  -28.231 0.0000000000
22954  -26.704  -63.805  -28.184 0.0000000000
22953  -26.402  -63.837  -28.171 0.0000000000
21720  -26.174  -64.036  -27.839 0.0000000000
21722  -27.769  -63.942  -27.677 0.0000000000
21721  -26.968  -63.886  -27.617 0.0000000000
21865  -25.099  -64.309  -32.625 0.0000000000
23104  -25.371  -63.696  -32.985 0.0000000000
21857  -24.860  -64.897  -31.925 0.0000000000
21864  -24.338  -64.856  -32.569 0.0000000000
23103  -24.646  -63.895  -32.978 0.0000000000
21856  -24.530  -65.097  -32.205 0.0000000000
20660  -24.345  -65.503  -32.017 0.0000000000
20666  -24.080  -65.330  -32.382 0.0000000000
20665  -23.671  -65.370  -32.485 0.0000000000
21863  -23.523  -64.683  -32.664 0.0000000000
23102  -24.007  -64.196  -32.859 0.0000000000
21842  -25.077  -64.826  -31.259 0.0000000000
20647  -24.690  -65.391  -31.128 0.0000000000
20661  -24.602  -65.329  -31.653 0.0000000000
21824  -25.051  -64.906  -30.721 0.0000000000
21798  -25.023  -64.943  -30.222 0.0000000000
20635  -24.805  -65.369  -30.397 0.0000000000
21769  -25.073  -64.815  -29.722 0.0000000000
20619  -24.854  -65.245  -29.927 0.0000000000
21745  -25.096  -64.863  -28.896 0.0000000000
20600  -24.767  -65.365  -29.417 0.0000000000
21719  -25.311  -64.662  -27.918 0.0000000000
20557  -24.734  -65.452  -28.165 0.0000000000
20579  -24.686  -65.543  -28.858 0.0000000000
21703  -28.160  -64.229  -27.031 0.0000000000
21702  -27.344  -64.089  -26.925 0.0000000000
21701  -26.505  -64.077  -26.884 0.0000000000
21700  -25.565  -64.477  -26.796 0.0000000000
20534  -24.785  -65.292  -27.120 0.0000000000
21683  -26.943  -64.258  -26.172 0.0000000000
21684  -27.724  -64.387  -26.196 0.0000000000
21682  -26.175  -64.331  -26.032 0.0000000000
21681  -25.502  -64.597  -25.723 0.0000000000
20511  -24.912  -65.015  -26.057 0.0000000000
21667  -26.670  -64.475  -25.395 0.0000000000
21668  -27.261  -64.439  -25.649 0.0000000000
21666  -25.986  -64.554  -25.298 0.0000000000
21665  -25.542  -64.734  -25.033 0.0000000000
20496  -25.075  -64.973  -25.180 0.0000000000
21654  -25.807  -64.758  -24.802 0.0000000000
21655  -26.285  -64.685  -24.889 0.0000000000
21653  -25.567  -64.804  -24.768 0.0000000000
20479  -25.412  -64.950  -24.506 0.0000000000
20659  -23.955  -65.552  -32.313 0.0000000000
19430  -23.712  -65.984  -32.240 0.0000000000
19433  -23.411  -65.714  -32.450 0.0000000000
19432  -23.261  -65.538  -32.539 0.0000000000
20664  -23.133  -65.286  -32.531 0.0000000000
20646  -24.511  -65.543  -31.518 0.0000000000
19416  -24.446  -65.984  -31.285 0.0000000000
19431  -24.125  -66.274  -31.734 0.0000000000
19404  -24.588  -66.000  -30.519 0.0000000000
19417  -24.540  -65.857  -30.940 0.0000000000
19391  -24.644  -65.758  -29.889 0.0000000000
19381  -24.563  -66.097  -29.222 0.0000000000
19365  -24.541  -66.037  -28.581 0.0000000000
20556  -24.528  -65.880  -27.629 0.0000000000
19344  -24.530  -66.088  -28.091 0.0000000000
20533  -24.372  -66.130  -27.000 0.0000000000
19343  -24.424  -66.535  -27.684 0.0000000000
20510  -24.388  -65.741  -26.195 0.0000000000
19299  -24.026  -66.676  -26.228 0.0000000000
19322  -24.271  -66.764  -27.042 0.0000000000
20495  -24.464  -65.418  -25.311 0.0000000000
19283  -24.001  -66.116  -25.384 0.0000000000
20478  -24.680  -65.272  -24.493 0.0000000000
19269  -24.092  -65.800  -24.553 0.0000000000
19429  -23.013  -65.918  -32.387 0.0000000000
18247  -24.318  -66.711  -31.322 0.0000000000
18258  -24.094  -66.681  -31.634 0.0000000000
18257  -23.787  -66.766  -31.868 0.0000000000
18256  -23.253  -66.629  -32.211 0.0000000000
19403  -24.509  -66.090  -30.868 0.0000000000
18233  -24.494  -66.514  -30.773 0.0000000000
18221  -24.596  -66.528  -29.875 0.0000000000
18234  -24.562  -66.512  -30.357 0.0000000000
19380  -24.499  -66.514  -28.785 0.0000000000
18211  -24.641  -66.929  -29.141 0.0000000000
19364  -24.489  -66.544  -28.326 0.0000000000
18210  -24.559  -66.903  -28.613 0.0000000000
18198  -24.548  -67.156  -28.119 0.0000000000
18184  -24.373  -67.203  -27.450 0.0000000000
18168  -24.154  -67.306  -26.786 0.0000000000
19298  -23.779  -67.206  -25.745 0.0000000000
18151  -23.906  -67.458  -26.178 0.0000000000
19282  -23.758  -66.833  -25.324 0.0000000000
18137  -23.681  -67.425  -25.244 0.0000000000
18150  -23.765  -67.680  -25.679 0.0000000000
19268  -23.706  -66.483  -24.618 0.0000000000
18123  -23.623  -67.178  -24.679 0.0000000000
19258  -24.315  -65.639  -23.741 0.0000000000
19257  -23.799  -66.232  -23.798 0.0000000000
18112  -23.603  -66.971  -23.941 0.0000000000
19239  -24.051  -66.075  -22.937 0.0000000000
18095  -23.668  -66.770  -23.094 0.0000000000
18246  -24.073  -66.953  -31.575 0.0000000000
17067  -23.793  -67.345  -31.611 0.0000000000
17076  -23.672  -67.073  -31.803 0.0000000000
17075  -23.428  -67.101  -31.906 0.0000000000
17074  -22.910  -67.107  -32.005 0.0000000000
18255  -22.608  -66.647  -32.141 0.0000000000
17052  -24.496  -67.310  -30.836 0.0000000000
17068  -24.231  -67.223  -31.339 0.0000000000
17053  -24.623  -66.983  -30.301 0.0000000000
17039  -24.816  -67.337  -29.742 0.0000000000
18199  -24.688  -67.328  -28.650 0.0000000000
17025  -24.905  -67.685  -29.074 0.0000000000
17013  -24.789  -67.926  -28.252 0.0000000000
17012  -24.538  -67.632  -27.749 0.0000000000
17001  -24.365  -67.838  -27.204 0.0000000000
16991  -24.105  -67.920  -26.519 0.0000000000
16974  -23.892  -67.969  -25.985 0.0000000000
16953  -23.682  -67.950  -25.236 0.0000000000
16973  -23.796  -68.055  -25.630 0.0000000000
16935  -23.605  -67.719  -24.786 0.0000000000
16917  -23.567  -67.668  -24.168 0.0000000000
16894  -23.538  -67.549  -23.335 0.0000000000
18076  -23.920  -66.513  -22.358 0.0000000000
16872  -23.658  -67.436  -22.333 0.0000000000
17066  -23.128  -67.604  -31.734 0.0000000000
17065  -22.202  -67.442  -31.749 0.0000000000
15920  -24.181  -67.706  -31.159 0.0000000000
15919  -23.652  -68.196  -31.221 0.0000000000
15918  -22.763  -68.204  -31.449 0.0000000000
15908  -24.738  -67.652  -30.262 0.0000000000
15907  -24.469  -68.333  -30.577 0.0000000000
15895  -24.976  -68.276  -29.775 0.0000000000
15879  -25.103  -68.371  -28.886 0.0000000000
17002  -24.592  -68.046  -27.636 0.0000000000
15853  -24.766  -68.584  -27.558 0.0000000000
15866  -25.044  -68.608  -28.259 0.0000000000
15852  -24.523  -68.245  -27.324 0.0000000000
15837  -24.435  -68.493  -26.818 0.0000000000
15823  -24.124  -68.399  -26.020 0.0000000000
15822  -23.919  -68.216  -25.773 0.0000000000
15800  -23.884  -68.389  -25.418 0.0000000000
15777  -23.677  -68.367  -24.597 0.0000000000
15760  -23.581  -68.220  -23.698 0.0000000000
15744  -23.605  -68.245  -22.854 0.0000000000
15906  -23.955  -68.600  -30.830 0.0000000000
14813  -23.610  -68.742  -30.861 0.0000000000
14812  -23.087  -68.718  -31.037 0.0000000000
14811  -22.442  -68.747  -31.147 0.0000000000
15917  -22.125  -68.278  -31.334 0.0000000000
15894  -24.767  -68.505  -30.150 0.0000000000
14788  -24.728  -68.877  -30.044 0.0000000000
14802  -24.393  -68.871  -30.331 0.0000000000
14801  -23.978  -69.035  -30.530 0.0000000000
14773  -25.145  -68.808  -29.260 0.0000000000
14789  -25.042  -68.935  -29.645 0.0000000000
14759  -25.180  -69.019  -28.673 0.0000000000
14747  -25.142  -69.193  -27.907 0.0000000000
15838  -24.669  -68.864  -27.058 0.0000000000
14735  -24.990  -69.257  -27.073 0.0000000000
14734  -24.668  -69.012  -26.680 0.0000000000
14720  -24.465  -68.998  -26.067 0.0000000000
15801  -24.169  -68.795  -25.561 0.0000000000
15778  -23.986  -68.842  -25.061 0.0000000000
14703  -24.400  -69.330  -25.240 0.0000000000
14681  -24.026  -69.191  -24.424 0.0000000000
14680  -23.683  -68.779  -23.908 0.0000000000
14661  -23.659  -68.687  -23.353 0.0000000000
15730  -23.731  -68.170  -22.126 0.0000000000
14621  -23.790  -68.731  -22.360 0.0000000000
14640  -23.749  -68.858  -22.906 0.0000000000
14787  -24.326  -69.215  -30.154 0.0000000000
13682  -25.020  -69.425  -29.237 0.0000000000
13696  -24.893  -69.212  -29.703 0.0000000000
13695  -24.586  -69.533  -29.769 0.0000000000
13672  -25.182  -69.722  -28.422 0.0000000000
13659  -25.328  -70.043  -27.435 0.0000000000
14721  -24.869  -69.382  -26.337 0.0000000000
13647  -25.276  -69.820  -26.525 0.0000000000
14704  -24.707  -69.489  -25.766 0.0000000000
13635  -25.049  -69.753  -25.921 0.0000000000
13619  -24.871  -69.868  -25.220 0.0000000000
13598  -24.498  -69.718  -24.715 0.0000000000
13618  -24.560  -69.667  -25.073 0.0000000000
14662  -23.936  -69.246  -23.439 0.0000000000
13580  -24.380  -69.800  -23.922 0.0000000000
14641  -24.028  -69.255  -22.610 0.0000000000
13559  -24.437  -69.864  -22.982 0.0000000000
14622  -24.074  -69.083  -22.041 0.0000000000
13539  -24.407  -69.584  -22.039 0.0000000000
14611  -24.346  -69.129  -21.513 0.0000000000
15731  -23.964  -68.611  -21.808 0.0000000000
12678  -24.948  -70.081  -28.896 0.0000000000
13681  -24.680  -69.960  -29.317 0.0000000000
13636  -25.502  -70.209  -25.756 0.0000000000
13648  -25.676  -70.422  -26.626 0.0000000000
13620  -25.440  -70.327  -24.869 0.0000000000
12611  -26.011  -70.610  -25.163 0.0000000000
12627  -26.077  -70.733  -25.953 0.0000000000
13600  -25.386  -70.460  -24.438 0.0000000000
12599  -25.768  -70.717  -24.321 0.0000000000
13599  -24.986  -70.212  -24.329 0.0000000000
12598  -25.345  -70.530  -24.192 0.0000000000
13581  -24.766  -70.210  -23.587 0.0000000000
12588  -25.270  -70.627  -23.625 0.0000000000
13560  -24.892  -70.367  -23.052 0.0000000000
13540  -24.962  -70.300  -22.288 0.0000000000
12572  -25.192  -70.637  -22.787 0.0000000000
12558  -25.447  -70.817  -22.276 0.0000000000
12557  -25.191  -70.597  -22.444 0.0000000000
13541  -25.220  -70.516  -22.067 0.0000000000
13526  -24.815  -69.711  -21.390 0.0000000000
13527  -25.275  -70.403  -21.666 0.0000000000
13525  -24.489  -69.499  -21.619 0.0000000000
12612  -26.454  -70.958  -24.658 0.0000000000
12628  -26.598  -70.970  -25.412 0.0000000000
12589  -25.895  -71.044  -23.580 0.0000000000
12600  -26.288  -71.135  -23.994 0.0000000000
12573  -25.525  -70.941  -23.050 0.0000000000
11651  -26.006  -71.287  -22.945 0.0000000000
11662  -26.162  -71.280  -23.427 0.0000000000
12590  -26.226  -71.241  -23.647 0.0000000000
12542  -25.885  -70.849  -21.362 0.0000000000
11632  -26.132  -71.366  -22.010 0.0000000000
11663  -26.543  -71.436  -23.490 0.0000000000
11652  -26.595  -71.617  -22.713 0.0000000000
11609  -26.131  -71.240  -21.537 0.0000000000
11610  -26.445  -71.406  -21.307 0.0000000000
11633  -26.774  -71.786  -22.051 0.0000000000
11611  -27.154  -72.126  -21.562 0.0000000000
11634  -27.190  -72.150  -22.137 0.0000000000
11653  -27.085  -71.976  -22.612 0.0000000000
11664  -27.011  -71.764  -23.142 0.0000000000
25467  -30.540  -61.603  -25.304 0.0000000000
26684  -30.375  -61.097  -25.122 0.0000000000
26679  -26.969  -61.130  -25.275 0.0000000000
27923  -27.445  -60.585  -25.137 0.0000000000
27924  -28.148  -60.585  -25.092 0.0000000000
27925  -28.816  -60.538  -25.074 0.0000000000
27926  -29.486  -60.531  -25.048 0.0000000000
27927  -30.180  -60.545  -25.082 0.0000000000
26685  -31.052  -61.141  -25.170 0.0000000000
27928  -30.880  -60.579  -25.103 0.0000000000
26678  -26.320  -61.056  -25.320 0.0000000000
27921  -25.844  -60.502  -25.207 0.0000000000
27953  -25.125  -60.802  -25.474 0.0000000000
26703  -24.785  -61.105  -26.042 0.0000000000
26776  -24.922  -61.736  -29.202 0.0000000000
26796  -25.265  -61.623  -29.781 0.0000000000
26797  -25.718  -61.566  -29.721 0.0000000000
26810  -25.578  -61.505  -30.139 0.0000000000
27922  -26.712  -60.488  -25.173 0.0000000000
27920  -25.101  -60.224  -25.252 0.0000000000
29185  -25.583  -59.650  -25.162 0.0000000000
29186  -26.503  -59.670  -25.250 0.0000000000
29187  -27.218  -59.933  -25.244 0.0000000000
29188  -27.886  -60.007  -25.225 0.0000000000
29189  -28.556  -60.015  -25.237 0.0000000000
29190  -29.241  -60.001  -25.247 0.0000000000
29191  -29.948  -59.993  -25.251 0.0000000000
29192  -30.673  -60.009  -25.261 0.0000000000
27929  -31.572  -60.640  -25.138 0.0000000000
29193  -31.400  -60.062  -25.272 0.0000000000
30528  -26.163  -58.947  -25.165 0.0000000000
29215  -27.086  -59.386  -25.448 0.0000000000
29214  -26.778  -59.299  -25.408 0.0000000000
30544  -26.585  -59.145  -25.372 0.0000000000
29216  -27.653  -59.484  -25.505 0.0000000000
29217  -28.279  -59.524  -25.534 0.0000000000
29218  -28.952  -59.512  -25.560 0.0000000000
29219  -29.670  -59.498  -25.590 0.0000000000
29220  -30.415  -59.512  -25.630 0.0000000000
29221  -31.171  -59.562  -25.663 0.0000000000
30545  -26.916  -58.947  -25.501 0.0000000000
30546  -27.448  -58.915  -25.710 0.0000000000
30547  -27.993  -59.083  -25.858 0.0000000000
30548  -28.614  -59.077  -25.946 0.0000000000
30549  -29.327  -59.088  -26.055 0.0000000000
30550  -30.094  -59.112  -26.129 0.0000000000
30551  -30.880  -59.129  -26.176 0.0000000000
30527  -25.280  -58.933  -24.924 0.0000000000
30513  -26.051  -58.627  -24.353 0.0000000000
31929  -26.449  -58.545  -24.919 0.0000000000
31944  -26.527  -58.680  -25.167 0.0000000000
30529  -26.640  -58.853  -25.282 0.0000000000
31945  -26.852  -58.416  -25.287 0.0000000000
31960  -27.185  -58.602  -25.611 0.0000000000
31961  -27.650  -58.154  -25.717 0.0000000000
30571  -27.808  -58.656  -25.996 0.0000000000
30572  -28.247  -58.671  -26.193 0.0000000000
30573  -28.909  -58.641  -26.544 0.0000000000
30574  -29.720  -58.780  -26.674 0.0000000000
30575  -30.524  -58.781  -26.785 0.0000000000
31974  -27.961  -58.382  -26.144 0.0000000000
31975  -28.376  -58.059  -26.351 0.0000000000
31976  -28.977  -58.027  -27.027 0.0000000000
30602  -29.411  -58.442  -27.182 0.0000000000
30603  -30.107  -58.496  -27.304 0.0000000000
32000  -29.337  -58.048  -27.490 0.0000000000
32001  -29.762  -58.202  -27.657 0.0000000000
31930  -26.776  -58.311  -24.522 0.0000000000
30514  -26.548  -58.439  -24.101 0.0000000000
31919  -26.910  -58.332  -23.898 0.0000000000
31931  -27.325  -58.108  -24.221 0.0000000000
31946  -27.394  -58.038  -24.864 0.0000000000
31920  -27.395  -58.194  -23.588 0.0000000000
31932  -27.786  -57.917  -23.987 0.0000000000
31947  -27.690  -57.919  -24.464 0.0000000000
31921  -27.936  -57.969  -23.333 0.0000000000
33329  -28.225  -57.695  -23.799 0.0000000000
33344  -28.152  -57.661  -24.516 0.0000000000
33343  -27.773  -57.864  -24.726 0.0000000000
33361  -27.853  -57.852  -25.053 0.0000000000
31962  -28.213  -57.830  -25.897 0.0000000000
33362  -28.339  -57.591  -25.403 0.0000000000
33377  -28.546  -57.507  -26.066 0.0000000000
33378  -29.005  -57.348  -26.745 0.0000000000
33403  -29.236  -57.569  -27.568 0.0000000000
32024  -29.538  -57.903  -27.840 0.0000000000
33316  -28.505  -57.558  -23.221 0.0000000000
33330  -28.718  -57.325  -23.921 0.0000000000
33317  -29.246  -57.002  -23.157 0.0000000000
33331  -29.385  -56.963  -24.071 0.0000000000
33345  -28.897  -57.225  -24.754 0.0000000000
33318  -29.678  -56.699  -23.624 0.0000000000
34771  -30.049  -56.488  -24.121 0.0000000000
33346  -29.656  -56.902  -24.851 0.0000000000
33363  -29.242  -57.073  -25.738 0.0000000000
34784  -30.304  -56.509  -25.021 0.0000000000
33364  -29.866  -56.764  -25.416 0.0000000000
34804  -30.310  -56.613  -26.046 0.0000000000
34803  -29.585  -56.949  -26.549 0.0000000000
34829  -29.488  -57.042  -26.962 0.0000000000
33379  -29.464  -57.154  -27.289 0.0000000000
34758  -29.976  -56.269  -23.155 0.0000000000
34759  -30.534  -55.981  -23.714 0.0000000000
34772  -30.817  -56.070  -24.411 0.0000000000
34757  -29.522  -56.509  -22.576 0.0000000000
34747  -29.826  -56.029  -22.315 0.0000000000
36180  -30.299  -55.635  -22.576 0.0000000000
36194  -30.576  -55.691  -23.185 0.0000000000
33305  -29.130  -56.860  -22.255 0.0000000000
34746  -29.411  -56.347  -21.992 0.0000000000
34734  -29.642  -55.913  -21.794 0.0000000000
36163  -30.044  -55.410  -21.817 0.0000000000
33293  -29.051  -56.641  -21.594 0.0000000000
34733  -29.308  -56.106  -21.392 0.0000000000
36162  -29.646  -55.658  -21.428 0.0000000000
33304  -28.676  -57.355  -22.485 0.0000000000
31911  -28.150  -57.888  -22.610 0.0000000000
33292  -28.693  -57.121  -21.767 0.0000000000
31899  -28.290  -57.638  -21.889 0.0000000000
