#!ascii label  , from subject  vox2ras=TkReg
885
27835  -21.916  -60.453  -20.844 0.0000000000
27849  -21.684  -60.886  -21.105 0.0000000000
27834  -21.297  -60.667  -20.519 0.0000000000
27850  -22.076  -60.719  -21.528 0.0000000000
29095  -21.723  -60.089  -20.386 0.0000000000
29096  -22.258  -59.975  -20.553 0.0000000000
27836  -22.374  -60.253  -21.093 0.0000000000
27851  -22.666  -60.286  -21.692 0.0000000000
29097  -22.960  -59.796  -20.885 0.0000000000
26613  -21.407  -61.419  -21.132 0.0000000000
26614  -21.740  -61.184  -21.505 0.0000000000
26628  -21.892  -61.318  -22.106 0.0000000000
27863  -22.332  -60.708  -22.339 0.0000000000
29113  -23.348  -59.907  -21.847 0.0000000000
27864  -22.869  -60.232  -22.501 0.0000000000
26638  -22.047  -61.223  -22.963 0.0000000000
27875  -22.439  -60.467  -23.246 0.0000000000
29126  -23.373  -59.900  -22.684 0.0000000000
27876  -22.994  -59.992  -23.189 0.0000000000
26651  -22.058  -61.054  -23.928 0.0000000000
27884  -22.363  -60.351  -24.024 0.0000000000
27885  -22.724  -59.952  -23.811 0.0000000000
29141  -23.400  -59.755  -23.209 0.0000000000
29153  -23.200  -59.659  -23.676 0.0000000000
27899  -22.245  -60.508  -24.654 0.0000000000
27900  -22.597  -59.949  -24.486 0.0000000000
29165  -23.033  -59.593  -24.304 0.0000000000
26665  -22.072  -61.230  -24.811 0.0000000000
27917  -22.243  -60.764  -25.312 0.0000000000
27918  -22.767  -60.058  -25.265 0.0000000000
29182  -22.923  -59.665  -24.791 0.0000000000
26677  -22.153  -61.271  -25.362 0.0000000000
27949  -22.237  -61.038  -25.635 0.0000000000
27950  -22.500  -60.761  -26.012 0.0000000000
27951  -23.467  -60.334  -25.914 0.0000000000
27919  -23.313  -59.888  -25.437 0.0000000000
29183  -23.563  -59.491  -24.958 0.0000000000
29212  -23.560  -59.895  -25.445 0.0000000000
26700  -22.253  -61.433  -25.788 0.0000000000
26701  -22.540  -61.512  -26.349 0.0000000000
27970  -22.713  -61.110  -26.490 0.0000000000
27971  -22.977  -60.804  -26.547 0.0000000000
27952  -24.436  -60.423  -25.620 0.0000000000
26702  -24.136  -60.840  -26.217 0.0000000000
26722  -23.649  -60.987  -26.848 0.0000000000
29213  -23.924  -59.933  -25.440 0.0000000000
26703  -24.785  -61.105  -26.042 0.0000000000
27953  -25.125  -60.802  -25.474 0.0000000000
27920  -25.101  -60.224  -25.252 0.0000000000
29184  -24.615  -59.653  -25.160 0.0000000000
26721  -22.876  -61.425  -27.060 0.0000000000
29079  -21.211  -59.764  -19.983 0.0000000000
29080  -21.935  -59.554  -20.077 0.0000000000
29081  -22.562  -59.515  -20.220 0.0000000000
30409  -23.269  -59.089  -20.059 0.0000000000
30428  -23.471  -59.485  -20.643 0.0000000000
29098  -23.676  -59.640  -21.117 0.0000000000
29114  -24.046  -59.691  -21.692 0.0000000000
30429  -23.975  -59.318  -20.585 0.0000000000
29099  -24.255  -59.499  -21.120 0.0000000000
29115  -24.689  -59.493  -21.544 0.0000000000
30430  -24.869  -59.162  -20.749 0.0000000000
29127  -23.870  -59.762  -22.375 0.0000000000
29128  -24.417  -59.603  -22.198 0.0000000000
30448  -25.078  -59.317  -21.316 0.0000000000
29129  -24.949  -59.460  -22.146 0.0000000000
29116  -25.164  -59.374  -21.678 0.0000000000
30449  -25.579  -59.127  -21.342 0.0000000000
30465  -25.490  -59.276  -22.088 0.0000000000
29142  -23.748  -59.648  -22.971 0.0000000000
29143  -24.238  -59.530  -22.834 0.0000000000
29144  -24.697  -59.479  -22.601 0.0000000000
30480  -25.183  -59.250  -22.764 0.0000000000
29154  -23.666  -59.477  -23.488 0.0000000000
29155  -23.972  -59.444  -23.229 0.0000000000
30479  -24.663  -59.341  -23.018 0.0000000000
30495  -24.289  -59.263  -23.389 0.0000000000
29166  -23.503  -59.331  -24.082 0.0000000000
30494  -23.955  -59.330  -23.468 0.0000000000
30510  -23.932  -59.190  -23.768 0.0000000000
30525  -23.938  -59.126  -24.296 0.0000000000
30526  -24.450  -59.033  -24.635 0.0000000000
29185  -25.583  -59.650  -25.162 0.0000000000
30527  -25.280  -58.933  -24.924 0.0000000000
30408  -22.320  -58.939  -19.785 0.0000000000
31842  -22.756  -58.199  -19.502 0.0000000000
30410  -24.256  -58.730  -20.045 0.0000000000
31843  -23.684  -58.114  -19.576 0.0000000000
30411  -25.093  -58.474  -20.031 0.0000000000
31844  -24.564  -57.919  -19.672 0.0000000000
30431  -25.821  -58.597  -20.472 0.0000000000
30412  -25.548  -58.265  -20.016 0.0000000000
31845  -25.379  -57.774  -19.775 0.0000000000
31864  -25.841  -58.062  -20.011 0.0000000000
30450  -26.381  -58.755  -21.248 0.0000000000
30432  -26.657  -58.309  -20.683 0.0000000000
31865  -26.352  -57.993  -20.182 0.0000000000
30451  -27.147  -58.336  -21.249 0.0000000000
30433  -27.049  -58.099  -20.782 0.0000000000
31866  -27.017  -57.738  -20.410 0.0000000000
31883  -27.327  -57.926  -20.837 0.0000000000
30466  -26.117  -58.991  -21.989 0.0000000000
30467  -26.785  -58.708  -21.917 0.0000000000
30468  -27.324  -58.443  -21.963 0.0000000000
30452  -27.554  -58.201  -21.583 0.0000000000
31884  -27.826  -57.757  -21.193 0.0000000000
31898  -27.793  -58.090  -21.990 0.0000000000
30481  -25.822  -59.054  -22.602 0.0000000000
30482  -26.560  -58.752  -22.753 0.0000000000
30483  -27.044  -58.614  -22.346 0.0000000000
31910  -27.423  -58.352  -22.745 0.0000000000
30496  -24.890  -59.070  -23.436 0.0000000000
30497  -25.722  -58.865  -23.382 0.0000000000
30498  -26.465  -58.584  -23.640 0.0000000000
31909  -26.971  -58.483  -23.336 0.0000000000
30511  -24.412  -58.992  -23.939 0.0000000000
30512  -25.123  -58.859  -24.118 0.0000000000
30513  -26.051  -58.627  -24.353 0.0000000000
31919  -26.910  -58.332  -23.898 0.0000000000
30514  -26.548  -58.439  -24.101 0.0000000000
31841  -21.872  -58.168  -19.548 0.0000000000
33230  -22.243  -57.358  -19.473 0.0000000000
33231  -23.138  -57.315  -19.415 0.0000000000
33232  -24.022  -57.203  -19.497 0.0000000000
33233  -24.857  -57.069  -19.614 0.0000000000
33234  -25.619  -56.960  -19.739 0.0000000000
31846  -26.036  -57.545  -19.845 0.0000000000
33235  -26.335  -56.920  -19.804 0.0000000000
31847  -26.590  -57.460  -20.000 0.0000000000
33236  -27.106  -57.006  -20.026 0.0000000000
33254  -27.382  -57.334  -20.378 0.0000000000
31867  -27.507  -57.573  -20.637 0.0000000000
33255  -27.856  -56.983  -20.483 0.0000000000
33276  -28.163  -57.231  -21.008 0.0000000000
31899  -28.290  -57.638  -21.889 0.0000000000
31885  -28.324  -57.323  -21.373 0.0000000000
33277  -28.555  -56.773  -21.045 0.0000000000
33292  -28.693  -57.121  -21.767 0.0000000000
31911  -28.150  -57.888  -22.610 0.0000000000
31920  -27.395  -58.194  -23.588 0.0000000000
31921  -27.936  -57.969  -23.333 0.0000000000
33229  -21.379  -57.372  -19.642 0.0000000000
34674  -21.774  -56.582  -19.703 0.0000000000
34675  -22.624  -56.577  -19.595 0.0000000000
34676  -23.477  -56.489  -19.606 0.0000000000
34677  -24.330  -56.335  -19.653 0.0000000000
34678  -25.153  -56.240  -19.678 0.0000000000
34679  -25.926  -56.241  -19.714 0.0000000000
34680  -26.684  -56.299  -19.756 0.0000000000
33237  -27.492  -56.691  -20.065 0.0000000000
34681  -27.248  -56.406  -19.862 0.0000000000
34696  -27.664  -56.314  -20.018 0.0000000000
33256  -28.294  -56.597  -20.600 0.0000000000
34697  -28.184  -56.237  -20.282 0.0000000000
34716  -28.526  -56.349  -20.628 0.0000000000
33293  -29.051  -56.641  -21.594 0.0000000000
33278  -28.968  -56.419  -21.216 0.0000000000
34717  -28.927  -56.118  -20.838 0.0000000000
34733  -29.308  -56.106  -21.392 0.0000000000
34673  -21.157  -56.738  -19.831 0.0000000000
34695  -21.280  -56.219  -20.069 0.0000000000
36103  -22.186  -55.982  -19.914 0.0000000000
36102  -21.700  -56.047  -19.967 0.0000000000
36104  -22.957  -55.899  -19.898 0.0000000000
36105  -23.766  -55.723  -19.916 0.0000000000
36106  -24.649  -55.396  -19.967 0.0000000000
36107  -25.477  -55.521  -19.786 0.0000000000
36108  -26.256  -55.537  -19.719 0.0000000000
36109  -27.201  -55.668  -19.725 0.0000000000
34694  -20.673  -56.571  -20.199 0.0000000000
36124  -21.635  -55.559  -20.404 0.0000000000
36123  -20.839  -55.939  -20.478 0.0000000000
36129  -27.860  -55.828  -19.932 0.0000000000
36130  -28.345  -55.529  -20.061 0.0000000000
34698  -28.608  -55.971  -20.414 0.0000000000
36131  -28.914  -55.508  -20.420 0.0000000000
36146  -29.387  -55.521  -20.927 0.0000000000
36125  -22.472  -55.489  -20.307 0.0000000000
36126  -23.209  -55.308  -20.311 0.0000000000
36127  -23.945  -55.076  -20.330 0.0000000000
36128  -24.423  -54.876  -20.351 0.0000000000
37500  -25.180  -55.041  -19.994 0.0000000000
37524  -24.897  -54.546  -20.363 0.0000000000
37501  -25.683  -54.752  -19.930 0.0000000000
37502  -26.578  -54.763  -19.677 0.0000000000
37503  -27.427  -54.791  -19.621 0.0000000000
36110  -27.806  -55.334  -19.796 0.0000000000
37504  -28.158  -54.817  -19.753 0.0000000000
36122  -20.407  -56.209  -20.565 0.0000000000
36143  -20.201  -55.795  -21.058 0.0000000000
36144  -20.979  -55.483  -20.837 0.0000000000
36145  -21.400  -55.250  -20.865 0.0000000000
37520  -22.160  -55.213  -20.608 0.0000000000
37542  -21.878  -54.911  -21.095 0.0000000000
37521  -22.659  -54.987  -20.717 0.0000000000
37522  -23.414  -54.754  -20.785 0.0000000000
37523  -24.169  -54.539  -20.786 0.0000000000
37526  -28.768  -54.917  -20.034 0.0000000000
37527  -29.283  -54.867  -20.432 0.0000000000
34693  -19.960  -56.601  -20.619 0.0000000000
34715  -19.789  -56.286  -21.000 0.0000000000
36142  -19.675  -56.161  -21.225 0.0000000000
36160  -19.417  -55.989  -21.730 0.0000000000
36161  -20.026  -55.380  -22.004 0.0000000000
37540  -20.722  -55.366  -21.147 0.0000000000
37561  -20.614  -55.139  -21.552 0.0000000000
37541  -21.131  -55.125  -21.197 0.0000000000
36162  -29.646  -55.658  -21.428 0.0000000000
37546  -29.679  -54.982  -20.871 0.0000000000
36147  -29.792  -55.264  -21.240 0.0000000000
34714  -19.293  -56.633  -21.208 0.0000000000
34732  -19.072  -56.379  -21.715 0.0000000000
36159  -19.002  -56.267  -21.940 0.0000000000
36177  -18.951  -56.068  -22.313 0.0000000000
36178  -19.465  -55.624  -22.560 0.0000000000
36179  -20.040  -55.152  -22.881 0.0000000000
37580  -20.632  -54.901  -22.348 0.0000000000
34731  -18.626  -56.660  -21.937 0.0000000000
34745  -18.543  -56.334  -22.741 0.0000000000
36191  -18.990  -55.888  -23.051 0.0000000000
36192  -19.540  -55.518  -23.415 0.0000000000
36193  -20.117  -55.092  -23.762 0.0000000000
37598  -20.682  -54.744  -23.229 0.0000000000
34756  -18.596  -56.244  -23.510 0.0000000000
36205  -19.066  -55.844  -23.771 0.0000000000
36206  -19.615  -55.607  -24.455 0.0000000000
36207  -20.298  -55.088  -24.485 0.0000000000
37611  -20.717  -54.708  -24.079 0.0000000000
34769  -18.768  -56.217  -24.386 0.0000000000
34770  -19.179  -56.091  -25.053 0.0000000000
36218  -19.723  -55.870  -25.460 0.0000000000
36219  -20.354  -55.323  -25.256 0.0000000000
37621  -20.780  -54.820  -24.839 0.0000000000
34783  -19.237  -56.330  -25.662 0.0000000000
36239  -19.696  -56.179  -26.034 0.0000000000
36240  -20.320  -55.777  -26.267 0.0000000000
36241  -20.933  -55.173  -25.922 0.0000000000
36220  -20.856  -54.968  -25.339 0.0000000000
37622  -21.395  -54.594  -25.318 0.0000000000
34801  -19.300  -56.583  -26.308 0.0000000000
34802  -19.862  -56.291  -26.512 0.0000000000
34827  -20.337  -56.223  -27.004 0.0000000000
36264  -20.649  -55.865  -26.858 0.0000000000
36265  -21.209  -55.557  -26.968 0.0000000000
37639  -21.552  -54.921  -26.328 0.0000000000
34828  -20.787  -55.976  -27.155 0.0000000000
34855  -21.020  -56.344  -27.724 0.0000000000
36280  -21.457  -55.842  -27.598 0.0000000000
37659  -21.698  -55.114  -26.834 0.0000000000
36281  -22.061  -55.550  -27.721 0.0000000000
36266  -21.797  -55.235  -27.116 0.0000000000
37660  -22.242  -54.740  -26.922 0.0000000000
34856  -21.617  -56.015  -27.893 0.0000000000
34884  -21.957  -56.357  -28.492 0.0000000000
36302  -22.349  -55.880  -28.316 0.0000000000
37673  -22.489  -55.057  -27.579 0.0000000000
36303  -22.873  -55.569  -28.443 0.0000000000
36282  -22.623  -55.232  -27.875 0.0000000000
37674  -23.080  -54.744  -27.747 0.0000000000
34885  -22.512  -56.037  -28.593 0.0000000000
34904  -22.868  -56.327  -29.117 0.0000000000
36320  -23.158  -55.888  -28.950 0.0000000000
37687  -23.247  -55.138  -28.361 0.0000000000
36321  -23.578  -55.629  -29.002 0.0000000000
36304  -23.359  -55.331  -28.596 0.0000000000
37688  -23.758  -54.982  -28.550 0.0000000000
34905  -23.343  -56.045  -29.169 0.0000000000
34922  -23.730  -56.270  -29.641 0.0000000000
36335  -23.941  -55.797  -29.380 0.0000000000
37702  -23.949  -55.285  -28.966 0.0000000000
36322  -24.130  -55.490  -29.235 0.0000000000
36336  -24.321  -55.769  -29.629 0.0000000000
37703  -24.362  -55.054  -29.018 0.0000000000
36323  -24.611  -55.351  -29.417 0.0000000000
36337  -25.042  -55.569  -29.920 0.0000000000
37704  -25.164  -54.821  -29.287 0.0000000000
34923  -24.497  -56.148  -30.091 0.0000000000
34924  -25.000  -56.093  -30.447 0.0000000000
36351  -25.465  -55.738  -30.600 0.0000000000
37717  -25.465  -55.118  -29.796 0.0000000000
36338  -25.629  -55.307  -30.158 0.0000000000
36352  -25.901  -55.143  -30.722 0.0000000000
37718  -25.846  -54.651  -29.882 0.0000000000
34939  -25.095  -56.153  -31.039 0.0000000000
36363  -25.425  -55.549  -31.348 0.0000000000
37729  -26.045  -54.373  -30.625 0.0000000000
36364  -25.842  -55.117  -31.282 0.0000000000
37739  -25.922  -54.737  -31.110 0.0000000000
34954  -25.003  -56.009  -31.463 0.0000000000
36362  -24.709  -55.677  -31.568 0.0000000000
37737  -24.857  -55.063  -31.449 0.0000000000
37738  -25.485  -54.840  -31.367 0.0000000000
37525  -25.424  -54.094  -20.234 0.0000000000
38840  -25.999  -53.801  -19.879 0.0000000000
38841  -26.972  -54.000  -19.506 0.0000000000
38842  -27.839  -54.093  -19.507 0.0000000000
38843  -28.686  -54.136  -19.770 0.0000000000
37543  -22.817  -54.432  -21.365 0.0000000000
37544  -23.633  -54.271  -21.267 0.0000000000
37545  -24.127  -54.061  -21.230 0.0000000000
38861  -24.527  -53.988  -20.911 0.0000000000
38862  -25.018  -53.657  -20.632 0.0000000000
38863  -25.467  -53.677  -20.269 0.0000000000
38864  -29.045  -54.503  -20.076 0.0000000000
37562  -21.257  -54.776  -21.806 0.0000000000
37563  -22.058  -54.326  -22.056 0.0000000000
37564  -22.780  -54.112  -22.038 0.0000000000
38879  -23.330  -54.030  -21.819 0.0000000000
38880  -23.865  -53.858  -21.642 0.0000000000
38881  -24.315  -53.577  -21.463 0.0000000000
37581  -21.312  -54.488  -22.676 0.0000000000
37582  -21.976  -54.126  -23.026 0.0000000000
38895  -22.565  -54.024  -22.594 0.0000000000
38896  -23.120  -53.881  -22.398 0.0000000000
37599  -21.385  -54.325  -23.641 0.0000000000
38910  -22.517  -53.949  -23.126 0.0000000000
37600  -21.855  -54.119  -23.529 0.0000000000
38928  -22.244  -53.986  -23.613 0.0000000000
37612  -21.223  -54.457  -24.487 0.0000000000
38927  -21.835  -54.113  -23.840 0.0000000000
38940  -21.655  -54.188  -24.279 0.0000000000
38951  -21.530  -54.281  -24.738 0.0000000000
37640  -21.938  -54.465  -25.937 0.0000000000
37623  -21.874  -54.294  -25.399 0.0000000000
38952  -21.977  -54.093  -24.820 0.0000000000
38968  -22.244  -54.097  -25.494 0.0000000000
38985  -22.385  -54.203  -26.123 0.0000000000
37661  -22.829  -54.393  -27.085 0.0000000000
38986  -22.891  -54.056  -26.496 0.0000000000
38999  -23.213  -54.161  -27.078 0.0000000000
37675  -23.998  -54.335  -27.999 0.0000000000
39000  -23.735  -54.036  -27.355 0.0000000000
37689  -24.616  -54.458  -28.529 0.0000000000
37676  -24.441  -54.122  -28.082 0.0000000000
39001  -24.457  -53.780  -27.608 0.0000000000
39011  -24.733  -53.959  -28.136 0.0000000000
37690  -25.136  -54.349  -28.811 0.0000000000
39012  -25.228  -53.892  -28.439 0.0000000000
39023  -25.478  -54.188  -28.997 0.0000000000
37705  -25.641  -54.405  -29.360 0.0000000000
39024  -25.889  -53.878  -29.309 0.0000000000
39034  -26.050  -53.801  -30.029 0.0000000000
39043  -25.829  -53.665  -30.646 0.0000000000
37728  -25.686  -54.249  -31.132 0.0000000000
37736  -24.395  -55.272  -31.507 0.0000000000
37726  -24.063  -54.749  -31.083 0.0000000000
37727  -25.005  -54.408  -31.206 0.0000000000
40154  -26.614  -53.131  -19.456 0.0000000000
40153  -25.948  -52.806  -19.806 0.0000000000
40177  -25.423  -53.120  -20.307 0.0000000000
40155  -27.463  -53.304  -19.265 0.0000000000
40156  -28.281  -53.386  -19.445 0.0000000000
38882  -24.651  -53.585  -21.055 0.0000000000
40176  -25.053  -53.111  -20.729 0.0000000000
40195  -24.706  -53.086  -21.197 0.0000000000
38897  -23.675  -53.606  -22.190 0.0000000000
38898  -23.998  -53.564  -21.850 0.0000000000
40194  -24.367  -53.171  -21.616 0.0000000000
40208  -24.086  -53.207  -22.112 0.0000000000
38911  -22.922  -53.805  -22.921 0.0000000000
38912  -23.320  -53.582  -22.779 0.0000000000
40207  -23.821  -53.363  -22.291 0.0000000000
40219  -23.698  -53.307  -22.606 0.0000000000
38929  -22.832  -53.734  -23.458 0.0000000000
38930  -23.110  -53.603  -23.146 0.0000000000
40234  -23.367  -53.326  -23.433 0.0000000000
38941  -22.061  -54.026  -24.144 0.0000000000
38942  -22.601  -53.787  -24.170 0.0000000000
40233  -22.964  -53.567  -23.776 0.0000000000
40246  -23.060  -53.455  -24.061 0.0000000000
38953  -22.627  -53.829  -24.967 0.0000000000
38943  -22.990  -53.565  -24.540 0.0000000000
38954  -23.142  -53.510  -25.116 0.0000000000
40247  -23.468  -53.203  -24.409 0.0000000000
38969  -22.753  -53.845  -25.683 0.0000000000
40258  -23.744  -53.209  -25.237 0.0000000000
38970  -23.338  -53.562  -25.861 0.0000000000
40271  -23.987  -53.321  -25.950 0.0000000000
38987  -23.639  -53.730  -26.605 0.0000000000
40284  -24.202  -53.402  -26.496 0.0000000000
38988  -24.141  -53.635  -26.984 0.0000000000
40285  -24.694  -53.276  -26.842 0.0000000000
40299  -24.995  -53.342  -27.474 0.0000000000
39002  -24.972  -53.627  -27.932 0.0000000000
40300  -25.448  -53.212  -27.958 0.0000000000
40313  -25.608  -53.513  -28.443 0.0000000000
39013  -25.673  -53.743  -28.758 0.0000000000
40314  -25.869  -53.114  -28.692 0.0000000000
40323  -26.055  -53.110  -29.510 0.0000000000
40333  -26.077  -53.069  -30.044 0.0000000000
39042  -25.270  -53.820  -30.940 0.0000000000
40342  -25.736  -53.207  -30.491 0.0000000000
40341  -25.385  -53.329  -30.666 0.0000000000
41491  -25.094  -52.540  -20.792 0.0000000000
41512  -24.461  -52.838  -21.770 0.0000000000
41513  -24.851  -52.193  -21.635 0.0000000000
41529  -24.450  -52.574  -22.370 0.0000000000
40220  -23.974  -52.879  -22.915 0.0000000000
41541  -24.505  -52.318  -23.256 0.0000000000
40235  -23.955  -52.769  -23.811 0.0000000000
41554  -24.533  -52.387  -24.185 0.0000000000
40248  -24.136  -52.832  -24.667 0.0000000000
41566  -24.689  -52.537  -24.953 0.0000000000
40259  -24.419  -52.950  -25.414 0.0000000000
41578  -24.815  -52.685  -25.373 0.0000000000
40272  -24.555  -53.110  -26.099 0.0000000000
40260  -24.851  -52.822  -25.702 0.0000000000
40273  -25.081  -52.828  -26.240 0.0000000000
41579  -25.150  -52.317  -25.501 0.0000000000
41589  -25.471  -52.275  -26.433 0.0000000000
40286  -25.396  -52.848  -27.016 0.0000000000
41601  -25.540  -52.469  -26.825 0.0000000000
40287  -25.649  -52.643  -27.573 0.0000000000
41602  -25.614  -52.211  -27.066 0.0000000000
40301  -25.738  -52.679  -28.097 0.0000000000
41614  -25.683  -52.147  -27.802 0.0000000000
41628  -25.799  -52.232  -28.490 0.0000000000
41638  -25.893  -52.451  -29.118 0.0000000000
41647  -25.761  -52.394  -29.764 0.0000000000
40332  -25.551  -52.816  -30.370 0.0000000000
40340  -24.865  -53.586  -30.865 0.0000000000
40331  -24.818  -53.061  -30.449 0.0000000000
41530  -24.835  -51.967  -22.543 0.0000000000
39041  -24.642  -53.872  -30.840 0.0000000000
41646  -25.209  -52.265  -30.069 0.0000000000
39033  -24.252  -53.555  -30.500 0.0000000000
40330  -23.953  -53.018  -30.055 0.0000000000
41645  -24.524  -52.235  -30.020 0.0000000000
39040  -24.106  -54.054  -30.696 0.0000000000
37716  -23.825  -54.283  -30.655 0.0000000000
39032  -23.755  -53.858  -30.305 0.0000000000
37715  -23.373  -54.482  -30.498 0.0000000000
39031  -23.089  -54.017  -29.904 0.0000000000
40329  -23.541  -53.523  -29.910 0.0000000000
37714  -22.352  -54.842  -30.246 0.0000000000
39030  -22.478  -54.249  -29.710 0.0000000000
39022  -22.637  -53.735  -29.489 0.0000000000
40321  -23.180  -53.098  -29.584 0.0000000000
37701  -22.150  -54.456  -29.716 0.0000000000
39021  -22.062  -54.013  -29.378 0.0000000000
40320  -22.227  -53.157  -29.154 0.0000000000
37700  -21.673  -54.601  -29.620 0.0000000000
39020  -21.369  -54.088  -29.103 0.0000000000
40319  -21.791  -53.628  -29.109 0.0000000000
36361  -23.965  -55.701  -31.553 0.0000000000
36350  -23.399  -55.388  -31.284 0.0000000000
37725  -23.085  -55.047  -30.862 0.0000000000
36349  -22.773  -55.544  -31.173 0.0000000000
37724  -22.570  -55.259  -30.811 0.0000000000
36348  -22.086  -55.570  -30.945 0.0000000000
36334  -21.579  -55.331  -30.554 0.0000000000
37713  -21.344  -55.065  -30.049 0.0000000000
36333  -20.979  -55.465  -30.412 0.0000000000
37712  -20.855  -55.260  -29.990 0.0000000000
37699  -20.695  -54.921  -29.389 0.0000000000
36332  -20.420  -55.560  -30.080 0.0000000000
34953  -24.482  -56.444  -31.467 0.0000000000
34952  -23.553  -56.507  -31.638 0.0000000000
36360  -23.135  -55.954  -31.556 0.0000000000
34951  -22.739  -56.624  -31.694 0.0000000000
36359  -22.404  -56.073  -31.428 0.0000000000
34950  -21.963  -56.652  -31.673 0.0000000000
36358  -21.755  -56.124  -31.334 0.0000000000
34949  -21.137  -56.550  -31.501 0.0000000000
36347  -21.241  -55.870  -30.943 0.0000000000
34936  -20.677  -56.250  -31.070 0.0000000000
36346  -20.574  -55.883  -30.665 0.0000000000
34938  -24.581  -56.479  -30.686 0.0000000000
33506  -24.210  -56.788  -30.889 0.0000000000
33505  -23.770  -57.032  -31.234 0.0000000000
33504  -23.059  -57.159  -31.578 0.0000000000
33503  -22.253  -57.386  -31.938 0.0000000000
33502  -21.486  -57.176  -31.942 0.0000000000
34937  -24.184  -56.548  -30.259 0.0000000000
33489  -24.204  -56.714  -30.564 0.0000000000
33488  -23.735  -56.900  -30.376 0.0000000000
34921  -23.246  -56.584  -29.615 0.0000000000
33470  -23.424  -56.703  -29.866 0.0000000000
33469  -22.922  -56.974  -29.834 0.0000000000
34903  -22.342  -56.656  -29.087 0.0000000000
33447  -22.544  -56.792  -29.347 0.0000000000
33446  -21.991  -57.140  -29.383 0.0000000000
34883  -21.328  -56.667  -28.345 0.0000000000
33428  -21.470  -56.939  -28.729 0.0000000000
33427  -20.900  -57.079  -28.395 0.0000000000
34854  -20.153  -56.723  -27.496 0.0000000000
33402  -20.440  -56.977  -27.938 0.0000000000
34853  -19.649  -57.033  -27.436 0.0000000000
33401  -19.904  -57.202  -27.824 0.0000000000
34826  -19.640  -56.676  -26.973 0.0000000000
33376  -19.236  -57.167  -27.188 0.0000000000
33400  -19.378  -57.482  -27.656 0.0000000000
33360  -19.117  -56.957  -26.750 0.0000000000
34800  -18.858  -56.673  -25.880 0.0000000000
33359  -18.731  -57.049  -26.338 0.0000000000
34782  -18.641  -56.566  -25.258 0.0000000000
33342  -18.454  -56.952  -25.794 0.0000000000
34781  -18.227  -56.714  -24.661 0.0000000000
33341  -17.924  -57.225  -25.297 0.0000000000
34768  -18.172  -56.636  -23.944 0.0000000000
33328  -17.797  -57.128  -24.367 0.0000000000
34755  -18.114  -56.656  -23.150 0.0000000000
33315  -17.726  -57.097  -23.553 0.0000000000
34744  -18.182  -56.715  -22.520 0.0000000000
33303  -17.786  -57.239  -22.656 0.0000000000
34730  -18.145  -56.973  -22.240 0.0000000000
34713  -18.818  -56.968  -21.429 0.0000000000
33291  -18.536  -57.220  -21.539 0.0000000000
33290  -18.116  -57.379  -21.923 0.0000000000
34692  -19.543  -56.916  -20.762 0.0000000000
33275  -19.297  -57.154  -20.816 0.0000000000
33274  -18.854  -57.408  -21.067 0.0000000000
33253  -20.838  -57.094  -19.864 0.0000000000
33252  -20.310  -57.301  -20.096 0.0000000000
33251  -19.652  -57.350  -20.487 0.0000000000
33487  -22.987  -57.444  -30.866 0.0000000000
32090  -22.724  -57.690  -31.547 0.0000000000
32089  -22.232  -58.108  -31.670 0.0000000000
32097  -21.712  -58.089  -32.194 0.0000000000
33513  -21.699  -57.560  -32.181 0.0000000000
33486  -22.387  -57.824  -30.807 0.0000000000
32076  -22.525  -57.908  -31.215 0.0000000000
33468  -22.347  -57.521  -30.251 0.0000000000
32059  -21.932  -57.956  -30.542 0.0000000000
32075  -22.036  -58.180  -31.099 0.0000000000
32040  -21.790  -57.711  -30.028 0.0000000000
33445  -21.143  -57.412  -29.068 0.0000000000
32039  -21.300  -57.756  -29.686 0.0000000000
33444  -20.605  -57.573  -28.798 0.0000000000
32038  -20.599  -58.005  -29.418 0.0000000000
33426  -20.171  -57.466  -28.337 0.0000000000
32023  -20.181  -57.867  -28.825 0.0000000000
33425  -19.663  -57.587  -28.064 0.0000000000
32022  -19.543  -58.060  -28.487 0.0000000000
31999  -19.365  -57.796  -27.987 0.0000000000
33399  -18.984  -57.572  -27.344 0.0000000000
31998  -18.869  -58.057  -27.771 0.0000000000
33375  -18.759  -57.415  -26.903 0.0000000000
31973  -18.683  -57.754  -27.229 0.0000000000
33374  -18.448  -57.445  -26.580 0.0000000000
31972  -18.145  -58.012  -26.903 0.0000000000
33358  -18.213  -57.378  -26.150 0.0000000000
31959  -17.714  -57.757  -25.913 0.0000000000
33340  -17.499  -57.592  -25.221 0.0000000000
31943  -17.554  -57.624  -25.462 0.0000000000
33327  -17.406  -57.571  -24.770 0.0000000000
31942  -17.235  -58.075  -25.329 0.0000000000
33314  -17.327  -57.564  -23.965 0.0000000000
31928  -17.021  -58.169  -24.374 0.0000000000
33302  -17.347  -57.554  -23.233 0.0000000000
31918  -17.042  -58.163  -23.476 0.0000000000
31908  -17.705  -57.779  -22.171 0.0000000000
31907  -17.330  -58.037  -22.615 0.0000000000
33273  -18.328  -57.740  -21.385 0.0000000000
31897  -17.858  -58.160  -21.664 0.0000000000
33250  -19.194  -57.548  -20.650 0.0000000000
31861  -18.954  -57.951  -20.695 0.0000000000
31882  -18.531  -58.180  -20.964 0.0000000000
31881  -18.186  -58.185  -21.268 0.0000000000
33228  -20.801  -57.584  -19.782 0.0000000000
31839  -20.470  -58.061  -19.835 0.0000000000
31863  -19.908  -57.984  -20.120 0.0000000000
31862  -19.356  -58.023  -20.405 0.0000000000
31840  -21.108  -58.162  -19.679 0.0000000000
30667  -21.908  -58.372  -31.452 0.0000000000
30676  -21.805  -58.507  -31.790 0.0000000000
32074  -21.612  -58.269  -30.756 0.0000000000
30666  -21.461  -58.595  -31.174 0.0000000000
32058  -21.343  -58.145  -30.276 0.0000000000
30657  -21.252  -58.445  -30.636 0.0000000000
32057  -20.939  -58.143  -29.938 0.0000000000
30656  -20.565  -58.737  -30.314 0.0000000000
32037  -19.970  -58.210  -29.129 0.0000000000
30642  -20.150  -58.439  -29.540 0.0000000000
30641  -19.481  -58.813  -29.288 0.0000000000
32021  -19.068  -58.347  -28.325 0.0000000000
30624  -19.186  -58.495  -28.633 0.0000000000
30623  -18.704  -58.810  -28.404 0.0000000000
31997  -18.372  -58.317  -27.549 0.0000000000
30601  -18.499  -58.491  -27.836 0.0000000000
30600  -18.065  -58.799  -27.638 0.0000000000
31971  -17.636  -58.475  -26.738 0.0000000000
30570  -17.752  -58.644  -27.040 0.0000000000
31958  -17.379  -58.400  -26.252 0.0000000000
30569  -17.362  -58.928  -26.711 0.0000000000
30524  -16.903  -58.945  -25.699 0.0000000000
30543  -17.135  -58.945  -26.249 0.0000000000
30509  -16.750  -58.793  -24.841 0.0000000000
30493  -16.613  -59.018  -23.846 0.0000000000
30478  -16.916  -58.811  -22.871 0.0000000000
31896  -17.537  -58.166  -22.088 0.0000000000
30463  -17.328  -58.756  -21.973 0.0000000000
30446  -18.076  -58.706  -21.120 0.0000000000
30464  -17.686  -58.674  -21.493 0.0000000000
30425  -18.893  -58.663  -20.469 0.0000000000
30447  -18.463  -58.660  -20.785 0.0000000000
30427  -20.129  -58.538  -19.900 0.0000000000
30426  -19.574  -58.716  -20.085 0.0000000000
30407  -21.518  -58.926  -19.753 0.0000000000
30406  -20.694  -58.892  -19.785 0.0000000000
30675  -21.395  -58.840  -31.870 0.0000000000
30681  -21.651  -58.600  -32.146 0.0000000000
30665  -20.864  -59.069  -31.436 0.0000000000
30655  -19.761  -59.278  -30.071 0.0000000000
29296  -19.957  -59.460  -30.579 0.0000000000
29302  -20.245  -59.466  -31.157 0.0000000000
29287  -19.323  -59.496  -29.807 0.0000000000
29295  -19.480  -59.851  -30.342 0.0000000000
30640  -18.902  -59.139  -28.989 0.0000000000
29286  -18.870  -59.616  -29.367 0.0000000000
29271  -18.638  -59.380  -28.844 0.0000000000
30622  -18.206  -59.145  -28.149 0.0000000000
29270  -18.253  -59.542  -28.509 0.0000000000
29257  -17.892  -59.496  -27.993 0.0000000000
30599  -17.581  -59.041  -27.223 0.0000000000
29256  -17.624  -59.398  -27.553 0.0000000000
29241  -17.297  -59.564  -27.081 0.0000000000
29211  -16.963  -59.555  -26.313 0.0000000000
30523  -16.601  -59.330  -25.168 0.0000000000
29181  -16.648  -59.720  -25.604 0.0000000000
30508  -16.494  -59.431  -24.574 0.0000000000
29180  -16.475  -59.881  -25.052 0.0000000000
30492  -16.441  -59.625  -24.093 0.0000000000
29164  -16.391  -60.070  -24.417 0.0000000000
29152  -16.611  -59.455  -23.065 0.0000000000
29151  -16.403  -60.040  -23.543 0.0000000000
29140  -16.820  -59.575  -22.348 0.0000000000
30445  -17.581  -59.153  -21.320 0.0000000000
29125  -17.217  -59.657  -21.610 0.0000000000
30424  -18.390  -59.137  -20.634 0.0000000000
29112  -17.924  -59.545  -20.861 0.0000000000
29111  -17.553  -59.742  -21.151 0.0000000000
30405  -20.066  -59.097  -19.863 0.0000000000
29077  -19.577  -59.663  -19.914 0.0000000000
29094  -19.182  -59.140  -20.113 0.0000000000
29093  -18.798  -59.602  -20.211 0.0000000000
29092  -18.274  -59.729  -20.470 0.0000000000
29078  -20.418  -59.712  -19.874 0.0000000000
29294  -19.077  -59.933  -29.921 0.0000000000
29139  -16.553  -59.946  -22.793 0.0000000000
27862  -16.811  -60.426  -21.899 0.0000000000
27874  -16.648  -60.129  -22.414 0.0000000000
27873  -16.503  -60.608  -22.673 0.0000000000
27847  -17.362  -60.370  -21.097 0.0000000000
27831  -17.939  -60.391  -20.484 0.0000000000
27848  -17.695  -60.010  -20.897 0.0000000000
29076  -19.107  -60.061  -19.982 0.0000000000
27817  -18.677  -60.483  -20.033 0.0000000000
27832  -18.399  -60.036  -20.262 0.0000000000
27820  -20.796  -60.330  -20.006 0.0000000000
27819  -20.182  -60.530  -19.862 0.0000000000
27818  -19.418  -60.529  -19.872 0.0000000000
26612  -17.001  -61.088  -21.285 0.0000000000
26626  -16.668  -61.209  -21.806 0.0000000000
27861  -16.591  -60.878  -22.163 0.0000000000
27830  -17.530  -60.716  -20.727 0.0000000000
26594  -17.327  -61.013  -20.876 0.0000000000
26597  -20.919  -61.521  -20.527 0.0000000000
27833  -20.742  -60.887  -20.154 0.0000000000
26596  -20.394  -61.331  -20.056 0.0000000000
27816  -18.249  -60.829  -20.112 0.0000000000
26579  -18.007  -61.220  -20.215 0.0000000000
26595  -17.600  -61.134  -20.553 0.0000000000
26582  -19.840  -61.225  -19.855 0.0000000000
26581  -19.171  -61.249  -19.838 0.0000000000
26580  -18.509  -61.285  -19.945 0.0000000000
26723  -24.438  -61.253  -26.775 0.0000000000
26737  -23.489  -61.347  -27.712 0.0000000000
26738  -24.205  -61.318  -27.570 0.0000000000
25508  -22.822  -62.242  -27.491 0.0000000000
25484  -22.648  -62.279  -26.730 0.0000000000
26736  -23.043  -61.778  -27.873 0.0000000000
25483  -22.397  -62.145  -25.983 0.0000000000
25462  -22.116  -61.940  -25.229 0.0000000000
25452  -21.944  -61.938  -24.323 0.0000000000
25443  -21.892  -61.886  -23.469 0.0000000000
25428  -21.764  -61.972  -22.683 0.0000000000
25410  -21.638  -61.851  -22.058 0.0000000000
26627  -21.620  -61.573  -21.678 0.0000000000
25409  -21.412  -62.111  -21.596 0.0000000000
25388  -21.165  -62.008  -21.004 0.0000000000
25362  -17.223  -61.772  -20.786 0.0000000000
25387  -16.796  -61.781  -21.387 0.0000000000
25366  -20.904  -62.215  -20.669 0.0000000000
25365  -20.422  -62.106  -20.236 0.0000000000
25347  -20.114  -61.678  -19.960 0.0000000000
25363  -17.701  -61.715  -20.354 0.0000000000
25346  -19.721  -62.032  -19.882 0.0000000000
25345  -18.901  -61.978  -19.818 0.0000000000
25344  -18.177  -61.996  -20.007 0.0000000000
24220  -22.678  -62.919  -27.231 0.0000000000
24241  -22.824  -62.855  -27.933 0.0000000000
25527  -22.980  -62.297  -28.124 0.0000000000
24198  -22.586  -62.823  -26.768 0.0000000000
24197  -22.422  -62.925  -26.339 0.0000000000
24182  -22.207  -62.816  -25.561 0.0000000000
24168  -21.993  -62.786  -24.726 0.0000000000
24157  -21.762  -62.786  -23.738 0.0000000000
24146  -21.730  -62.365  -23.175 0.0000000000
24145  -21.499  -62.834  -22.811 0.0000000000
25427  -21.506  -62.309  -22.229 0.0000000000
24131  -21.295  -62.825  -21.977 0.0000000000
24114  -21.044  -62.750  -21.170 0.0000000000
24098  -20.718  -62.635  -20.603 0.0000000000
24097  -20.320  -62.920  -20.340 0.0000000000
25364  -20.097  -62.478  -20.077 0.0000000000
24096  -19.831  -62.836  -19.985 0.0000000000
24095  -17.602  -62.449  -20.307 0.0000000000
24083  -19.258  -62.690  -19.778 0.0000000000
24082  -18.613  -62.633  -19.813 0.0000000000
24081  -18.112  -62.711  -19.969 0.0000000000
22952  -22.650  -63.578  -27.789 0.0000000000
22971  -22.836  -63.396  -28.537 0.0000000000
24262  -22.983  -62.742  -28.452 0.0000000000
22939  -22.532  -63.487  -27.157 0.0000000000
24219  -22.520  -63.180  -26.819 0.0000000000
22938  -22.287  -63.740  -26.656 0.0000000000
22926  -22.162  -63.497  -25.938 0.0000000000
22910  -21.969  -63.607  -25.217 0.0000000000
22895  -21.772  -63.637  -24.330 0.0000000000
22883  -21.651  -63.526  -23.741 0.0000000000
24156  -21.556  -63.338  -23.334 0.0000000000
22882  -21.473  -63.889  -23.444 0.0000000000
22872  -21.363  -63.662  -22.936 0.0000000000
22859  -21.224  -63.496  -22.352 0.0000000000
22844  -21.070  -63.457  -21.708 0.0000000000
22843  -20.795  -63.549  -21.177 0.0000000000
24113  -20.679  -63.123  -20.775 0.0000000000
22829  -20.404  -63.726  -20.650 0.0000000000
22828  -19.965  -63.494  -20.161 0.0000000000
22812  -19.498  -63.366  -19.886 0.0000000000
22811  -18.916  -63.281  -19.776 0.0000000000
22810  -18.387  -63.145  -19.830 0.0000000000
22827  -17.864  -63.318  -20.000 0.0000000000
21744  -22.684  -64.202  -28.880 0.0000000000
21718  -22.665  -63.911  -28.314 0.0000000000
22993  -22.992  -63.577  -29.423 0.0000000000
24283  -23.130  -62.900  -29.013 0.0000000000
21717  -22.396  -64.432  -28.083 0.0000000000
22951  -22.400  -63.992  -27.347 0.0000000000
21699  -22.099  -64.713  -27.077 0.0000000000
21680  -21.901  -64.409  -25.938 0.0000000000
21664  -21.600  -64.463  -24.852 0.0000000000
21652  -21.527  -64.258  -24.209 0.0000000000
22894  -21.579  -63.967  -23.883 0.0000000000
21651  -21.313  -64.475  -23.719 0.0000000000
21645  -21.237  -64.328  -23.079 0.0000000000
21633  -21.177  -64.091  -22.591 0.0000000000
21619  -21.016  -64.125  -22.058 0.0000000000
21605  -20.887  -63.957  -21.562 0.0000000000
21604  -20.621  -64.253  -21.219 0.0000000000
21590  -20.307  -64.403  -20.764 0.0000000000
21589  -19.893  -64.252  -20.281 0.0000000000
21571  -19.669  -63.802  -20.016 0.0000000000
21570  -19.246  -64.053  -19.830 0.0000000000
21569  -18.483  -63.770  -19.741 0.0000000000
20578  -22.508  -64.775  -29.020 0.0000000000
21743  -22.485  -64.649  -28.659 0.0000000000
20599  -22.614  -64.636  -29.496 0.0000000000
21768  -22.813  -64.164  -29.565 0.0000000000
20577  -22.271  -65.140  -28.688 0.0000000000
20555  -22.058  -65.312  -27.904 0.0000000000
20532  -21.940  -65.593  -27.221 0.0000000000
20509  -21.844  -65.561  -26.377 0.0000000000
20494  -21.553  -65.351  -25.399 0.0000000000
20493  -21.294  -65.305  -24.564 0.0000000000
21663  -21.323  -64.725  -24.257 0.0000000000
20477  -21.140  -65.204  -23.867 0.0000000000
20460  -21.046  -64.997  -23.245 0.0000000000
20437  -20.943  -64.816  -22.548 0.0000000000
20413  -20.845  -64.647  -21.991 0.0000000000
21618  -20.830  -64.365  -21.682 0.0000000000
20412  -20.661  -64.790  -21.616 0.0000000000
20390  -20.342  -64.912  -21.134 0.0000000000
20374  -20.092  -64.791  -20.647 0.0000000000
20373  -19.678  -65.026  -20.394 0.0000000000
21588  -19.493  -64.569  -20.082 0.0000000000
20372  -19.059  -64.869  -19.951 0.0000000000
20357  -18.658  -64.343  -19.771 0.0000000000
20598  -22.337  -65.167  -29.413 0.0000000000
20617  -22.456  -64.999  -30.067 0.0000000000
20618  -22.746  -64.429  -30.059 0.0000000000
19379  -22.108  -65.704  -29.204 0.0000000000
19390  -22.112  -65.752  -30.016 0.0000000000
19363  -22.040  -65.939  -28.547 0.0000000000
19342  -21.970  -66.137  -27.753 0.0000000000
19321  -21.955  -66.278  -26.971 0.0000000000
19297  -21.915  -66.403  -26.317 0.0000000000
19281  -21.744  -66.212  -25.681 0.0000000000
19280  -21.408  -66.207  -24.829 0.0000000000
19267  -21.077  -65.929  -24.068 0.0000000000
19256  -20.791  -65.788  -23.340 0.0000000000
19238  -20.823  -65.353  -22.905 0.0000000000
19237  -20.462  -65.784  -22.497 0.0000000000
20436  -20.664  -65.081  -22.072 0.0000000000
19216  -20.389  -65.336  -21.702 0.0000000000
19187  -20.097  -65.447  -21.250 0.0000000000
20389  -19.992  -65.209  -20.857 0.0000000000
18220  -21.947  -66.644  -30.402 0.0000000000
18209  -22.016  -66.574  -29.356 0.0000000000
19402  -22.067  -65.994  -30.915 0.0000000000
20633  -22.304  -65.306  -30.749 0.0000000000
18197  -22.039  -66.803  -28.358 0.0000000000
18183  -22.032  -66.923  -27.499 0.0000000000
18167  -22.008  -67.083  -26.655 0.0000000000
18149  -21.903  -66.916  -25.919 0.0000000000
18136  -21.700  -66.872  -25.290 0.0000000000
18232  -21.959  -66.681  -31.252 0.0000000000
19415  -22.127  -66.095  -31.582 0.0000000000
20644  -22.252  -65.548  -31.437 0.0000000000
18245  -22.165  -66.589  -31.827 0.0000000000
19428  -22.364  -66.050  -32.081 0.0000000000
20657  -22.289  -65.749  -31.821 0.0000000000
18255  -22.608  -66.647  -32.141 0.0000000000
19429  -23.013  -65.918  -32.387 0.0000000000
20658  -22.602  -65.340  -32.058 0.0000000000
20634  -22.636  -64.692  -30.673 0.0000000000
21797  -22.972  -63.946  -29.988 0.0000000000
21823  -22.952  -64.113  -30.567 0.0000000000
20645  -22.554  -64.955  -31.354 0.0000000000
21841  -22.850  -64.360  -31.217 0.0000000000
21854  -22.862  -64.554  -31.901 0.0000000000
20664  -23.133  -65.286  -32.531 0.0000000000
21862  -22.969  -64.820  -32.410 0.0000000000
23017  -23.313  -63.417  -30.337 0.0000000000
23043  -23.160  -63.810  -31.121 0.0000000000
23072  -23.076  -64.098  -31.623 0.0000000000
23091  -23.206  -64.110  -32.044 0.0000000000
21855  -23.184  -64.380  -32.357 0.0000000000
21863  -23.523  -64.683  -32.664 0.0000000000
23092  -23.610  -63.864  -32.450 0.0000000000
24308  -23.323  -63.016  -29.657 0.0000000000
23044  -23.546  -63.280  -31.165 0.0000000000
23018  -23.652  -62.987  -30.676 0.0000000000
24309  -23.827  -62.558  -30.103 0.0000000000
24337  -23.961  -62.727  -31.068 0.0000000000
23073  -23.391  -63.697  -31.751 0.0000000000
24361  -23.873  -63.094  -31.973 0.0000000000
23102  -24.007  -64.196  -32.859 0.0000000000
24372  -24.038  -63.389  -32.533 0.0000000000
23093  -24.131  -63.634  -32.826 0.0000000000
23103  -24.646  -63.895  -32.978 0.0000000000
24373  -24.606  -63.019  -32.697 0.0000000000
25546  -23.279  -62.300  -28.663 0.0000000000
25565  -23.378  -62.520  -29.074 0.0000000000
24284  -23.462  -62.649  -29.412 0.0000000000
25566  -23.673  -62.223  -29.246 0.0000000000
25592  -23.990  -62.141  -29.676 0.0000000000
24338  -24.341  -62.273  -30.735 0.0000000000
24310  -24.255  -62.189  -30.276 0.0000000000
25593  -24.282  -62.019  -29.880 0.0000000000
25617  -24.583  -61.947  -30.357 0.0000000000
24362  -24.674  -62.327  -31.647 0.0000000000
25640  -24.802  -61.977  -30.896 0.0000000000
24374  -25.544  -62.232  -32.397 0.0000000000
24363  -25.307  -62.041  -31.790 0.0000000000
25641  -25.342  -61.820  -31.231 0.0000000000
25652  -25.708  -61.880  -31.778 0.0000000000
24383  -25.020  -63.386  -33.032 0.0000000000
24384  -25.515  -63.009  -32.949 0.0000000000
24385  -26.413  -62.515  -32.887 0.0000000000
24375  -26.208  -62.089  -32.528 0.0000000000
25653  -26.298  -61.817  -32.053 0.0000000000
23104  -25.371  -63.696  -32.985 0.0000000000
23105  -26.170  -63.457  -32.925 0.0000000000
26752  -23.151  -62.001  -28.277 0.0000000000
25547  -23.554  -62.012  -28.783 0.0000000000
26753  -23.432  -61.756  -28.386 0.0000000000
26774  -23.827  -61.803  -28.856 0.0000000000
25567  -24.098  -61.922  -29.350 0.0000000000
26775  -24.349  -61.719  -28.916 0.0000000000
25568  -24.486  -61.822  -29.443 0.0000000000
25594  -24.769  -61.754  -29.856 0.0000000000
26776  -24.922  -61.736  -29.202 0.0000000000
26796  -25.265  -61.623  -29.781 0.0000000000
25618  -25.137  -61.661  -30.431 0.0000000000
26810  -25.578  -61.505  -30.139 0.0000000000
25619  -25.784  -61.525  -30.627 0.0000000000
25642  -26.092  -61.635  -31.282 0.0000000000
26724  -25.129  -61.575  -26.648 0.0000000000
26739  -24.850  -61.571  -27.409 0.0000000000
26754  -23.996  -61.461  -28.334 0.0000000000
26755  -24.786  -61.700  -28.282 0.0000000000
17065  -22.202  -67.442  -31.749 0.0000000000
17051  -21.841  -67.362  -30.871 0.0000000000
