#!ascii label  , from subject  vox2ras=TkReg
772
26219  20.298  -56.617  -19.953 0.0000000000
26208  20.382  -56.687  -19.166 0.0000000000
24849  19.876  -57.192  -19.506 0.0000000000
24859  20.018  -57.317  -20.325 0.0000000000
26229  20.385  -56.654  -20.797 0.0000000000
26218  20.891  -56.202  -20.381 0.0000000000
26207  20.918  -56.302  -19.572 0.0000000000
24873  20.306  -57.351  -21.157 0.0000000000
26246  20.652  -56.783  -21.569 0.0000000000
26228  20.982  -56.221  -21.181 0.0000000000
24891  20.654  -57.370  -21.724 0.0000000000
24890  21.154  -57.147  -22.111 0.0000000000
26245  21.264  -56.430  -21.850 0.0000000000
26267  21.674  -56.719  -22.287 0.0000000000
27644  21.560  -55.866  -21.547 0.0000000000
26244  21.853  -56.155  -22.088 0.0000000000
26266  22.105  -56.417  -22.628 0.0000000000
27643  22.114  -55.667  -21.854 0.0000000000
27664  22.354  -55.889  -22.410 0.0000000000
27631  21.463  -55.759  -20.795 0.0000000000
27620  21.437  -55.844  -19.988 0.0000000000
26196  20.400  -56.769  -18.554 0.0000000000
24838  19.972  -57.112  -18.782 0.0000000000
26195  21.003  -56.411  -18.707 0.0000000000
27608  21.455  -56.016  -19.249 0.0000000000
26178  20.580  -56.667  -18.116 0.0000000000
24819  20.075  -57.058  -18.036 0.0000000000
26194  21.621  -56.262  -18.354 0.0000000000
26177  21.071  -56.420  -17.900 0.0000000000
27595  21.534  -56.163  -18.802 0.0000000000
26176  21.695  -56.217  -17.660 0.0000000000
27582  22.227  -56.054  -18.148 0.0000000000
27594  22.022  -55.921  -18.909 0.0000000000
26152  20.343  -56.728  -17.411 0.0000000000
26151  21.160  -56.286  -17.198 0.0000000000
26150  21.727  -56.074  -17.041 0.0000000000
27561  22.262  -55.988  -17.392 0.0000000000
24795  19.770  -57.230  -17.449 0.0000000000
24794  20.074  -57.009  -17.627 0.0000000000
26153  19.966  -56.945  -17.181 0.0000000000
26130  20.662  -56.226  -16.507 0.0000000000
26131  19.759  -56.869  -16.696 0.0000000000
26129  21.424  -56.056  -16.720 0.0000000000
26128  21.732  -55.988  -16.769 0.0000000000
27534  22.024  -55.794  -16.583 0.0000000000
24774  19.228  -57.294  -16.410 0.0000000000
24773  19.400  -57.568  -16.855 0.0000000000
26132  19.390  -56.984  -16.326 0.0000000000
26108  20.049  -56.254  -16.122 0.0000000000
26109  19.118  -56.763  -15.945 0.0000000000
26107  20.465  -56.113  -16.145 0.0000000000
27507  20.641  -55.803  -15.879 0.0000000000
27536  20.842  -55.989  -16.206 0.0000000000
27535  21.194  -55.899  -16.286 0.0000000000
24754  18.258  -57.434  -15.768 0.0000000000
24753  18.799  -57.653  -16.085 0.0000000000
26110  18.081  -56.603  -15.547 0.0000000000
27508  19.642  -55.804  -15.594 0.0000000000
27509  18.669  -55.843  -15.389 0.0000000000
23569  20.753  -57.936  -21.469 0.0000000000
23586  20.896  -57.615  -21.942 0.0000000000
23585  21.350  -57.881  -22.090 0.0000000000
23606  21.565  -57.405  -22.470 0.0000000000
24911  21.613  -57.098  -22.383 0.0000000000
23551  20.347  -58.017  -20.656 0.0000000000
23532  20.124  -58.143  -19.642 0.0000000000
24850  19.702  -57.710  -19.046 0.0000000000
24839  19.655  -57.517  -18.411 0.0000000000
24820  19.701  -57.395  -17.958 0.0000000000
23476  19.595  -57.993  -17.183 0.0000000000
23495  19.686  -57.956  -17.902 0.0000000000
23464  19.203  -58.080  -16.319 0.0000000000
23463  19.480  -58.038  -16.739 0.0000000000
23449  18.437  -58.193  -15.731 0.0000000000
23450  17.716  -58.122  -15.557 0.0000000000
24755  17.485  -57.305  -15.583 0.0000000000
23448  18.862  -58.164  -15.931 0.0000000000
23605  22.037  -57.787  -22.660 0.0000000000
24910  21.931  -57.061  -22.801 0.0000000000
23584  22.178  -58.270  -21.802 0.0000000000
23604  22.795  -58.000  -22.431 0.0000000000
23624  22.680  -57.856  -23.267 0.0000000000
23625  22.207  -57.458  -23.228 0.0000000000
23583  23.097  -58.061  -21.615 0.0000000000
23603  23.503  -57.832  -22.173 0.0000000000
23623  23.368  -57.826  -22.881 0.0000000000
23582  23.895  -57.771  -21.532 0.0000000000
24889  23.951  -57.661  -22.009 0.0000000000
24909  23.948  -57.561  -22.468 0.0000000000
23568  21.409  -58.376  -21.426 0.0000000000
23567  21.956  -58.512  -21.121 0.0000000000
23566  22.669  -58.360  -20.822 0.0000000000
23565  23.561  -58.007  -20.832 0.0000000000
23564  24.359  -57.766  -20.855 0.0000000000
23581  24.354  -57.650  -21.365 0.0000000000
24888  24.470  -57.466  -21.820 0.0000000000
24872  24.684  -57.577  -21.220 0.0000000000
23550  20.964  -58.419  -20.841 0.0000000000
22343  21.521  -58.606  -20.860 0.0000000000
22342  22.003  -58.604  -20.551 0.0000000000
22341  22.453  -58.576  -20.278 0.0000000000
23549  22.798  -58.488  -20.246 0.0000000000
23548  23.336  -58.394  -20.073 0.0000000000
23547  24.139  -58.107  -20.168 0.0000000000
23546  24.888  -57.996  -20.220 0.0000000000
23563  25.070  -57.668  -20.746 0.0000000000
23545  25.606  -58.032  -20.280 0.0000000000
23562  25.747  -57.591  -20.761 0.0000000000
24871  25.164  -57.371  -21.292 0.0000000000
23544  26.325  -58.117  -20.452 0.0000000000
23561  26.435  -57.630  -20.875 0.0000000000
24870  25.840  -57.196  -21.285 0.0000000000
23543  26.966  -58.174  -20.672 0.0000000000
23560  27.132  -57.693  -20.971 0.0000000000
24869  26.533  -57.167  -21.287 0.0000000000
22339  27.551  -58.587  -21.001 0.0000000000
23559  27.848  -57.760  -21.297 0.0000000000
24868  27.184  -57.135  -21.312 0.0000000000
22338  27.934  -58.347  -21.290 0.0000000000
22355  28.251  -58.681  -21.714 0.0000000000
23580  28.558  -57.760  -21.837 0.0000000000
24867  27.599  -57.103  -21.432 0.0000000000
24883  28.018  -56.923  -21.657 0.0000000000
22326  20.674  -58.460  -20.230 0.0000000000
22325  21.351  -58.661  -20.231 0.0000000000
22323  22.729  -58.665  -19.804 0.0000000000
22322  23.252  -58.683  -19.583 0.0000000000
23531  23.563  -58.596  -19.608 0.0000000000
23530  23.987  -58.503  -19.586 0.0000000000
23529  24.742  -58.398  -19.625 0.0000000000
22321  25.381  -58.400  -19.869 0.0000000000
22320  26.085  -58.846  -20.067 0.0000000000
22319  26.898  -58.720  -20.551 0.0000000000
22318  27.180  -58.489  -20.685 0.0000000000
23514  20.121  -58.368  -19.003 0.0000000000
22285  20.666  -58.729  -18.935 0.0000000000
22306  20.828  -58.642  -19.705 0.0000000000
23533  19.903  -58.120  -19.087 0.0000000000
22302  23.646  -58.874  -19.203 0.0000000000
22301  24.502  -59.119  -19.183 0.0000000000
22300  25.371  -59.072  -19.581 0.0000000000
22286  20.179  -58.516  -18.695 0.0000000000
23515  19.847  -58.157  -18.626 0.0000000000
22249  19.993  -58.522  -17.392 0.0000000000
22266  20.221  -58.609  -18.181 0.0000000000
22235  19.715  -58.529  -16.581 0.0000000000
22222  18.990  -58.750  -15.634 0.0000000000
22236  19.392  -58.543  -16.091 0.0000000000
21176  27.976  -59.562  -21.852 0.0000000000
21175  28.390  -59.490  -22.421 0.0000000000
22356  27.864  -59.113  -21.443 0.0000000000
22373  28.719  -58.932  -22.570 0.0000000000
22354  28.793  -58.365  -22.245 0.0000000000
22372  29.050  -58.483  -22.843 0.0000000000
23579  29.119  -57.852  -22.468 0.0000000000
22324  22.043  -58.704  -19.933 0.0000000000
22340  27.223  -59.262  -20.819 0.0000000000
21156  27.559  -59.572  -21.303 0.0000000000
22305  21.465  -58.803  -19.446 0.0000000000
22304  22.231  -58.901  -19.281 0.0000000000
22303  22.946  -58.909  -19.206 0.0000000000
22299  25.847  -59.342  -19.817 0.0000000000
21137  26.161  -59.701  -20.055 0.0000000000
21136  26.733  -59.566  -20.502 0.0000000000
22284  21.637  -59.167  -18.604 0.0000000000
22283  22.530  -59.256  -18.722 0.0000000000
22282  23.261  -59.326  -18.768 0.0000000000
22281  23.952  -59.435  -18.844 0.0000000000
22280  24.347  -59.552  -18.941 0.0000000000
21122  24.618  -59.724  -19.015 0.0000000000
21121  25.098  -59.825  -19.301 0.0000000000
21120  25.667  -59.781  -19.719 0.0000000000
22265  20.937  -59.084  -18.096 0.0000000000
22264  21.387  -59.307  -18.088 0.0000000000
21109  21.707  -59.456  -17.980 0.0000000000
21108  22.209  -59.580  -18.153 0.0000000000
21107  22.879  -59.670  -18.284 0.0000000000
21106  23.587  -59.927  -18.389 0.0000000000
21105  24.293  -60.005  -18.753 0.0000000000
22248  20.544  -58.948  -17.557 0.0000000000
21092  20.917  -59.179  -17.610 0.0000000000
21091  21.310  -59.403  -17.611 0.0000000000
22234  20.374  -58.953  -16.867 0.0000000000
21073  20.877  -59.280  -17.167 0.0000000000
22221  19.642  -58.844  -15.845 0.0000000000
22220  20.235  -59.084  -16.078 0.0000000000
21058  20.815  -59.456  -16.432 0.0000000000
21037  19.903  -59.352  -15.454 0.0000000000
21038  19.458  -59.108  -15.455 0.0000000000
21036  20.637  -59.811  -15.515 0.0000000000
20060  27.552  -60.373  -21.955 0.0000000000
20059  28.064  -60.042  -22.389 0.0000000000
20076  28.262  -60.028  -23.055 0.0000000000
21197  28.665  -59.468  -23.145 0.0000000000
21157  27.152  -59.799  -20.967 0.0000000000
20046  27.282  -60.156  -21.325 0.0000000000
20035  25.948  -60.467  -20.095 0.0000000000
20034  26.471  -60.182  -20.402 0.0000000000
20047  26.859  -60.381  -20.980 0.0000000000
21104  24.760  -60.232  -19.039 0.0000000000
20023  25.043  -60.660  -19.324 0.0000000000
20022  25.456  -60.296  -19.636 0.0000000000
21090  21.980  -59.862  -17.429 0.0000000000
21089  22.563  -60.008  -17.806 0.0000000000
21088  23.079  -60.127  -17.970 0.0000000000
19999  23.458  -60.606  -17.987 0.0000000000
20015  24.018  -60.623  -18.439 0.0000000000
20014  24.587  -60.715  -18.913 0.0000000000
20013  24.800  -60.528  -19.088 0.0000000000
21072  21.363  -59.678  -16.891 0.0000000000
21071  21.804  -60.153  -16.628 0.0000000000
19980  22.395  -60.569  -16.967 0.0000000000
20001  22.437  -60.248  -17.432 0.0000000000
20000  22.858  -60.587  -17.487 0.0000000000
21057  21.345  -60.038  -16.098 0.0000000000
21056  21.686  -60.294  -16.242 0.0000000000
19959  21.962  -60.669  -16.198 0.0000000000
19960  21.635  -60.387  -16.021 0.0000000000
20077  27.793  -60.503  -22.817 0.0000000000
20096  27.979  -60.553  -23.674 0.0000000000
20095  28.505  -59.959  -23.924 0.0000000000
18962  27.041  -61.025  -21.957 0.0000000000
18961  27.358  -60.785  -22.122 0.0000000000
20061  27.147  -60.562  -21.517 0.0000000000
18971  27.417  -60.896  -22.483 0.0000000000
18951  26.529  -61.148  -21.263 0.0000000000
18950  26.912  -60.796  -21.418 0.0000000000
20048  26.394  -60.674  -20.650 0.0000000000
18941  25.666  -61.135  -20.156 0.0000000000
18940  26.063  -61.111  -20.606 0.0000000000
20036  25.495  -60.760  -19.778 0.0000000000
18929  24.952  -61.334  -19.410 0.0000000000
18928  25.287  -61.214  -19.764 0.0000000000
20024  24.799  -61.039  -19.167 0.0000000000
18909  23.794  -61.363  -18.162 0.0000000000
18919  24.243  -61.225  -18.639 0.0000000000
18918  24.591  -61.455  -19.049 0.0000000000
19979  22.723  -60.813  -17.141 0.0000000000
18886  22.838  -61.377  -17.049 0.0000000000
18910  23.293  -61.166  -17.653 0.0000000000
18887  22.392  -61.119  -16.515 0.0000000000
18972  27.010  -61.327  -22.782 0.0000000000
18987  27.422  -61.056  -23.357 0.0000000000
18963  26.596  -61.447  -21.833 0.0000000000
17853  26.617  -61.648  -22.347 0.0000000000
17843  25.987  -61.638  -21.026 0.0000000000
17854  26.142  -61.893  -21.791 0.0000000000
17833  25.384  -61.688  -20.223 0.0000000000
17832  25.755  -61.519  -20.538 0.0000000000
17820  24.763  -61.925  -19.509 0.0000000000
17819  25.107  -61.673  -19.775 0.0000000000
17807  24.193  -61.994  -18.686 0.0000000000
17806  24.502  -61.941  -19.130 0.0000000000
17797  23.430  -61.981  -17.695 0.0000000000
17796  23.813  -62.004  -18.180 0.0000000000
16793  25.498  -62.490  -21.823 0.0000000000
16792  25.871  -62.277  -22.184 0.0000000000
17855  25.710  -62.077  -21.286 0.0000000000
17870  26.112  -62.156  -22.662 0.0000000000
17869  26.595  -61.803  -23.115 0.0000000000
17844  25.572  -61.923  -20.768 0.0000000000
17834  24.999  -62.110  -20.089 0.0000000000
16758  25.206  -62.139  -20.555 0.0000000000
16724  24.439  -62.376  -19.313 0.0000000000
16741  24.618  -62.489  -19.923 0.0000000000
16709  23.787  -62.681  -18.251 0.0000000000
16725  24.131  -62.862  -18.993 0.0000000000
16775  25.285  -62.327  -21.070 0.0000000000
16776  24.976  -62.718  -21.340 0.0000000000
16794  24.839  -62.952  -21.966 0.0000000000
16812  25.705  -62.513  -22.471 0.0000000000
16813  25.247  -62.814  -22.582 0.0000000000
16759  24.797  -62.615  -20.637 0.0000000000
15829  24.434  -63.120  -21.226 0.0000000000
16760  24.427  -62.907  -20.277 0.0000000000
15814  24.411  -63.014  -20.650 0.0000000000
16742  24.293  -62.966  -19.728 0.0000000000
15785  23.777  -63.398  -18.713 0.0000000000
15799  23.861  -63.550  -19.482 0.0000000000
16710  23.337  -62.978  -17.551 0.0000000000
15771  23.578  -63.486  -18.153 0.0000000000
15815  24.060  -63.437  -20.450 0.0000000000
15830  23.752  -63.692  -21.446 0.0000000000
15845  24.249  -63.381  -22.099 0.0000000000
14809  23.556  -64.004  -20.072 0.0000000000
14824  23.514  -63.970  -20.742 0.0000000000
14776  23.569  -63.937  -18.955 0.0000000000
14790  23.508  -64.100  -19.504 0.0000000000
14762  23.594  -63.779  -18.526 0.0000000000
14825  23.131  -64.281  -21.308 0.0000000000
15831  23.328  -64.016  -21.955 0.0000000000
15846  23.680  -63.723  -22.348 0.0000000000
15863  24.109  -63.535  -22.896 0.0000000000
16814  24.655  -63.163  -22.734 0.0000000000
15864  23.587  -63.835  -23.103 0.0000000000
15875  23.966  -63.653  -23.630 0.0000000000
16826  24.474  -63.335  -23.486 0.0000000000
15876  23.497  -63.968  -23.825 0.0000000000
15885  23.834  -63.724  -24.382 0.0000000000
16838  24.271  -63.462  -24.103 0.0000000000
16824  25.656  -62.613  -23.144 0.0000000000
16825  25.045  -62.963  -23.384 0.0000000000
17885  26.138  -62.235  -23.597 0.0000000000
16836  25.503  -62.700  -24.186 0.0000000000
16837  24.739  -63.121  -24.180 0.0000000000
17900  26.236  -62.168  -24.602 0.0000000000
16852  24.910  -62.954  -25.084 0.0000000000
16851  25.623  -62.540  -25.294 0.0000000000
16853  24.296  -63.400  -24.834 0.0000000000
17915  26.217  -62.168  -25.579 0.0000000000
16872  25.078  -62.763  -26.078 0.0000000000
16871  25.761  -62.385  -26.189 0.0000000000
16873  24.268  -63.246  -25.887 0.0000000000
15895  23.657  -63.731  -25.310 0.0000000000
17932  26.261  -62.025  -26.307 0.0000000000
16891  25.411  -62.534  -27.023 0.0000000000
16890  25.945  -62.196  -26.727 0.0000000000
16892  24.588  -63.035  -26.863 0.0000000000
15910  23.680  -63.669  -26.141 0.0000000000
15924  23.944  -63.535  -26.755 0.0000000000
17948  26.357  -61.947  -26.924 0.0000000000
17949  26.023  -62.100  -26.966 0.0000000000
17884  26.641  -61.832  -23.881 0.0000000000
18988  26.932  -61.474  -23.438 0.0000000000
17899  26.795  -61.786  -24.501 0.0000000000
19007  27.069  -61.416  -24.051 0.0000000000
17914  26.738  -61.890  -25.182 0.0000000000
19026  27.206  -61.495  -24.818 0.0000000000
17931  26.645  -61.903  -25.862 0.0000000000
19044  27.180  -61.569  -25.732 0.0000000000
17947  26.777  -61.748  -26.464 0.0000000000
19006  27.614  -61.059  -24.281 0.0000000000
20114  28.155  -60.588  -24.634 0.0000000000
19025  27.744  -61.108  -25.185 0.0000000000
20129  28.123  -60.779  -25.219 0.0000000000
19043  27.711  -61.170  -26.008 0.0000000000
19024  28.075  -60.900  -25.615 0.0000000000
19042  28.149  -60.780  -26.187 0.0000000000
19059  27.778  -61.133  -26.695 0.0000000000
19060  27.307  -61.452  -26.554 0.0000000000
21218  28.969  -59.276  -23.789 0.0000000000
20113  28.556  -60.087  -24.729 0.0000000000
21236  28.866  -59.613  -24.462 0.0000000000
20128  28.416  -60.419  -25.456 0.0000000000
21250  28.820  -59.818  -25.169 0.0000000000
20140  28.540  -60.282  -26.272 0.0000000000
21261  28.770  -59.980  -25.780 0.0000000000
19058  28.304  -60.682  -26.952 0.0000000000
20154  28.859  -60.064  -26.849 0.0000000000
21276  28.906  -59.857  -26.252 0.0000000000
22389  28.964  -58.981  -23.169 0.0000000000
21235  29.108  -59.155  -24.304 0.0000000000
21217  29.173  -58.931  -24.011 0.0000000000
22388  29.228  -58.619  -23.574 0.0000000000
21249  29.122  -59.262  -24.877 0.0000000000
21260  29.127  -59.463  -25.699 0.0000000000
21275  29.250  -59.463  -26.559 0.0000000000
23602  29.365  -58.063  -23.107 0.0000000000
24882  28.925  -56.927  -22.107 0.0000000000
24928  23.933  -57.448  -23.249 0.0000000000
23641  23.317  -57.791  -23.531 0.0000000000
23642  22.950  -57.691  -23.910 0.0000000000
24929  22.537  -57.348  -23.734 0.0000000000
24930  22.284  -57.017  -23.376 0.0000000000
24944  23.598  -57.469  -24.120 0.0000000000
24945  22.895  -57.264  -24.457 0.0000000000
24884  27.274  -56.650  -21.635 0.0000000000
24885  26.615  -56.692  -21.706 0.0000000000
24886  25.969  -56.823  -21.747 0.0000000000
24887  25.248  -57.028  -22.025 0.0000000000
26239  28.206  -56.195  -21.934 0.0000000000
26240  27.492  -56.188  -21.891 0.0000000000
26241  26.723  -56.079  -22.209 0.0000000000
26242  26.039  -56.454  -22.222 0.0000000000
26243  25.636  -56.694  -22.160 0.0000000000
24908  24.568  -57.215  -22.615 0.0000000000
24907  25.021  -56.961  -22.574 0.0000000000
26263  25.378  -56.625  -22.712 0.0000000000
26264  24.882  -56.954  -22.912 0.0000000000
24927  24.519  -57.112  -23.208 0.0000000000
26288  22.275  -56.625  -23.153 0.0000000000
26286  24.892  -56.783  -23.399 0.0000000000
24943  24.338  -57.117  -23.816 0.0000000000
26287  22.670  -56.574  -23.839 0.0000000000
26307  24.849  -56.586  -24.187 0.0000000000
24958  24.204  -57.072  -24.634 0.0000000000
24959  23.551  -57.296  -25.005 0.0000000000
26308  22.884  -56.602  -24.738 0.0000000000
24960  23.007  -57.010  -25.299 0.0000000000
26328  24.666  -56.575  -25.080 0.0000000000
24972  24.137  -57.010  -25.477 0.0000000000
24973  23.534  -57.151  -25.835 0.0000000000
26329  22.982  -56.313  -25.442 0.0000000000
24974  23.025  -56.794  -26.062 0.0000000000
26111  17.222  -56.500  -15.479 0.0000000000
27510  17.727  -55.765  -15.361 0.0000000000
24756  16.725  -57.191  -15.609 0.0000000000
26112  16.486  -56.424  -15.679 0.0000000000
27511  16.897  -55.698  -15.552 0.0000000000
27640  27.610  -55.680  -22.164 0.0000000000
27641  27.151  -55.779  -22.180 0.0000000000
26262  26.018  -55.999  -22.914 0.0000000000
26261  26.484  -55.754  -22.698 0.0000000000
27661  26.896  -55.364  -22.750 0.0000000000
27662  26.363  -55.623  -22.980 0.0000000000
26285  25.411  -56.277  -23.516 0.0000000000
26284  25.793  -55.901  -23.462 0.0000000000
27681  26.140  -55.450  -23.619 0.0000000000
26265  22.519  -56.124  -23.069 0.0000000000
27682  25.639  -55.891  -23.797 0.0000000000
26306  25.326  -56.123  -24.104 0.0000000000
27684  22.890  -55.758  -23.601 0.0000000000
27706  23.075  -55.800  -24.605 0.0000000000
27704  25.614  -55.755  -24.297 0.0000000000
26327  25.196  -56.138  -24.715 0.0000000000
27506  21.524  -55.478  -15.898 0.0000000000
28866  21.029  -54.955  -15.462 0.0000000000
28867  20.123  -55.027  -15.332 0.0000000000
28868  19.164  -55.015  -15.295 0.0000000000
28869  18.212  -54.977  -15.362 0.0000000000
28870  17.361  -54.983  -15.567 0.0000000000
27512  16.247  -55.704  -15.955 0.0000000000
28871  16.626  -54.936  -16.004 0.0000000000
26113  15.922  -56.393  -16.035 0.0000000000
27513  15.860  -55.900  -16.283 0.0000000000
28872  16.242  -55.248  -16.238 0.0000000000
27537  16.019  -55.476  -16.364 0.0000000000
27533  22.954  -55.244  -16.372 0.0000000000
27505  22.267  -55.230  -15.970 0.0000000000
27560  22.900  -55.681  -17.116 0.0000000000
27538  15.699  -55.670  -16.745 0.0000000000
28894  16.144  -54.913  -16.725 0.0000000000
27559  23.643  -55.296  -16.950 0.0000000000
27580  23.509  -55.599  -17.629 0.0000000000
27581  22.870  -55.823  -17.899 0.0000000000
27579  24.021  -55.327  -17.401 0.0000000000
27591  23.984  -55.440  -18.018 0.0000000000
27592  23.480  -55.603  -18.456 0.0000000000
27593  22.749  -55.767  -18.681 0.0000000000
28920  24.443  -55.091  -17.803 0.0000000000
28927  24.206  -55.106  -18.774 0.0000000000
28928  23.606  -55.380  -19.012 0.0000000000
27605  23.208  -55.540  -19.098 0.0000000000
27606  22.641  -55.517  -19.563 0.0000000000
27607  21.931  -55.711  -19.607 0.0000000000
28936  23.463  -55.141  -19.671 0.0000000000
28937  22.910  -55.224  -19.982 0.0000000000
27619  22.171  -55.436  -20.366 0.0000000000
27618  22.654  -55.291  -20.124 0.0000000000
28947  22.944  -55.049  -20.571 0.0000000000
28948  22.440  -55.199  -21.037 0.0000000000
27630  22.048  -55.465  -21.247 0.0000000000
28962  22.415  -55.274  -21.383 0.0000000000
27629  22.379  -55.362  -21.643 0.0000000000
27642  22.557  -55.404  -22.124 0.0000000000
27663  22.789  -55.510  -22.836 0.0000000000
29023  23.115  -55.318  -23.336 0.0000000000
27683  23.303  -55.301  -23.928 0.0000000000
28865  21.806  -54.807  -15.633 0.0000000000
30191  21.363  -54.183  -15.490 0.0000000000
30192  20.529  -54.198  -15.353 0.0000000000
30193  19.620  -54.214  -15.352 0.0000000000
30194  18.711  -54.227  -15.480 0.0000000000
30195  17.744  -54.167  -15.821 0.0000000000
30196  17.151  -54.546  -15.899 0.0000000000
28893  16.569  -54.630  -16.430 0.0000000000
30212  16.983  -54.223  -16.414 0.0000000000
30213  16.557  -54.483  -16.646 0.0000000000
28895  15.721  -55.292  -17.063 0.0000000000
28913  15.732  -55.015  -17.470 0.0000000000
28912  16.145  -54.501  -17.550 0.0000000000
30229  16.579  -54.215  -17.083 0.0000000000
27562  15.425  -55.633  -17.398 0.0000000000
28922  15.777  -54.616  -18.190 0.0000000000
28921  16.136  -54.303  -17.968 0.0000000000
30241  16.511  -53.955  -17.901 0.0000000000
27583  15.395  -55.283  -18.006 0.0000000000
28910  24.280  -54.890  -17.016 0.0000000000
28919  24.933  -54.641  -18.164 0.0000000000
28909  24.802  -54.648  -17.480 0.0000000000
30242  16.144  -54.167  -18.260 0.0000000000
27596  15.312  -55.088  -18.713 0.0000000000
28929  15.622  -54.574  -18.906 0.0000000000
30255  15.972  -54.171  -18.751 0.0000000000
28926  25.008  -54.489  -19.083 0.0000000000
28935  24.459  -54.646  -19.853 0.0000000000
28934  24.974  -54.418  -19.637 0.0000000000
30265  25.008  -54.301  -19.974 0.0000000000
28946  23.799  -54.783  -20.519 0.0000000000
28945  24.347  -54.534  -20.624 0.0000000000
30278  24.816  -54.273  -20.473 0.0000000000
28959  24.060  -54.571  -21.030 0.0000000000
30293  24.530  -54.232  -21.165 0.0000000000
28960  23.534  -54.704  -21.298 0.0000000000
28961  22.791  -55.036  -21.576 0.0000000000
30294  24.042  -54.425  -21.453 0.0000000000
28974  23.404  -54.720  -22.061 0.0000000000
30310  23.824  -54.465  -21.838 0.0000000000
28975  22.989  -55.051  -22.396 0.0000000000
28997  23.475  -54.757  -22.771 0.0000000000
30332  23.921  -54.357  -22.451 0.0000000000
28998  23.152  -55.106  -22.946 0.0000000000
29022  23.448  -54.929  -23.407 0.0000000000
30355  23.944  -54.306  -23.378 0.0000000000
29045  23.664  -54.732  -24.126 0.0000000000
30190  22.076  -54.160  -15.654 0.0000000000
31576  21.697  -53.565  -15.738 0.0000000000
31577  20.908  -53.498  -15.677 0.0000000000
31578  20.043  -53.476  -15.662 0.0000000000
31579  19.175  -53.542  -15.745 0.0000000000
31580  18.454  -53.669  -15.917 0.0000000000
30211  17.493  -53.832  -16.339 0.0000000000
31604  17.974  -53.458  -16.475 0.0000000000
31605  17.344  -53.586  -16.771 0.0000000000
30228  16.996  -53.848  -17.004 0.0000000000
31624  17.210  -53.495  -17.327 0.0000000000
30240  16.897  -53.761  -17.475 0.0000000000
31640  17.180  -53.282  -18.084 0.0000000000
31641  16.676  -53.610  -18.313 0.0000000000
30254  16.388  -53.854  -18.529 0.0000000000
31656  16.702  -53.424  -18.777 0.0000000000
30266  16.303  -53.768  -19.179 0.0000000000
30267  15.799  -54.223  -19.501 0.0000000000
30264  25.348  -54.130  -19.598 0.0000000000
30277  25.378  -53.947  -20.261 0.0000000000
31670  16.671  -53.235  -19.547 0.0000000000
30279  16.286  -53.694  -19.976 0.0000000000
30276  25.761  -53.760  -19.799 0.0000000000
31681  25.899  -53.360  -20.331 0.0000000000
31682  25.509  -53.690  -20.659 0.0000000000
30292  25.142  -53.904  -20.905 0.0000000000
31701  25.569  -53.481  -21.107 0.0000000000
30308  25.050  -53.765  -21.738 0.0000000000
30309  24.321  -54.162  -21.901 0.0000000000
31713  25.663  -53.030  -21.868 0.0000000000
30331  24.635  -53.715  -22.730 0.0000000000
30330  25.177  -53.368  -22.307 0.0000000000
31723  25.292  -52.857  -22.826 0.0000000000
31724  24.861  -53.153  -23.399 0.0000000000
30354  24.440  -53.566  -23.763 0.0000000000
30374  24.072  -54.051  -24.395 0.0000000000
31575  22.375  -53.673  -15.802 0.0000000000
31599  22.102  -53.099  -16.012 0.0000000000
31600  21.297  -52.973  -16.140 0.0000000000
31601  20.463  -52.954  -16.229 0.0000000000
31602  19.593  -52.980  -16.351 0.0000000000
31603  18.782  -53.217  -16.388 0.0000000000
31598  22.966  -53.474  -15.896 0.0000000000
32955  22.528  -52.533  -16.065 0.0000000000
32956  21.734  -52.410  -16.337 0.0000000000
32957  20.878  -52.292  -16.736 0.0000000000
32958  20.060  -52.514  -16.812 0.0000000000
32959  19.578  -52.614  -16.888 0.0000000000
31621  19.105  -52.759  -16.932 0.0000000000
31622  18.436  -53.015  -17.032 0.0000000000
31623  17.758  -53.147  -17.374 0.0000000000
32972  19.557  -52.207  -17.466 0.0000000000
32973  18.714  -52.574  -17.518 0.0000000000
32974  18.250  -52.849  -17.483 0.0000000000
31639  17.674  -53.002  -17.906 0.0000000000
32984  18.096  -52.650  -18.013 0.0000000000
32985  17.652  -52.907  -18.154 0.0000000000
31655  17.139  -52.925  -19.065 0.0000000000
32994  17.648  -52.676  -18.613 0.0000000000
31669  17.027  -52.687  -19.873 0.0000000000
33002  17.580  -52.201  -19.494 0.0000000000
31684  16.679  -52.980  -20.435 0.0000000000
31683  16.951  -52.598  -20.319 0.0000000000
33012  17.118  -52.151  -20.367 0.0000000000
31668  26.147  -53.272  -19.386 0.0000000000
33000  26.212  -52.959  -19.927 0.0000000000
33011  26.273  -52.564  -20.326 0.0000000000
31700  25.974  -52.934  -21.055 0.0000000000
33013  16.899  -52.524  -20.561 0.0000000000
33026  26.163  -52.325  -21.119 0.0000000000
31712  25.979  -52.662  -21.479 0.0000000000
33043  25.983  -52.284  -21.809 0.0000000000
33044  25.720  -52.473  -22.345 0.0000000000
32954  23.385  -52.600  -15.903 0.0000000000
34213  22.856  -51.793  -15.869 0.0000000000
34214  22.111  -51.845  -16.156 0.0000000000
34215  21.392  -51.677  -16.464 0.0000000000
32971  20.315  -52.062  -17.223 0.0000000000
32970  20.632  -51.848  -17.047 0.0000000000
34222  20.817  -51.537  -16.827 0.0000000000
34223  20.400  -51.479  -17.207 0.0000000000
34224  20.055  -51.718  -17.502 0.0000000000
32983  18.869  -52.005  -18.213 0.0000000000
32982  19.366  -51.768  -17.928 0.0000000000
34232  19.720  -51.466  -17.773 0.0000000000
34233  19.261  -51.364  -18.184 0.0000000000
32993  18.224  -52.052  -18.871 0.0000000000
32992  18.613  -51.751  -18.698 0.0000000000
34241  18.790  -51.342  -18.679 0.0000000000
34242  18.489  -51.560  -18.965 0.0000000000
33001  18.080  -52.054  -19.201 0.0000000000
34256  18.190  -51.410  -19.372 0.0000000000
32999  26.424  -52.583  -19.636 0.0000000000
34257  17.856  -51.651  -19.646 0.0000000000
34270  17.511  -51.499  -20.084 0.0000000000
33010  26.379  -52.415  -19.959 0.0000000000
34267  26.464  -52.103  -19.918 0.0000000000
34268  26.290  -51.709  -20.553 0.0000000000
33028  16.789  -52.323  -21.079 0.0000000000
33027  16.981  -51.858  -20.829 0.0000000000
34281  17.086  -51.466  -20.606 0.0000000000
34280  26.121  -51.711  -21.384 0.0000000000
34282  16.762  -51.470  -21.145 0.0000000000
34212  23.746  -51.903  -15.776 0.0000000000
34203  23.359  -51.317  -15.615 0.0000000000
35457  22.545  -50.907  -15.520 0.0000000000
35465  22.322  -51.455  -15.891 0.0000000000
35466  21.781  -51.251  -15.978 0.0000000000
35467  20.864  -50.835  -16.325 0.0000000000
35474  20.547  -51.160  -16.883 0.0000000000
35475  20.070  -50.814  -17.089 0.0000000000
34231  20.080  -51.291  -17.493 0.0000000000
35484  19.873  -51.072  -17.570 0.0000000000
35485  19.473  -50.810  -17.722 0.0000000000
35486  18.887  -50.799  -18.288 0.0000000000
35497  18.360  -50.728  -18.870 0.0000000000
34255  18.501  -51.191  -19.096 0.0000000000
35512  18.249  -50.982  -19.253 0.0000000000
35513  17.795  -50.680  -19.506 0.0000000000
34269  17.884  -51.231  -19.807 0.0000000000
34253  26.576  -51.983  -19.281 0.0000000000
34254  26.287  -51.363  -19.638 0.0000000000
35524  25.980  -50.928  -20.280 0.0000000000
35539  25.996  -51.086  -21.064 0.0000000000
35526  17.512  -50.796  -20.141 0.0000000000
35527  17.064  -50.752  -20.251 0.0000000000
35541  16.849  -51.098  -20.764 0.0000000000
35456  23.587  -50.631  -15.432 0.0000000000
36733  22.980  -49.697  -15.134 0.0000000000
35458  21.573  -50.626  -15.657 0.0000000000
36734  22.030  -50.109  -15.223 0.0000000000
35459  21.117  -50.436  -15.790 0.0000000000
36735  21.276  -49.956  -15.420 0.0000000000
36749  20.828  -50.235  -15.842 0.0000000000
35468  20.280  -50.518  -16.543 0.0000000000
36750  20.294  -50.043  -16.143 0.0000000000
36757  19.958  -50.307  -16.648 0.0000000000
35476  19.597  -50.542  -17.325 0.0000000000
36758  19.554  -50.196  -17.024 0.0000000000
36771  19.312  -50.315  -17.460 0.0000000000
36772  18.876  -50.241  -17.850 0.0000000000
36789  18.519  -50.337  -18.370 0.0000000000
35498  17.989  -50.429  -19.023 0.0000000000
36790  18.046  -50.151  -18.634 0.0000000000
36804  17.731  -50.194  -19.041 0.0000000000
35514  17.280  -50.379  -19.755 0.0000000000
36805  17.245  -50.026  -19.295 0.0000000000
36818  16.929  -50.180  -19.829 0.0000000000
35510  25.886  -50.671  -19.614 0.0000000000
35525  25.601  -50.377  -20.019 0.0000000000
35540  25.573  -50.500  -20.759 0.0000000000
35511  25.647  -50.296  -19.593 0.0000000000
36802  25.281  -49.975  -19.542 0.0000000000
36816  25.102  -50.019  -20.306 0.0000000000
35542  16.418  -50.759  -20.955 0.0000000000
35528  16.558  -50.492  -20.522 0.0000000000
36819  16.426  -50.170  -20.165 0.0000000000
36833  16.266  -50.343  -20.624 0.0000000000
36751  19.706  -49.851  -16.510 0.0000000000
36752  19.257  -49.677  -16.803 0.0000000000
36759  18.977  -49.846  -17.277 0.0000000000
36760  18.579  -49.771  -17.638 0.0000000000
36773  18.278  -49.902  -18.062 0.0000000000
38034  18.068  -49.483  -17.526 0.0000000000
38053  17.909  -49.688  -17.989 0.0000000000
36774  17.832  -49.825  -18.278 0.0000000000
36791  17.460  -49.864  -18.607 0.0000000000
38054  17.432  -49.615  -18.032 0.0000000000
38065  17.153  -49.739  -18.328 0.0000000000
36792  16.718  -49.756  -18.500 0.0000000000
36775  16.502  -49.720  -18.068 0.0000000000
36776  16.040  -49.765  -17.865 0.0000000000
36793  15.890  -50.026  -18.768 0.0000000000
38055  16.731  -49.579  -17.845 0.0000000000
38066  16.994  -49.681  -18.162 0.0000000000
36806  16.488  -49.931  -19.401 0.0000000000
36777  15.148  -50.212  -18.114 0.0000000000
36794  15.188  -50.378  -19.071 0.0000000000
36807  15.775  -50.109  -19.644 0.0000000000
35487  14.571  -50.721  -18.604 0.0000000000
35499  14.642  -50.770  -19.380 0.0000000000
36808  15.153  -50.476  -19.917 0.0000000000
36801  25.710  -50.259  -19.174 0.0000000000
36787  25.322  -49.721  -18.788 0.0000000000
36788  24.975  -49.509  -19.201 0.0000000000
36803  24.702  -49.554  -19.756 0.0000000000
36820  15.730  -50.218  -20.443 0.0000000000
36821  15.244  -50.382  -20.403 0.0000000000
35529  15.321  -50.339  -20.738 0.0000000000
35543  15.781  -50.400  -21.045 0.0000000000
36834  16.084  -50.337  -20.831 0.0000000000
36786  25.845  -50.245  -18.483 0.0000000000
35496  26.072  -50.812  -18.987 0.0000000000
36770  25.496  -49.683  -17.983 0.0000000000
38051  24.963  -49.076  -18.300 0.0000000000
38063  24.970  -49.317  -18.843 0.0000000000
36769  25.909  -50.320  -17.709 0.0000000000
35483  26.206  -50.909  -18.224 0.0000000000
36756  25.565  -49.850  -17.208 0.0000000000
38031  25.136  -49.051  -17.401 0.0000000000
36755  25.789  -50.469  -17.005 0.0000000000
35473  26.065  -51.003  -17.429 0.0000000000
36747  25.412  -50.269  -16.463 0.0000000000
38009  25.275  -49.509  -16.795 0.0000000000
36746  25.675  -50.554  -16.697 0.0000000000
35463  25.728  -50.954  -16.682 0.0000000000
38011  19.827  -49.514  -16.061 0.0000000000
38012  19.352  -49.348  -16.342 0.0000000000
36730  25.144  -50.348  -16.102 0.0000000000
35454  25.087  -50.725  -15.994 0.0000000000
35464  25.395  -50.838  -16.310 0.0000000000
36731  24.864  -50.066  -15.930 0.0000000000
36748  25.021  -49.585  -16.351 0.0000000000
34240  26.435  -51.454  -18.791 0.0000000000
34230  26.399  -51.820  -17.992 0.0000000000
34221  25.985  -51.636  -17.095 0.0000000000
34210  25.273  -51.411  -16.188 0.0000000000
34209  25.703  -51.516  -16.626 0.0000000000
34202  24.083  -51.259  -15.638 0.0000000000
35455  24.433  -50.622  -15.656 0.0000000000
36732  24.071  -49.866  -15.493 0.0000000000
34201  24.782  -51.170  -15.805 0.0000000000
34200  25.066  -51.107  -15.963 0.0000000000
34239  26.561  -52.021  -18.631 0.0000000000
32991  26.550  -52.452  -18.999 0.0000000000
34229  26.520  -52.072  -18.340 0.0000000000
32980  26.503  -52.382  -18.423 0.0000000000
32968  26.064  -52.470  -17.330 0.0000000000
32981  26.355  -52.539  -17.955 0.0000000000
32951  25.676  -52.056  -16.661 0.0000000000
32953  24.251  -52.554  -15.978 0.0000000000
34211  24.556  -51.811  -15.873 0.0000000000
32952  25.060  -52.424  -16.296 0.0000000000
31667  26.476  -52.828  -19.219 0.0000000000
31653  26.435  -52.873  -18.807 0.0000000000
31638  26.104  -53.107  -17.861 0.0000000000
31637  26.377  -52.861  -18.302 0.0000000000
32969  25.581  -52.787  -16.795 0.0000000000
31619  25.762  -53.226  -17.295 0.0000000000
31597  23.973  -53.337  -16.007 0.0000000000
31596  24.690  -53.162  -16.350 0.0000000000
31595  25.177  -53.058  -16.600 0.0000000000
31654  26.152  -53.274  -18.543 0.0000000000
30252  25.846  -53.748  -18.813 0.0000000000
30263  25.761  -53.839  -19.338 0.0000000000
30238  25.826  -53.666  -18.108 0.0000000000
30225  25.789  -53.519  -17.651 0.0000000000
30226  25.306  -53.971  -17.410 0.0000000000
31620  25.417  -53.340  -16.929 0.0000000000
31574  22.677  -53.736  -15.829 0.0000000000
30189  22.671  -54.085  -15.816 0.0000000000
30210  23.167  -54.212  -15.970 0.0000000000
30209  23.731  -54.081  -16.096 0.0000000000
30208  24.550  -54.037  -16.565 0.0000000000
30207  25.074  -53.541  -16.720 0.0000000000
30253  25.497  -54.088  -19.058 0.0000000000
30239  25.455  -54.152  -18.437 0.0000000000
30227  24.781  -54.419  -17.090 0.0000000000
28892  22.917  -54.676  -15.983 0.0000000000
28891  23.461  -54.714  -16.249 0.0000000000
28890  24.019  -54.579  -16.442 0.0000000000
28864  22.425  -54.677  -15.783 0.0000000000
27558  24.002  -55.203  -17.108 0.0000000000
28911  23.800  -54.942  -16.615 0.0000000000
27504  22.660  -54.983  -15.999 0.0000000000
27532  23.478  -55.073  -16.533 0.0000000000
27705  23.424  -55.128  -24.566 0.0000000000
