#!ascii label  , from subject  vox2ras=TkReg
600
23676  30.638  -57.760  -26.860 0.0000000000
23690  30.386  -58.182  -27.055 0.0000000000
23689  30.800  -57.933  -27.323 0.0000000000
23677  30.287  -57.955  -26.534 0.0000000000
24986  30.633  -57.557  -26.588 0.0000000000
24985  31.065  -57.112  -26.753 0.0000000000
23666  30.147  -57.817  -25.801 0.0000000000
22428  29.878  -58.440  -26.220 0.0000000000
22441  29.964  -58.636  -26.897 0.0000000000
24971  30.575  -57.389  -26.161 0.0000000000
22456  30.340  -58.659  -27.511 0.0000000000
22455  30.703  -58.357  -27.594 0.0000000000
23702  30.946  -58.155  -27.655 0.0000000000
25000  31.225  -57.421  -27.379 0.0000000000
25013  31.179  -57.778  -27.623 0.0000000000
22470  30.870  -58.666  -27.742 0.0000000000
23701  31.370  -58.078  -27.740 0.0000000000
24957  30.543  -57.043  -25.338 0.0000000000
24970  30.847  -56.859  -25.894 0.0000000000
26339  31.239  -56.582  -26.215 0.0000000000
26351  31.346  -56.695  -26.601 0.0000000000
24999  31.509  -56.969  -27.231 0.0000000000
24984  31.439  -56.826  -26.943 0.0000000000
26350  31.751  -56.372  -26.798 0.0000000000
26363  31.945  -56.696  -27.609 0.0000000000
25012  31.694  -57.379  -27.737 0.0000000000
23700  32.083  -57.896  -27.808 0.0000000000
25011  32.319  -57.224  -28.035 0.0000000000
26378  32.043  -56.835  -27.984 0.0000000000
26325  30.996  -56.328  -25.312 0.0000000000
26338  31.491  -56.125  -25.869 0.0000000000
24956  30.786  -56.744  -25.518 0.0000000000
26326  30.697  -56.661  -25.145 0.0000000000
26304  30.726  -56.133  -24.529 0.0000000000
26305  30.578  -56.613  -24.781 0.0000000000
27702  31.103  -55.614  -24.618 0.0000000000
27724  31.206  -55.874  -25.060 0.0000000000
26324  31.343  -56.051  -25.477 0.0000000000
27723  31.495  -55.648  -25.288 0.0000000000
26283  30.323  -56.384  -23.881 0.0000000000
24942  30.217  -57.130  -24.478 0.0000000000
26282  30.675  -55.740  -24.058 0.0000000000
26259  29.860  -55.927  -23.061 0.0000000000
24905  29.891  -56.689  -23.212 0.0000000000
24925  29.940  -57.299  -23.716 0.0000000000
27679  30.306  -55.396  -23.459 0.0000000000
27678  30.823  -55.134  -23.915 0.0000000000
26260  29.421  -56.395  -22.634 0.0000000000
27658  29.176  -55.431  -22.532 0.0000000000
27657  29.796  -55.222  -22.914 0.0000000000
23655  30.000  -57.780  -24.958 0.0000000000
23639  29.924  -57.648  -24.196 0.0000000000
23622  29.688  -57.904  -23.734 0.0000000000
23621  29.872  -57.631  -23.874 0.0000000000
24926  29.783  -57.544  -23.461 0.0000000000
24906  29.591  -57.359  -23.002 0.0000000000
24882  28.925  -56.927  -22.107 0.0000000000
23579  29.119  -57.852  -22.468 0.0000000000
23602  29.365  -58.063  -23.107 0.0000000000
22469  31.502  -58.569  -27.617 0.0000000000
22468  31.994  -58.318  -27.407 0.0000000000
23688  32.387  -58.106  -27.203 0.0000000000
23687  32.764  -57.716  -27.607 0.0000000000
23699  32.520  -57.528  -28.046 0.0000000000
22416  29.805  -58.384  -25.515 0.0000000000
23656  29.700  -58.368  -24.903 0.0000000000
23640  29.752  -58.082  -24.434 0.0000000000
22403  29.388  -58.645  -24.386 0.0000000000
22388  29.228  -58.619  -23.574 0.0000000000
21304  30.650  -59.456  -27.744 0.0000000000
21303  31.085  -58.990  -27.735 0.0000000000
22471  30.467  -59.049  -27.824 0.0000000000
21288  31.248  -59.193  -27.467 0.0000000000
22454  31.711  -58.733  -27.127 0.0000000000
22453  32.113  -58.303  -27.085 0.0000000000
21290  29.780  -59.175  -27.327 0.0000000000
21305  30.005  -59.485  -27.675 0.0000000000
21272  31.306  -59.328  -26.831 0.0000000000
22440  31.672  -58.852  -26.602 0.0000000000
22439  31.974  -58.450  -26.787 0.0000000000
22442  29.626  -58.921  -26.531 0.0000000000
21274  29.591  -59.150  -26.913 0.0000000000
22429  29.505  -58.916  -25.972 0.0000000000
22417  29.425  -58.836  -25.233 0.0000000000
21217  29.173  -58.931  -24.011 0.0000000000
21235  29.108  -59.155  -24.304 0.0000000000
21249  29.122  -59.262  -24.877 0.0000000000
20183  29.943  -60.194  -27.712 0.0000000000
20184  29.305  -60.195  -27.677 0.0000000000
21306  29.490  -59.640  -27.507 0.0000000000
20182  30.439  -60.086  -27.516 0.0000000000
21289  30.853  -59.710  -27.271 0.0000000000
21291  29.376  -59.529  -27.126 0.0000000000
20167  30.495  -60.233  -27.034 0.0000000000
21273  30.869  -59.823  -26.730 0.0000000000
21275  29.250  -59.463  -26.559 0.0000000000
20151  30.524  -60.221  -26.337 0.0000000000
21259  31.047  -59.503  -26.005 0.0000000000
21258  31.431  -59.181  -26.386 0.0000000000
19088  29.345  -60.777  -27.740 0.0000000000
19089  28.998  -60.670  -27.753 0.0000000000
20185  28.837  -60.533  -27.662 0.0000000000
20169  29.121  -59.923  -27.308 0.0000000000
20170  28.772  -60.376  -27.419 0.0000000000
19087  29.758  -60.667  -27.682 0.0000000000
20168  30.043  -60.609  -27.370 0.0000000000
20154  28.859  -60.064  -26.849 0.0000000000
19058  28.304  -60.682  -26.952 0.0000000000
19074  28.596  -61.103  -27.555 0.0000000000
20153  29.134  -59.757  -26.982 0.0000000000
19072  29.643  -60.998  -27.560 0.0000000000
19056  29.714  -61.228  -27.083 0.0000000000
20152  30.072  -60.753  -26.691 0.0000000000
19040  29.664  -61.491  -26.255 0.0000000000
20139  30.113  -60.773  -25.890 0.0000000000
20138  30.526  -60.186  -25.536 0.0000000000
19023  29.960  -61.376  -25.393 0.0000000000
20127  30.226  -60.749  -25.112 0.0000000000
19073  29.200  -61.460  -27.400 0.0000000000
17962  28.588  -62.137  -27.400 0.0000000000
17963  27.775  -62.009  -27.598 0.0000000000
19075  27.771  -61.295  -27.272 0.0000000000
17961  29.074  -62.063  -27.123 0.0000000000
19057  29.367  -61.761  -26.856 0.0000000000
17945  29.205  -62.349  -26.653 0.0000000000
19041  29.395  -61.956  -26.473 0.0000000000
17930  29.471  -62.247  -26.120 0.0000000000
17929  29.775  -62.055  -25.572 0.0000000000
17913  30.019  -61.945  -25.027 0.0000000000
19005  30.239  -61.326  -24.660 0.0000000000
16906  27.300  -62.802  -27.674 0.0000000000
16905  27.979  -62.779  -27.480 0.0000000000
17979  27.188  -62.247  -27.829 0.0000000000
17964  27.055  -61.814  -27.271 0.0000000000
16889  28.532  -62.942  -27.122 0.0000000000
17946  28.910  -62.520  -27.056 0.0000000000
16888  28.998  -62.993  -26.707 0.0000000000
16870  29.339  -62.900  -26.211 0.0000000000
16869  29.697  -62.766  -25.679 0.0000000000
16850  30.013  -62.544  -25.125 0.0000000000
15936  27.242  -63.388  -27.371 0.0000000000
15935  27.615  -63.131  -27.433 0.0000000000
16907  26.926  -63.223  -27.616 0.0000000000
16922  26.641  -62.952  -27.788 0.0000000000
16921  26.985  -62.592  -27.843 0.0000000000
15921  27.947  -63.508  -27.060 0.0000000000
15920  28.669  -63.578  -26.722 0.0000000000
15909  29.158  -63.555  -26.315 0.0000000000
15908  29.567  -63.472  -25.875 0.0000000000
15894  30.056  -63.368  -25.273 0.0000000000
15922  27.195  -63.963  -26.900 0.0000000000
15937  26.499  -63.674  -27.454 0.0000000000
14901  27.382  -64.662  -26.502 0.0000000000
14900  27.984  -64.252  -26.665 0.0000000000
14902  26.770  -64.482  -26.752 0.0000000000
15923  26.713  -64.086  -27.032 0.0000000000
14899  28.378  -63.949  -26.692 0.0000000000
14892  28.865  -64.365  -26.238 0.0000000000
14891  29.338  -63.929  -26.039 0.0000000000
14880  29.672  -64.280  -25.693 0.0000000000
13955  26.523  -64.931  -26.474 0.0000000000
13954  26.955  -64.845  -26.485 0.0000000000
14903  26.186  -64.621  -26.846 0.0000000000
14911  26.418  -64.231  -27.068 0.0000000000
13945  27.063  -65.094  -26.044 0.0000000000
14894  27.581  -64.965  -26.190 0.0000000000
14893  28.035  -64.801  -26.276 0.0000000000
13944  27.789  -65.115  -25.844 0.0000000000
13943  28.441  -65.030  -25.886 0.0000000000
13933  29.140  -65.077  -25.493 0.0000000000
14881  29.282  -64.633  -25.856 0.0000000000
13932  30.012  -64.914  -25.061 0.0000000000
14879  30.391  -64.174  -25.049 0.0000000000
13946  26.222  -65.223  -25.988 0.0000000000
13956  25.829  -65.028  -26.508 0.0000000000
13936  26.550  -65.275  -25.372 0.0000000000
13937  25.814  -65.489  -25.434 0.0000000000
13947  25.454  -65.400  -26.013 0.0000000000
13935  27.347  -65.198  -25.298 0.0000000000
13934  28.171  -65.240  -25.289 0.0000000000
12992  25.237  -65.789  -25.516 0.0000000000
12979  25.382  -65.881  -24.896 0.0000000000
13922  26.009  -65.461  -24.775 0.0000000000
13921  26.773  -65.158  -24.642 0.0000000000
13920  27.655  -65.080  -24.587 0.0000000000
13919  28.557  -65.224  -24.596 0.0000000000
13918  29.445  -65.281  -24.514 0.0000000000
13917  30.173  -65.067  -24.306 0.0000000000
13931  30.577  -64.736  -24.674 0.0000000000
12965  25.520  -65.869  -24.215 0.0000000000
13907  26.105  -65.337  -24.013 0.0000000000
13906  26.980  -64.823  -23.710 0.0000000000
13905  28.035  -64.777  -23.974 0.0000000000
13904  28.875  -64.916  -23.918 0.0000000000
13903  29.641  -64.941  -23.808 0.0000000000
13902  30.250  -64.791  -23.759 0.0000000000
13916  30.691  -64.789  -24.106 0.0000000000
12956  25.562  -65.849  -23.476 0.0000000000
13892  26.043  -65.258  -23.144 0.0000000000
13891  26.572  -64.785  -22.726 0.0000000000
14848  27.221  -64.460  -22.887 0.0000000000
14861  27.701  -64.512  -23.387 0.0000000000
14860  28.396  -64.473  -23.407 0.0000000000
14859  29.160  -64.483  -23.388 0.0000000000
14858  29.859  -64.475  -23.400 0.0000000000
12948  25.515  -66.031  -22.603 0.0000000000
13881  26.027  -65.266  -22.248 0.0000000000
13880  26.547  -64.797  -21.966 0.0000000000
14835  26.929  -64.530  -22.324 0.0000000000
12938  25.829  -65.930  -21.637 0.0000000000
13868  26.218  -65.240  -21.492 0.0000000000
13867  26.835  -64.815  -21.272 0.0000000000
14823  27.019  -64.523  -21.813 0.0000000000
13853  26.106  -65.634  -21.188 0.0000000000
13852  26.481  -65.416  -20.890 0.0000000000
12924  26.120  -66.071  -20.895 0.0000000000
12957  25.287  -66.411  -23.123 0.0000000000
12966  25.223  -66.405  -23.715 0.0000000000
12001  25.337  -66.693  -22.546 0.0000000000
11995  25.493  -66.701  -22.007 0.0000000000
12949  25.324  -66.496  -22.783 0.0000000000
11983  25.812  -66.750  -21.243 0.0000000000
11046  25.300  -67.388  -22.517 0.0000000000
12002  25.256  -66.854  -22.874 0.0000000000
11037  25.583  -67.456  -21.674 0.0000000000
11026  25.915  -67.540  -20.943 0.0000000000
11982  26.227  -66.826  -20.514 0.0000000000
10121  25.741  -68.165  -21.394 0.0000000000
10132  25.446  -68.143  -22.074 0.0000000000
10108  26.042  -68.311  -20.767 0.0000000000
11025  26.368  -67.697  -20.285 0.0000000000
9295  25.816  -68.809  -21.213 0.0000000000
9308  25.567  -68.643  -21.700 0.0000000000
11047  25.210  -67.185  -22.981 0.0000000000
12011  25.169  -66.908  -23.290 0.0000000000
13003  25.136  -65.664  -25.862 0.0000000000
13948  25.012  -65.562  -26.111 0.0000000000
13957  24.909  -65.222  -26.685 0.0000000000
14904  25.607  -64.707  -26.933 0.0000000000
14834  27.429  -64.295  -22.220 0.0000000000
14847  27.913  -64.237  -22.828 0.0000000000
14912  25.936  -64.283  -27.262 0.0000000000
14913  25.195  -64.475  -27.368 0.0000000000
15938  25.671  -63.891  -27.700 0.0000000000
15951  25.949  -63.399  -27.853 0.0000000000
15950  26.307  -63.270  -27.776 0.0000000000
15939  24.980  -63.874  -27.742 0.0000000000
15952  25.395  -63.451  -27.969 0.0000000000
16923  26.135  -63.045  -27.890 0.0000000000
16924  25.648  -63.128  -28.127 0.0000000000
15953  24.907  -63.381  -27.907 0.0000000000
16925  25.213  -63.060  -28.023 0.0000000000
15940  24.299  -63.633  -27.519 0.0000000000
16909  24.911  -62.982  -27.601 0.0000000000
16892  24.588  -63.035  -26.863 0.0000000000
16908  25.426  -62.717  -27.781 0.0000000000
16891  25.411  -62.534  -27.023 0.0000000000
17980  26.707  -62.314  -27.880 0.0000000000
17981  26.146  -62.594  -27.951 0.0000000000
17982  25.739  -62.634  -27.940 0.0000000000
17947  26.777  -61.748  -26.464 0.0000000000
17948  26.357  -61.947  -26.924 0.0000000000
17965  26.321  -62.144  -27.504 0.0000000000
19060  27.307  -61.452  -26.554 0.0000000000
19076  27.466  -61.417  -26.990 0.0000000000
17949  26.023  -62.100  -26.966 0.0000000000
17966  25.811  -62.395  -27.596 0.0000000000
19059  27.778  -61.133  -26.695 0.0000000000
21260  29.127  -59.463  -25.699 0.0000000000
26238  28.816  -56.004  -22.194 0.0000000000
28993  29.384  -54.688  -22.811 0.0000000000
28992  29.978  -54.677  -23.125 0.0000000000
27638  28.674  -55.538  -22.289 0.0000000000
27659  28.415  -55.157  -22.436 0.0000000000
28994  28.692  -54.654  -22.678 0.0000000000
27639  28.246  -55.609  -22.194 0.0000000000
27660  27.742  -55.185  -22.472 0.0000000000
28995  27.969  -54.654  -22.766 0.0000000000
27640  27.610  -55.680  -22.164 0.0000000000
27661  26.896  -55.364  -22.750 0.0000000000
28996  27.433  -54.855  -22.882 0.0000000000
29018  30.501  -54.638  -23.504 0.0000000000
29017  30.894  -54.554  -23.837 0.0000000000
29042  31.239  -54.788  -24.279 0.0000000000
27701  31.454  -55.137  -24.718 0.0000000000
30326  29.579  -54.185  -23.058 0.0000000000
30349  30.113  -53.978  -23.366 0.0000000000
30327  28.957  -54.105  -23.042 0.0000000000
30328  28.253  -54.193  -23.098 0.0000000000
30329  27.844  -54.339  -23.116 0.0000000000
29019  27.588  -54.522  -23.145 0.0000000000
29020  27.110  -54.703  -23.448 0.0000000000
30348  30.696  -54.090  -23.670 0.0000000000
30369  31.100  -54.123  -24.015 0.0000000000
30352  27.688  -54.151  -23.606 0.0000000000
27680  26.664  -55.089  -23.396 0.0000000000
29021  26.610  -54.925  -23.828 0.0000000000
30353  27.261  -54.373  -23.864 0.0000000000
29043  26.926  -54.524  -24.241 0.0000000000
27681  26.140  -55.450  -23.619 0.0000000000
29044  26.342  -54.980  -24.489 0.0000000000
30372  27.370  -54.153  -24.190 0.0000000000
29060  26.754  -54.599  -25.142 0.0000000000
30389  27.239  -54.135  -24.804 0.0000000000
27703  25.931  -55.405  -24.488 0.0000000000
27725  26.034  -55.258  -24.968 0.0000000000
29061  26.298  -54.987  -25.198 0.0000000000
29076  26.449  -54.912  -25.815 0.0000000000
29075  26.991  -54.592  -26.025 0.0000000000
30411  27.212  -54.262  -25.464 0.0000000000
27739  26.021  -55.295  -25.594 0.0000000000
29074  27.386  -54.525  -26.534 0.0000000000
29097  27.025  -54.847  -26.819 0.0000000000
30410  27.560  -54.206  -26.035 0.0000000000
29098  26.643  -54.926  -26.398 0.0000000000
27753  26.175  -55.314  -26.538 0.0000000000
27752  26.644  -55.072  -26.804 0.0000000000
27768  26.783  -55.276  -27.436 0.0000000000
29115  27.195  -54.965  -27.336 0.0000000000
29096  27.601  -54.692  -27.152 0.0000000000
29114  27.416  -55.108  -27.814 0.0000000000
30350  29.379  -53.650  -23.364 0.0000000000
30351  28.508  -53.565  -23.704 0.0000000000
31740  30.570  -53.530  -23.715 0.0000000000
31739  30.890  -53.774  -23.861 0.0000000000
31741  29.910  -53.272  -23.701 0.0000000000
31742  29.237  -53.197  -23.865 0.0000000000
30371  27.845  -53.693  -24.500 0.0000000000
30370  28.351  -53.372  -24.352 0.0000000000
31763  28.843  -53.102  -24.501 0.0000000000
31764  28.340  -53.322  -24.811 0.0000000000
30388  27.630  -53.917  -25.338 0.0000000000
31782  28.117  -53.532  -25.375 0.0000000000
31810  27.966  -53.864  -25.879 0.0000000000
30433  27.772  -54.323  -26.652 0.0000000000
30409  28.033  -54.056  -26.389 0.0000000000
30432  28.328  -54.212  -27.118 0.0000000000
31762  29.680  -52.791  -24.384 0.0000000000
31780  29.326  -52.778  -25.194 0.0000000000
31781  28.710  -53.160  -25.395 0.0000000000
31808  29.370  -52.994  -26.176 0.0000000000
31809  28.515  -53.628  -26.301 0.0000000000
31830  28.677  -53.841  -26.929 0.0000000000
31829  29.089  -53.563  -27.052 0.0000000000
30431  28.768  -53.936  -27.191 0.0000000000
29095  28.036  -54.771  -27.697 0.0000000000
30446  28.567  -54.507  -27.989 0.0000000000
30445  28.916  -54.036  -27.599 0.0000000000
27767  27.111  -55.311  -27.778 0.0000000000
27782  27.079  -55.408  -28.015 0.0000000000
29127  27.239  -55.008  -28.599 0.0000000000
29113  28.019  -54.883  -28.340 0.0000000000
29126  27.876  -54.656  -28.788 0.0000000000
30460  28.494  -54.277  -28.694 0.0000000000
27783  26.511  -55.592  -28.251 0.0000000000
27769  25.883  -55.809  -27.426 0.0000000000
27740  25.597  -55.704  -25.982 0.0000000000
27754  25.610  -55.831  -26.786 0.0000000000
26340  25.131  -56.124  -25.525 0.0000000000
27726  25.635  -55.661  -25.081 0.0000000000
26352  25.155  -56.162  -26.364 0.0000000000
26327  25.196  -56.138  -24.715 0.0000000000
27704  25.614  -55.755  -24.297 0.0000000000
26239  28.206  -56.195  -21.934 0.0000000000
26341  24.627  -56.562  -25.914 0.0000000000
26353  24.650  -56.585  -26.723 0.0000000000
26365  25.318  -56.173  -27.240 0.0000000000
24972  24.137  -57.010  -25.477 0.0000000000
26328  24.666  -56.575  -25.080 0.0000000000
24987  24.119  -56.938  -26.277 0.0000000000
24973  23.534  -57.151  -25.835 0.0000000000
24988  23.513  -56.990  -26.662 0.0000000000
25001  24.124  -56.874  -26.934 0.0000000000
24974  23.025  -56.794  -26.062 0.0000000000
24989  23.041  -56.603  -26.691 0.0000000000
25002  23.767  -56.818  -27.311 0.0000000000
26354  23.274  -56.679  -27.197 0.0000000000
26342  22.919  -56.133  -26.257 0.0000000000
26355  22.940  -56.116  -27.124 0.0000000000
26366  24.450  -56.594  -27.552 0.0000000000
26367  23.513  -56.387  -27.879 0.0000000000
26329  22.982  -56.313  -25.442 0.0000000000
27728  23.121  -55.482  -25.660 0.0000000000
27741  22.823  -55.424  -26.556 0.0000000000
27755  22.733  -55.437  -27.355 0.0000000000
26368  23.003  -55.856  -27.751 0.0000000000
27770  25.596  -55.923  -27.153 0.0000000000
26364  25.579  -56.007  -27.456 0.0000000000
26379  25.548  -56.066  -27.690 0.0000000000
26380  25.117  -56.213  -28.009 0.0000000000
26381  24.365  -56.156  -28.350 0.0000000000
26382  23.762  -55.817  -28.386 0.0000000000
27771  23.288  -55.760  -28.168 0.0000000000
27772  22.937  -55.362  -28.000 0.0000000000
27784  25.737  -55.963  -28.299 0.0000000000
27785  25.045  -55.653  -28.592 0.0000000000
27786  24.279  -55.383  -28.593 0.0000000000
27787  23.526  -55.191  -28.364 0.0000000000
27706  23.075  -55.800  -24.605 0.0000000000
27727  23.331  -55.188  -25.086 0.0000000000
29063  23.344  -54.941  -25.505 0.0000000000
29078  23.116  -54.488  -26.123 0.0000000000
29099  22.611  -54.835  -26.935 0.0000000000
29116  22.614  -54.851  -27.696 0.0000000000
27788  23.034  -54.874  -28.150 0.0000000000
29128  26.239  -54.938  -28.754 0.0000000000
27793  26.048  -55.542  -28.699 0.0000000000
27794  25.608  -55.498  -28.749 0.0000000000
27795  25.299  -55.201  -28.799 0.0000000000
29130  24.943  -54.806  -28.600 0.0000000000
29131  24.117  -54.625  -28.427 0.0000000000
29132  23.437  -54.485  -28.271 0.0000000000
29133  22.847  -54.404  -28.087 0.0000000000
29138  25.901  -55.290  -28.839 0.0000000000
29139  25.663  -55.077  -28.834 0.0000000000
29140  25.367  -54.924  -28.741 0.0000000000
29062  23.607  -54.544  -25.105 0.0000000000
29077  23.542  -54.070  -25.638 0.0000000000
30412  23.345  -53.647  -25.923 0.0000000000
30413  22.834  -53.634  -26.326 0.0000000000
29100  22.609  -54.224  -26.784 0.0000000000
29079  22.776  -54.003  -26.505 0.0000000000
30414  22.440  -53.673  -26.701 0.0000000000
29117  22.362  -54.414  -27.283 0.0000000000
30434  22.182  -53.956  -27.046 0.0000000000
29134  22.538  -54.332  -27.713 0.0000000000
30450  22.318  -53.959  -27.517 0.0000000000
30461  27.633  -54.098  -28.670 0.0000000000
30462  26.766  -54.276  -28.544 0.0000000000
29129  25.574  -54.635  -28.653 0.0000000000
30463  25.946  -54.070  -28.387 0.0000000000
30464  25.283  -54.101  -28.398 0.0000000000
30465  24.618  -54.015  -28.325 0.0000000000
30466  23.903  -53.932  -28.192 0.0000000000
30467  23.244  -53.903  -28.089 0.0000000000
30468  22.680  -53.911  -27.888 0.0000000000
30391  23.851  -53.541  -25.287 0.0000000000
31811  23.455  -53.078  -25.789 0.0000000000
31812  22.977  -53.033  -26.073 0.0000000000
31813  22.235  -52.949  -26.432 0.0000000000
31834  21.917  -53.318  -26.967 0.0000000000
31852  21.958  -53.576  -27.386 0.0000000000
30459  29.028  -54.072  -28.230 0.0000000000
31872  22.305  -53.425  -27.729 0.0000000000
30448  27.096  -53.811  -28.259 0.0000000000
30449  26.460  -53.757  -28.151 0.0000000000
31867  25.527  -53.672  -28.230 0.0000000000
31868  25.087  -53.483  -28.159 0.0000000000
31869  24.357  -53.241  -28.059 0.0000000000
31870  23.612  -53.338  -27.993 0.0000000000
31871  23.056  -53.306  -27.970 0.0000000000
31784  23.760  -52.621  -25.497 0.0000000000
31785  23.143  -52.524  -25.898 0.0000000000
31786  22.613  -52.555  -26.124 0.0000000000
33146  22.160  -52.287  -26.170 0.0000000000
31814  21.644  -52.785  -26.752 0.0000000000
33147  21.524  -52.140  -26.366 0.0000000000
31835  21.495  -52.955  -27.084 0.0000000000
33162  21.286  -52.411  -26.948 0.0000000000
31853  21.644  -53.233  -27.321 0.0000000000
33181  21.560  -52.722  -27.456 0.0000000000
31873  21.873  -53.200  -27.524 0.0000000000
31850  24.915  -52.846  -27.933 0.0000000000
31851  24.505  -52.796  -27.945 0.0000000000
33192  24.271  -52.784  -27.922 0.0000000000
33193  23.905  -52.777  -27.909 0.0000000000
33194  23.222  -52.781  -27.929 0.0000000000
33195  22.540  -52.855  -27.817 0.0000000000
33196  22.029  -52.934  -27.670 0.0000000000
33123  22.603  -51.937  -25.938 0.0000000000
33124  21.931  -51.790  -26.018 0.0000000000
34353  21.362  -51.270  -25.917 0.0000000000
34373  21.069  -51.520  -26.289 0.0000000000
34391  21.019  -51.760  -26.704 0.0000000000
34411  21.367  -51.740  -27.336 0.0000000000
33180  22.051  -52.357  -27.635 0.0000000000
33177  24.393  -52.317  -27.771 0.0000000000
33178  23.553  -52.170  -27.771 0.0000000000
33179  22.766  -52.212  -27.750 0.0000000000
34352  22.116  -51.276  -25.704 0.0000000000
35613  21.610  -50.624  -25.382 0.0000000000
34374  20.922  -51.146  -26.088 0.0000000000
34354  20.970  -50.946  -25.907 0.0000000000
35614  21.037  -50.641  -25.637 0.0000000000
35629  20.685  -50.707  -25.977 0.0000000000
34392  20.709  -51.230  -26.402 0.0000000000
34412  20.866  -51.176  -26.874 0.0000000000
35649  20.581  -50.682  -26.603 0.0000000000
34410  22.252  -51.608  -27.525 0.0000000000
35667  21.788  -50.951  -27.354 0.0000000000
35668  21.060  -50.775  -27.169 0.0000000000
35669  20.716  -50.806  -26.963 0.0000000000
35612  22.412  -50.737  -25.306 0.0000000000
35594  22.053  -50.237  -25.010 0.0000000000
36882  21.358  -49.841  -24.906 0.0000000000
36897  21.141  -50.274  -25.318 0.0000000000
36898  20.715  -49.927  -25.455 0.0000000000
36909  20.556  -50.049  -26.212 0.0000000000
36928  20.593  -50.189  -26.732 0.0000000000
36947  20.711  -50.503  -26.977 0.0000000000
35666  22.589  -50.874  -27.313 0.0000000000
35647  22.124  -50.351  -27.123 0.0000000000
35648  21.513  -50.410  -27.156 0.0000000000
36927  21.024  -50.131  -27.000 0.0000000000
36946  20.891  -50.456  -27.120 0.0000000000
36881  22.212  -49.765  -24.545 0.0000000000
38154  21.662  -49.225  -24.274 0.0000000000
36883  20.848  -49.475  -24.994 0.0000000000
38155  20.914  -49.043  -24.525 0.0000000000
38168  20.577  -49.064  -25.164 0.0000000000
38186  20.760  -49.115  -25.983 0.0000000000
38205  20.724  -49.728  -26.574 0.0000000000
36926  21.687  -49.873  -26.946 0.0000000000
38204  21.220  -49.439  -26.642 0.0000000000
38153  22.454  -49.272  -23.916 0.0000000000
38141  21.799  -48.765  -23.692 0.0000000000
38142  21.281  -48.717  -24.012 0.0000000000
39445  20.804  -48.315  -24.056 0.0000000000
39455  20.467  -48.331  -24.719 0.0000000000
39466  20.592  -48.391  -25.407 0.0000000000
39486  20.763  -48.461  -25.787 0.0000000000
38185  21.479  -48.815  -26.308 0.0000000000
39485  21.140  -48.383  -25.938 0.0000000000
38152  22.949  -49.482  -23.871 0.0000000000
36880  23.051  -49.795  -24.252 0.0000000000
38140  22.298  -48.804  -23.144 0.0000000000
38139  23.077  -49.332  -23.405 0.0000000000
36865  23.176  -49.574  -23.849 0.0000000000
38138  23.836  -49.569  -23.290 0.0000000000
36864  23.571  -49.716  -23.810 0.0000000000
38124  22.796  -48.928  -22.564 0.0000000000
38123  23.496  -49.312  -22.712 0.0000000000
38137  24.231  -49.739  -23.177 0.0000000000
36863  24.375  -50.100  -23.664 0.0000000000
38122  24.089  -49.542  -22.781 0.0000000000
36852  24.529  -49.864  -22.894 0.0000000000
38106  23.255  -49.144  -22.002 0.0000000000
38105  23.887  -49.387  -22.169 0.0000000000
36843  24.395  -49.638  -22.338 0.0000000000
38091  23.651  -49.297  -21.556 0.0000000000
36832  24.346  -49.558  -21.565 0.0000000000
35593  22.728  -50.240  -24.886 0.0000000000
36879  23.793  -50.124  -24.228 0.0000000000
35592  23.437  -50.362  -24.724 0.0000000000
36878  24.195  -50.379  -24.191 0.0000000000
35591  23.992  -50.589  -24.519 0.0000000000
35590  24.518  -50.806  -24.223 0.0000000000
36862  24.856  -50.440  -23.515 0.0000000000
35574  24.794  -50.625  -23.769 0.0000000000
36851  24.955  -50.298  -23.088 0.0000000000
35573  25.122  -50.866  -23.404 0.0000000000
36842  24.982  -50.041  -22.217 0.0000000000
35565  25.450  -50.826  -22.621 0.0000000000
36831  25.049  -50.023  -21.190 0.0000000000
35552  25.627  -50.636  -21.680 0.0000000000
36817  24.463  -49.622  -20.590 0.0000000000
38081  23.774  -49.285  -20.853 0.0000000000
36816  25.102  -50.019  -20.306 0.0000000000
35540  25.573  -50.500  -20.759 0.0000000000
35611  23.134  -50.800  -25.166 0.0000000000
34351  22.860  -51.331  -25.545 0.0000000000
35610  23.746  -50.914  -24.937 0.0000000000
34350  23.526  -51.383  -25.301 0.0000000000
35609  24.187  -51.026  -24.685 0.0000000000
34349  24.071  -51.438  -24.998 0.0000000000
34329  24.498  -51.456  -24.589 0.0000000000
35589  24.926  -51.030  -23.875 0.0000000000
34328  24.860  -51.451  -24.144 0.0000000000
34317  25.160  -51.471  -23.678 0.0000000000
34306  25.469  -51.477  -23.117 0.0000000000
35564  25.835  -51.145  -22.126 0.0000000000
34305  25.789  -51.525  -22.538 0.0000000000
35551  25.965  -51.229  -21.663 0.0000000000
34292  25.969  -51.652  -21.990 0.0000000000
35539  25.996  -51.086  -21.064 0.0000000000
34280  26.121  -51.711  -21.384 0.0000000000
34409  23.093  -51.479  -27.561 0.0000000000
33122  23.344  -51.932  -25.667 0.0000000000
33121  23.914  -51.951  -25.308 0.0000000000
33120  24.380  -51.986  -24.914 0.0000000000
33101  24.776  -52.089  -24.362 0.0000000000
33100  25.051  -51.900  -23.923 0.0000000000
33081  25.312  -52.133  -23.438 0.0000000000
33062  25.668  -52.103  -22.817 0.0000000000
33061  25.899  -52.020  -22.331 0.0000000000
33043  25.983  -52.284  -21.809 0.0000000000
31783  24.166  -52.416  -25.132 0.0000000000
31765  24.476  -52.600  -24.720 0.0000000000
33082  25.025  -52.342  -23.887 0.0000000000
31744  24.806  -52.860  -24.084 0.0000000000
31743  25.079  -52.684  -23.541 0.0000000000
31723  25.292  -52.857  -22.826 0.0000000000
33044  25.720  -52.473  -22.345 0.0000000000
30390  24.163  -52.903  -25.077 0.0000000000
30373  24.353  -53.281  -24.581 0.0000000000
31724  24.861  -53.153  -23.399 0.0000000000
30354  24.440  -53.566  -23.763 0.0000000000
30374  24.072  -54.051  -24.395 0.0000000000
29045  23.664  -54.732  -24.126 0.0000000000
27705  23.424  -55.128  -24.566 0.0000000000
